 9217 	 0.04093795072 
 9218 	 0.04157898821 
 9219 	 0.04221702828 
 9220 	 0.04285208509 
 9221 	 0.04348424004 
 9222 	 0.04411352228 
 9223 	 0.04473966601 
 9224 	 0.04536266402 
 9225 	 0.04598277887 
 9226 	 0.04659968386 
 9227 	 0.04721404289 
 9228 	 0.04782511149 
 9229 	 0.04843293192 
 9230 	 0.04903759422 
 9231 	 0.04963914880 
 9232 	 0.05023778678 
 9233 	 0.05083329961 
 9234 	 0.05142568939 
 9235 	 0.05201453176 
 9236 	 0.05260100302 
 9237 	 0.05318409373 
 9238 	 0.05376417913 
 9239 	 0.05434109191 
 9240 	 0.05491488124 
 9241 	 0.05548583116 
 9242 	 0.05605381310 
 9243 	 0.05661866723 
 9244 	 0.05718047590 
 9245 	 0.05773893121 
 9246 	 0.05829598888 
 9247 	 0.05884906086 
 9248 	 0.05939917144 
 9249 	 0.05994630692 
 9250 	 0.06049099004 
 9251 	 0.06103263777 
 9252 	 0.06157133047 
 9253 	 0.06210730049 
 9254 	 0.06264068615 
 9255 	 0.06317107847 
 9256 	 0.06369854388 
 9257 	 0.06422430857 
 9258 	 0.06474654748 
 9259 	 0.06526628293 
 9260 	 0.06578381070 
 9261 	 0.06629849905 
 9262 	 0.06681047689 
 9263 	 0.06731980209 
 9264 	 0.06782658102 
 9265 	 0.06833088027 
 9266 	 0.06883285391 
 9267 	 0.06933228415 
 9268 	 0.06982922004 
 9269 	 0.07032371173 
 9270 	 0.07081570527 
 9271 	 0.07130567273 
 9272 	 0.07179310516 
 9273 	 0.07227829763 
 9274 	 0.07276108214 
 9275 	 0.07324167931 
 9276 	 0.07371974662 
 9277 	 0.07419625358 
 9278 	 0.07467027453 
 9279 	 0.07514152820 
 9280 	 0.07561166915 
 9281 	 0.00000000001 
 9282 	 -0.00000000005 
 9283 	 -0.00000000002 
 9284 	 -0.00000000013 
 9285 	 -0.00000000243 
 9286 	 -0.00000000039 
 9287 	 0.00000000076 
 9288 	 0.00000000722 
 9289 	 0.00000003357 
 9290 	 0.00000017363 
 9291 	 0.00000056395 
 9292 	 0.00000159370 
 9293 	 0.00000378172 
 9294 	 0.00000800773 
 9295 	 0.00001533379 
 9296 	 0.00002716022 
 9297 	 0.00004502230 
 9298 	 0.00007065209 
 9299 	 0.00010590567 
 9300 	 0.00015256844 
 9301 	 0.00021243295 
 9302 	 0.00028726709 
 9303 	 0.00037846882 
 9304 	 0.00048767302 
 9305 	 0.00061581122 
 9306 	 0.00076419236 
 9307 	 0.00093371429 
 9308 	 0.00112471399 
 9309 	 0.00133769504 
 9310 	 0.00157297375 
 9311 	 0.00183068710 
 9312 	 0.00211096453 
 9313 	 0.00241358580 
 9314 	 0.00273810344 
 9315 	 0.00308416931 
 9316 	 0.00345155757 
 9317 	 0.00383935695 
 9318 	 0.00424711189 
 9319 	 0.00467426848 
 9320 	 0.00512019336 
 9321 	 0.00558393943 
 9322 	 0.00606501445 
 9323 	 0.00656268929 
 9324 	 0.00707590580 
 9325 	 0.00760407028 
 9326 	 0.00814637667 
 9327 	 0.00870195918 
 9328 	 0.00927026624 
 9329 	 0.00985040244 
 9330 	 0.01044174707 
 9331 	 0.01104378324 
 9332 	 0.01165538181 
 9333 	 0.01227612399 
 9334 	 0.01290533105 
 9335 	 0.01354232424 
 9336 	 0.01418661482 
 9337 	 0.01483747893 
 9338 	 0.01549454381 
 9339 	 0.01615712438 
 9340 	 0.01682472548 
 9341 	 0.01749668102 
 9342 	 0.01817315212 
 9343 	 0.01885315804 
 9344 	 0.01953625594 
 9345 	 0.02022208710 
 9346 	 0.02091031117 
 9347 	 0.02160053917 
 9348 	 0.02229239776 
 9349 	 0.02298559960 
 9350 	 0.02368011273 
 9351 	 0.02437510471 
 9352 	 0.02507062432 
 9353 	 0.02576644228 
 9354 	 0.02646202474 
 9355 	 0.02715728037 
 9356 	 0.02785197702 
 9357 	 0.02854590616 
 9358 	 0.02923891192 
 9359 	 0.02993070032 
 9360 	 0.03062120709 
 9361 	 0.03131025482 
 9362 	 0.03199751942 
 9363 	 0.03268322827 
 9364 	 0.03336694618 
 9365 	 0.03404846081 
 9366 	 0.03472803454 
 9367 	 0.03540554085 
 9368 	 0.03608048499 
 9369 	 0.03675256876 
 9370 	 0.03742293538 
 9371 	 0.03809032849 
 9372 	 0.03875504469 
 9373 	 0.03941689123 
 9374 	 0.04007585939 
 9375 	 0.04073197694 
 9376 	 0.04138519816 
 9377 	 0.04203546041 
 9378 	 0.04268262627 
 9379 	 0.04332672902 
 9380 	 0.04396791500 
 9381 	 0.04460585326 
 9382 	 0.04524076542 
 9383 	 0.04587227472 
 9384 	 0.04650070383 
 9385 	 0.04712634140 
 9386 	 0.04774871751 
 9387 	 0.04836770905 
 9388 	 0.04898342127 
 9389 	 0.04959588215 
 9390 	 0.05020535910 
 9391 	 0.05081158150 
 9392 	 0.05141458185 
 9393 	 0.05201389650 
 9394 	 0.05261077024 
 9395 	 0.05320413154 
 9396 	 0.05379437893 
 9397 	 0.05438134133 
 9398 	 0.05496486268 
 9399 	 0.05554588506 
 9400 	 0.05612358339 
 9401 	 0.05669805554 
 9402 	 0.05726937976 
 9403 	 0.05783735874 
 9404 	 0.05840365065 
 9405 	 0.05896592463 
 9406 	 0.05952514758 
 9407 	 0.06008139269 
 9408 	 0.06063494891 
 9409 	 0.06118538855 
 9410 	 0.06173278846 
 9411 	 0.06227752197 
 9412 	 0.06281937981 
 9413 	 0.06335812158 
 9414 	 0.06389428082 
 9415 	 0.06442810857 
 9416 	 0.06495799895 
 9417 	 0.06548658498 
 9418 	 0.06601202849 
 9419 	 0.06653460457 
 9420 	 0.06705439641 
 9421 	 0.06757149074 
 9422 	 0.06808586271 
 9423 	 0.06859799847 
 9424 	 0.06910748385 
 9425 	 0.06961435600 
 9426 	 0.07011867442 
 9427 	 0.07062048788 
 9428 	 0.07111991427 
 9429 	 0.07161700277 
 9430 	 0.07211153992 
 9431 	 0.07260372075 
 9432 	 0.07309325831 
 9433 	 0.07358102245 
 9434 	 0.07406633542 
 9435 	 0.07454935640 
 9436 	 0.07502989549 
 9437 	 0.07550848417 
 9438 	 0.07598482935 
 9439 	 0.07645907193 
 9440 	 0.07693102552 
 9441 	 0.00000000001 
 9442 	 0.00000000037 
 9443 	 -0.00000000002 
 9444 	 -0.00000000015 
 9445 	 0.00000000126 
 9446 	 -0.00000000162 
 9447 	 -0.00000000272 
 9448 	 0.00000000458 
 9449 	 0.00000004915 
 9450 	 0.00000021463 
 9451 	 0.00000068529 
 9452 	 0.00000192883 
 9453 	 0.00000451607 
 9454 	 0.00000943495 
 9455 	 0.00001788945 
 9456 	 0.00003139287 
 9457 	 0.00005164197 
 9458 	 0.00008049539 
 9459 	 0.00011984508 
 9460 	 0.00017163756 
 9461 	 0.00023776501 
 9462 	 0.00031977022 
 9463 	 0.00041965189 
 9464 	 0.00053842428 
 9465 	 0.00067741872 
 9466 	 0.00083771549 
 9467 	 0.00102017877 
 9468 	 0.00122499303 
 9469 	 0.00145274851 
 9470 	 0.00170378537 
 9471 	 0.00197818834 
 9472 	 0.00227550429 
 9473 	 0.00259627668 
 9474 	 0.00293915508 
 9475 	 0.00330423016 
 9476 	 0.00369068693 
 9477 	 0.00409822644 
 9478 	 0.00452611995 
 9479 	 0.00497336097 
 9480 	 0.00543948034 
 9481 	 0.00592378504 
 9482 	 0.00642550089 
 9483 	 0.00694344614 
 9484 	 0.00747716371 
 9485 	 0.00802559035 
 9486 	 0.00858805883 
 9487 	 0.00916389220 
 9488 	 0.00975204316 
 9489 	 0.01035181293 
 9490 	 0.01096290659 
 9491 	 0.01158394347 
 9492 	 0.01221456534 
 9493 	 0.01285396372 
 9494 	 0.01350150042 
 9495 	 0.01415660959 
 9496 	 0.01481857009 
 9497 	 0.01548695223 
 9498 	 0.01616104784 
 9499 	 0.01684034778 
 9500 	 0.01752414941 
 9501 	 0.01821258380 
 9502 	 0.01890467645 
 9503 	 0.01959991173 
 9504 	 0.02029796421 
 9505 	 0.02099845196 
 9506 	 0.02170089436 
 9507 	 0.02240507688 
 9508 	 0.02311046181 
 9509 	 0.02381734577 
 9510 	 0.02452454324 
 9511 	 0.02523231522 
 9512 	 0.02594021896 
 9513 	 0.02664783250 
 9514 	 0.02735509949 
 9515 	 0.02806167814 
 9516 	 0.02876745038 
 9517 	 0.02947214428 
 9518 	 0.03017553559 
 9519 	 0.03087759744 
 9520 	 0.03157798506 
 9521 	 0.03227644508 
 9522 	 0.03297346469 
 9523 	 0.03366813703 
 9524 	 0.03436041067 
 9525 	 0.03505111755 
 9526 	 0.03573918773 
 9527 	 0.03642451116 
 9528 	 0.03710736892 
 9529 	 0.03778782915 
 9530 	 0.03846533685 
 9531 	 0.03913995983 
 9532 	 0.03981161314 
 9533 	 0.04048022542 
 9534 	 0.04114601877 
 9535 	 0.04180875840 
 9536 	 0.04246828642 
 9537 	 0.04312455586 
 9538 	 0.04377781621 
 9539 	 0.04442784859 
 9540 	 0.04507476769 
 9541 	 0.04571813909 
 9542 	 0.04635832040 
 9543 	 0.04699479751 
 9544 	 0.04762938647 
 9545 	 0.04825980417 
 9546 	 0.04888681113 
 9547 	 0.04951039526 
 9548 	 0.05013095894 
 9549 	 0.05074807424 
 9550 	 0.05136197308 
 9551 	 0.05197194850 
 9552 	 0.05257950905 
 9553 	 0.05318334146 
 9554 	 0.05378398273 
 9555 	 0.05438122173 
 9556 	 0.05497511229 
 9557 	 0.05556597496 
 9558 	 0.05615361551 
 9559 	 0.05673791888 
 9560 	 0.05731896621 
 9561 	 0.05789661469 
 9562 	 0.05847238248 
 9563 	 0.05904405949 
 9564 	 0.05961258866 
 9565 	 0.06017809547 
 9566 	 0.06074072941 
 9567 	 0.06130015325 
 9568 	 0.06185645114 
 9569 	 0.06241004603 
 9570 	 0.06296060678 
 9571 	 0.06350793957 
 9572 	 0.06405306489 
 9573 	 0.06459490169 
 9574 	 0.06513347440 
 9575 	 0.06567017024 
 9576 	 0.06620373318 
 9577 	 0.06673436557 
 9578 	 0.06726213665 
 9579 	 0.06778715952 
 9580 	 0.06830948997 
 9581 	 0.06882935867 
 9582 	 0.06934649961 
 9583 	 0.06986096426 
 9584 	 0.07037280898 
 9585 	 0.07088200343 
 9586 	 0.07138897282 
 9587 	 0.07189334047 
 9588 	 0.07239510999 
 9589 	 0.07289443259 
 9590 	 0.07339157817 
 9591 	 0.07388600876 
 9592 	 0.07437830352 
 9593 	 0.07486828483 
 9594 	 0.07535535396 
 9595 	 0.07584105888 
 9596 	 0.07632419662 
 9597 	 0.07680501428 
 9598 	 0.07728338732 
 9599 	 0.07775962248 
 9600 	 0.07823352656 
 9601 	 0.00000000001 
 9602 	 -0.00000000006 
 9603 	 -0.00000000002 
 9604 	 -0.00000000021 
 9605 	 0.00000000101 
 9606 	 -0.00000000152 
 9607 	 -0.00000000805 
 9608 	 -0.00000000090 
 9609 	 0.00000006373 
 9610 	 0.00000025802 
 9611 	 0.00000085440 
 9612 	 0.00000231503 
 9613 	 0.00000535141 
 9614 	 0.00001104770 
 9615 	 0.00002078269 
 9616 	 0.00003613992 
 9617 	 0.00005896593 
 9618 	 0.00009127985 
 9619 	 0.00013500671 
 9620 	 0.00019235098 
 9621 	 0.00026502876 
 9622 	 0.00035495040 
 9623 	 0.00046366315 
 9624 	 0.00059253280 
 9625 	 0.00074280078 
 9626 	 0.00091555778 
 9627 	 0.00111123014 
 9628 	 0.00133051821 
 9629 	 0.00157363999 
 9630 	 0.00184078869 
 9631 	 0.00213206861 
 9632 	 0.00244728977 
 9633 	 0.00278598379 
 9634 	 0.00314745394 
 9635 	 0.00353184502 
 9636 	 0.00393794719 
 9637 	 0.00436529112 
 9638 	 0.00481300674 
 9639 	 0.00528078137 
 9640 	 0.00576744636 
 9641 	 0.00627228735 
 9642 	 0.00679430804 
 9643 	 0.00733276573 
 9644 	 0.00788682744 
 9645 	 0.00845559313 
 9646 	 0.00903823956 
 9647 	 0.00963388348 
 9648 	 0.01024158543 
 9649 	 0.01086130212 
 9650 	 0.01149148027 
 9651 	 0.01213156826 
 9652 	 0.01278082920 
 9653 	 0.01343862695 
 9654 	 0.01410428708 
 9655 	 0.01477711652 
 9656 	 0.01545660571 
 9657 	 0.01614202057 
 9658 	 0.01683286400 
 9659 	 0.01752836328 
 9660 	 0.01822864037 
 9661 	 0.01893269818 
 9662 	 0.01963998522 
 9663 	 0.02035017382 
 9664 	 0.02106283863 
 9665 	 0.02177743218 
 9666 	 0.02249392444 
 9667 	 0.02321165114 
 9668 	 0.02393067341 
 9669 	 0.02465006320 
 9670 	 0.02537005401 
 9671 	 0.02609004560 
 9672 	 0.02680969724 
 9673 	 0.02752896686 
 9674 	 0.02824739529 
 9675 	 0.02896505909 
 9676 	 0.02968146252 
 9677 	 0.03039645128 
 9678 	 0.03111009078 
 9679 	 0.03182184071 
 9680 	 0.03253180533 
 9681 	 0.03323985651 
 9682 	 0.03394553346 
 9683 	 0.03464900571 
 9684 	 0.03535041847 
 9685 	 0.03604909085 
 9686 	 0.03674466907 
 9687 	 0.03743841849 
 9688 	 0.03812898608 
 9689 	 0.03881667788 
 9690 	 0.03950129312 
 9691 	 0.04018282358 
 9692 	 0.04086128616 
 9693 	 0.04153666871 
 9694 	 0.04220882508 
 9695 	 0.04287766851 
 9696 	 0.04354328326 
 9697 	 0.04420569388 
 9698 	 0.04486465583 
 9699 	 0.04552007105 
 9700 	 0.04617236104 
 9701 	 0.04682098670 
 9702 	 0.04746695118 
 9703 	 0.04810907143 
 9704 	 0.04874763248 
 9705 	 0.04938271204 
 9706 	 0.05001447505 
 9707 	 0.05064280805 
 9708 	 0.05126777736 
 9709 	 0.05188919357 
 9710 	 0.05250709248 
 9711 	 0.05312167292 
 9712 	 0.05373295266 
 9713 	 0.05434070725 
 9714 	 0.05494499021 
 9715 	 0.05554609898 
 9716 	 0.05614391883 
 9717 	 0.05673827772 
 9718 	 0.05732926648 
 9719 	 0.05791674560 
 9720 	 0.05850223806 
 9721 	 0.05908353003 
 9722 	 0.05966156824 
 9723 	 0.06023650657 
 9724 	 0.06080842962 
 9725 	 0.06137703853 
 9726 	 0.06194222483 
 9727 	 0.06250506170 
 9728 	 0.06306449244 
