 16801 	 0.00000000002 
 16802 	 0.00000000234 
 16803 	 0.00000057250 
 16804 	 0.00001358984 
 16805 	 0.00008976796 
 16806 	 0.00031663836 
 16807 	 0.00078083599 
 16808 	 0.00153886845 
 16809 	 0.00261130327 
 16810 	 0.00398929849 
 16811 	 0.00564602679 
 16812 	 0.00754386211 
 16813 	 0.00964439031 
 16814 	 0.01190736952 
 16815 	 0.01429659021 
 16816 	 0.01677998421 
 16817 	 0.01932970975 
 16818 	 0.02192229693 
 16819 	 0.02453783178 
 16820 	 0.02716020087 
 16821 	 0.02977615908 
 16822 	 0.03237462073 
 16823 	 0.03494842721 
 16824 	 0.03749099999 
 16825 	 0.03999610942 
 16826 	 0.04246100574 
 16827 	 0.04488393170 
 16828 	 0.04726296943 
 16829 	 0.04959629500 
 16830 	 0.05188390682 
 16831 	 0.05412603980 
 16832 	 0.05632343070 
 16833 	 0.05847702866 
 16834 	 0.06058724330 
 16835 	 0.06265468843 
 16836 	 0.06468078594 
 16837 	 0.06666837289 
 16838 	 0.06861788475 
 16839 	 0.07053003942 
 16840 	 0.07240738134 
 16841 	 0.07424971942 
 16842 	 0.07605920853 
 16843 	 0.07783716494 
 16844 	 0.07958487573 
 16845 	 0.08130328149 
 16846 	 0.08299418674 
 16847 	 0.08465700998 
 16848 	 0.08629698955 
 16849 	 0.08791095435 
 16850 	 0.08950076109 
 16851 	 0.09106884916 
 16852 	 0.09261485698 
 16853 	 0.09413948515 
 16854 	 0.09564348190 
 16855 	 0.09712786789 
 16856 	 0.09859484622 
 16857 	 0.10004344407 
 16858 	 0.10147413367 
 16859 	 0.10288937812 
 16860 	 0.10428750740 
 16861 	 0.10566997736 
 16862 	 0.10703735256 
 16863 	 0.10839034666 
 16864 	 0.10972895082 
 16865 	 0.11105391364 
 16866 	 0.11236548327 
 16867 	 0.11366440345 
 16868 	 0.11495051262 
 16869 	 0.11622363958 
 16870 	 0.11748729552 
 16871 	 0.11873816426 
 16872 	 0.11997793979 
 16873 	 0.12120802536 
 16874 	 0.12242678717 
 16875 	 0.12363447385 
 16876 	 0.12483329539 
 16877 	 0.12602295912 
 16878 	 0.12720208955 
 16879 	 0.12837114024 
 16880 	 0.12953154862 
 16881 	 0.13068357043 
 16882 	 0.13182652611 
 16883 	 0.13296122157 
 16884 	 0.13408764679 
 16885 	 0.13520567674 
 16886 	 0.13631599868 
 16887 	 0.13741932704 
 16888 	 0.13851445893 
 16889 	 0.13960184689 
 16890 	 0.14068134093 
 16891 	 0.14175635933 
 16892 	 0.14282362977 
 16893 	 0.14388302271 
 16894 	 0.14493449265 
 16895 	 0.14598023843 
 16896 	 0.14701905760 
 16897 	 0.14805266474 
 16898 	 0.14907945664 
 16899 	 0.15009978717 
 16900 	 0.15111322599 
 16901 	 0.00000000000 
 16902 	 0.00000000102 
 16903 	 0.00000067973 
 16904 	 0.00001548564 
 16905 	 0.00009985845 
 16906 	 0.00034643922 
 16907 	 0.00084416574 
 16908 	 0.00164834962 
 16909 	 0.00277682018 
 16910 	 0.00421733595 
 16911 	 0.00594003369 
 16912 	 0.00790465031 
 16913 	 0.01007074959 
 16914 	 0.01239665697 
 16915 	 0.01484551813 
 16916 	 0.01738472448 
 16917 	 0.01998594214 
 16918 	 0.02262621026 
 16919 	 0.02528498316 
 16920 	 0.02794675554 
 16921 	 0.03059800542 
 16922 	 0.03322973353 
 16923 	 0.03583211518 
 16924 	 0.03840077236 
 16925 	 0.04092962073 
 16926 	 0.04341620388 
 16927 	 0.04585870595 
 16928 	 0.04825469152 
 16929 	 0.05060376353 
 16930 	 0.05290575774 
 16931 	 0.05516094820 
 16932 	 0.05737099299 
 16933 	 0.05953618059 
 16934 	 0.06165641417 
 16935 	 0.06373365902 
 16936 	 0.06576982619 
 16937 	 0.06776518520 
 16938 	 0.06972357844 
 16939 	 0.07164452126 
 16940 	 0.07352891576 
 16941 	 0.07537896790 
 16942 	 0.07719584092 
 16943 	 0.07898077069 
 16944 	 0.08073577666 
 16945 	 0.08246100413 
 16946 	 0.08415896157 
 16947 	 0.08582992666 
 16948 	 0.08747586826 
 16949 	 0.08909630379 
 16950 	 0.09069403204 
 16951 	 0.09226837322 
 16952 	 0.09382094491 
 16953 	 0.09535194732 
 16954 	 0.09686284948 
 16955 	 0.09835482800 
 16956 	 0.09982852193 
 16957 	 0.10128372798 
 16958 	 0.10272217549 
 16959 	 0.10414344527 
 16960 	 0.10554833850 
 16961 	 0.10693773740 
 16962 	 0.10831217662 
 16963 	 0.10967182233 
 16964 	 0.11101732224 
 16965 	 0.11234907400 
 16966 	 0.11366772542 
 16967 	 0.11497316727 
 16968 	 0.11626524548 
 16969 	 0.11754757783 
 16970 	 0.11881672831 
 16971 	 0.12007451777 
 16972 	 0.12132223718 
 16973 	 0.12255832433 
 16974 	 0.12378320827 
 16975 	 0.12499863187 
 16976 	 0.12620488736 
 16977 	 0.12740024768 
 16978 	 0.12858528388 
 16979 	 0.12976152789 
 16980 	 0.13092908521 
 16981 	 0.13208732455 
 16982 	 0.13323721398 
 16983 	 0.13437843075 
 16984 	 0.13551109222 
 16985 	 0.13663623672 
 16986 	 0.13775368450 
 16987 	 0.13886284903 
 16988 	 0.13996413000 
 16989 	 0.14105795342 
 16990 	 0.14214619667 
 16991 	 0.14322682062 
 16992 	 0.14429938552 
 16993 	 0.14536396477 
 16994 	 0.14642261956 
 16995 	 0.14747464128 
 16996 	 0.14852067715 
 16997 	 0.14955985465 
 16998 	 0.15059247770 
 16999 	 0.15161889934 
 17000 	 0.15264040963 
 17001 	 0.00000000004 
 17002 	 0.00000000237 
 17003 	 0.00000080484 
 17004 	 0.00001758613 
 17005 	 0.00011079081 
 17006 	 0.00037825446 
 17007 	 0.00091073515 
 17008 	 0.00176226660 
 17009 	 0.00294813000 
 17010 	 0.00445178976 
 17011 	 0.00624043058 
 17012 	 0.00827225516 
 17013 	 0.01050317448 
 17014 	 0.01289156554 
 17015 	 0.01539944529 
 17016 	 0.01799328092 
 17017 	 0.02064542566 
 17018 	 0.02333169738 
 17019 	 0.02603297571 
 17020 	 0.02873327561 
 17021 	 0.03141890896 
 17022 	 0.03408207536 
 17023 	 0.03671294440 
 17024 	 0.03930674292 
 17025 	 0.04185808250 
 17026 	 0.04436549700 
 17027 	 0.04682671524 
 17028 	 0.04923948401 
 17029 	 0.05160385306 
 17030 	 0.05391980173 
 17031 	 0.05618797495 
 17032 	 0.05840986253 
 17033 	 0.06058570919 
 17034 	 0.06271601629 
 17035 	 0.06480237779 
 17036 	 0.06684787321 
 17037 	 0.06885313440 
 17038 	 0.07081892150 
 17039 	 0.07274761418 
 17040 	 0.07463963726 
 17041 	 0.07649688404 
 17042 	 0.07832103146 
 17043 	 0.08011354126 
 17044 	 0.08187492698 
 17045 	 0.08360796042 
 17046 	 0.08531207604 
 17047 	 0.08699046357 
 17048 	 0.08864307106 
 17049 	 0.09027091695 
 17050 	 0.09187473990 
 17051 	 0.09345625565 
 17052 	 0.09501504349 
 17053 	 0.09655309414 
 17054 	 0.09807164987 
 17055 	 0.09957040636 
 17056 	 0.10105035747 
 17057 	 0.10251300325 
 17058 	 0.10395801970 
 17059 	 0.10538586750 
 17060 	 0.10679782893 
 17061 	 0.10819418346 
 17062 	 0.10957536109 
 17063 	 0.11094182008 
 17064 	 0.11229420064 
 17065 	 0.11363297960 
 17066 	 0.11495800407 
 17067 	 0.11627020499 
 17068 	 0.11757089713 
 17069 	 0.11885869043 
 17070 	 0.12013475921 
 17071 	 0.12140045051 
 17072 	 0.12265417912 
 17073 	 0.12389648766 
 17074 	 0.12512970558 
 17075 	 0.12635195409 
 17076 	 0.12756380070 
 17077 	 0.12876505282 
 17078 	 0.12995738301 
 17079 	 0.13114069304 
 17080 	 0.13231444646 
 17081 	 0.13347967344 
 17082 	 0.13463594463 
 17083 	 0.13578265871 
 17084 	 0.13692352971 
 17085 	 0.13805532274 
 17086 	 0.13917872418 
 17087 	 0.14029408279 
 17088 	 0.14140227188 
 17089 	 0.14250476134 
 17090 	 0.14359813175 
 17091 	 0.14468396837 
 17092 	 0.14576186619 
 17093 	 0.14683358491 
 17094 	 0.14789883740 
 17095 	 0.14895747987 
 17096 	 0.15000919932 
 17097 	 0.15105427849 
 17098 	 0.15209367924 
 17099 	 0.15312700472 
 17100 	 0.15415555846 
 17101 	 0.00000000004 
 17102 	 0.00000000444 
 17103 	 0.00000094566 
 17104 	 0.00001990796 
 17105 	 0.00012255924 
 17106 	 0.00041191227 
 17107 	 0.00098041328 
 17108 	 0.00188085967 
 17109 	 0.00312468849 
 17110 	 0.00469228996 
 17111 	 0.00654733576 
 17112 	 0.00864582418 
 17113 	 0.01094166781 
 17114 	 0.01339203382 
 17115 	 0.01595795678 
 17116 	 0.01860577740 
 17117 	 0.02130785021 
 17118 	 0.02403925215 
 17119 	 0.02678193046 
 17120 	 0.02951935531 
 17121 	 0.03223867672 
 17122 	 0.03493166678 
 17123 	 0.03759042428 
 17124 	 0.04020821320 
 17125 	 0.04278166109 
 17126 	 0.04530937712 
 17127 	 0.04778810888 
 17128 	 0.05021724367 
 17129 	 0.05259621750 
 17130 	 0.05492573539 
 17131 	 0.05720654566 
 17132 	 0.05943992384 
 17133 	 0.06162568173 
 17134 	 0.06376581543 
 17135 	 0.06586226845 
 17136 	 0.06791559114 
 17137 	 0.06992954870 
 17138 	 0.07190405417 
 17139 	 0.07383987577 
 17140 	 0.07573953406 
 17141 	 0.07760423790 
 17142 	 0.07943550342 
 17143 	 0.08123495123 
 17144 	 0.08300378281 
 17145 	 0.08474307303 
 17146 	 0.08645535698 
 17147 	 0.08814031446 
 17148 	 0.08979910418 
 17149 	 0.09143360121 
 17150 	 0.09304487491 
 17151 	 0.09463281368 
 17152 	 0.09619838028 
 17153 	 0.09774344785 
 17154 	 0.09926872296 
 17155 	 0.10077422616 
 17156 	 0.10226155284 
 17157 	 0.10373097297 
 17158 	 0.10518233556 
 17159 	 0.10661743264 
 17160 	 0.10803598878 
 17161 	 0.10943942430 
 17162 	 0.11082728720 
 17163 	 0.11220093516 
 17164 	 0.11356009289 
 17165 	 0.11490494366 
 17166 	 0.11623723425 
 17167 	 0.11755722238 
 17168 	 0.11886403777 
 17169 	 0.12015866612 
 17170 	 0.12144268228 
 17171 	 0.12271438075 
 17172 	 0.12397436006 
 17173 	 0.12522500356 
 17174 	 0.12646421692 
 17175 	 0.12769284939 
 17176 	 0.12891055304 
 17177 	 0.13011922738 
 17178 	 0.13131845645 
 17179 	 0.13250800921 
 17180 	 0.13368878185 
 17181 	 0.13486032476 
 17182 	 0.13602246318 
 17183 	 0.13717803972 
 17184 	 0.13832440426 
 17185 	 0.13946219515 
 17186 	 0.14059085951 
 17187 	 0.14171493268 
 17188 	 0.14283070277 
 17189 	 0.14393775782 
 17190 	 0.14503624971 
 17191 	 0.14612839706 
 17192 	 0.14721303099 
 17193 	 0.14829187175 
 17194 	 0.14936330608 
 17195 	 0.15042772669 
 17196 	 0.15148503507 
 17197 	 0.15253774609 
 17198 	 0.15358332661 
 17199 	 0.15462390340 
 17200 	 0.15565701083 
