 11201 	 -0.00000000003 
 11202 	 -0.00000000000 
 11203 	 0.00000000001 
 11204 	 0.00000000079 
 11205 	 0.00000000032 
 11206 	 0.00000000073 
 11207 	 0.00000000070 
 11208 	 -0.00000000104 
 11209 	 -0.00000000026 
 11210 	 -0.00000000359 
 11211 	 -0.00000000003 
 11212 	 0.00000001087 
 11213 	 0.00000003860 
 11214 	 0.00000010056 
 11215 	 0.00000023783 
 11216 	 0.00000051136 
 11217 	 0.00000102900 
 11218 	 0.00000190491 
 11219 	 0.00000333517 
 11220 	 0.00000553113 
 11221 	 0.00000876351 
 11222 	 0.00001337555 
 11223 	 0.00001970367 
 11224 	 0.00002816117 
 11225 	 0.00003920815 
 11226 	 0.00005327479 
 11227 	 0.00007086507 
 11228 	 0.00009244332 
 11229 	 0.00011853175 
 11230 	 0.00014961593 
 11231 	 0.00018617297 
 11232 	 0.00022863714 
 11233 	 0.00027752812 
 11234 	 0.00033321238 
 11235 	 0.00039612564 
 11236 	 0.00046651951 
 11237 	 0.00054479001 
 11238 	 0.00063126560 
 11239 	 0.00072641861 
 11240 	 0.00083000311 
 11241 	 0.00094239758 
 11242 	 0.00106386043 
 11243 	 0.00119453165 
 11244 	 0.00133428882 
 11245 	 0.00148365444 
 11246 	 0.00164218587 
 11247 	 0.00181026867 
 11248 	 0.00198759069 
 11249 	 0.00217428868 
 11250 	 0.00237001204 
 11251 	 0.00257497196 
 11252 	 0.00278917587 
 11253 	 0.00301224993 
 11254 	 0.00324436082 
 11255 	 0.00348495148 
 11256 	 0.00373439671 
 11257 	 0.00399211407 
 11258 	 0.00425822734 
 11259 	 0.00453224211 
 11260 	 0.00481407116 
 11261 	 0.00510368357 
 11262 	 0.00540059556 
 11263 	 0.00570508919 
 11264 	 0.00601644582 
 11265 	 0.00633490203 
 11266 	 0.00665999460 
 11267 	 0.00699149337 
 11268 	 0.00732915879 
 11269 	 0.00767314276 
 11270 	 0.00802280177 
 11271 	 0.00837807028 
 11272 	 0.00873885716 
 11273 	 0.00910485737 
 11274 	 0.00947600337 
 11275 	 0.00985200307 
 11276 	 0.01023255590 
 11277 	 0.01061754397 
 11278 	 0.01100689233 
 11279 	 0.01140024652 
 11280 	 0.01179752254 
 11281 	 0.01219854437 
 11282 	 0.01260306984 
 11283 	 0.01301104990 
 11284 	 0.01342221457 
 11285 	 0.01383639712 
 11286 	 0.01425355560 
 11287 	 0.01467332978 
 11288 	 0.01509585966 
 11289 	 0.01552073141 
 11290 	 0.01594784093 
 11291 	 0.01637723577 
 11292 	 0.01680865321 
 11293 	 0.01724188413 
 11294 	 0.01767699080 
 11295 	 0.01811356750 
 11296 	 0.01855188753 
 11297 	 0.01899142307 
 11298 	 0.01943249460 
 11299 	 0.01987438314 
 11300 	 0.02031755868 
 11301 	 -0.00000000001 
 11302 	 0.00000000002 
 11303 	 0.00000000144 
 11304 	 0.00000000048 
 11305 	 -0.00000000026 
 11306 	 -0.00000000103 
 11307 	 0.00000000198 
 11308 	 0.00000000107 
 11309 	 0.00000000038 
 11310 	 -0.00000000064 
 11311 	 0.00000001037 
 11312 	 0.00000003849 
 11313 	 0.00000010771 
 11314 	 0.00000027001 
 11315 	 0.00000061085 
 11316 	 0.00000126671 
 11317 	 0.00000241107 
 11318 	 0.00000430210 
 11319 	 0.00000724820 
 11320 	 0.00001162129 
 11321 	 0.00001789559 
 11322 	 0.00002653608 
 11323 	 0.00003810761 
 11324 	 0.00005318524 
 11325 	 0.00007240488 
 11326 	 0.00009634780 
 11327 	 0.00012570767 
 11328 	 0.00016102688 
 11329 	 0.00020300344 
 11330 	 0.00025217874 
 11331 	 0.00030907406 
 11332 	 0.00037420763 
 11333 	 0.00044810546 
 11334 	 0.00053097477 
 11335 	 0.00062370935 
 11336 	 0.00072640483 
 11337 	 0.00083906782 
 11338 	 0.00096212379 
 11339 	 0.00109578131 
 11340 	 0.00124034908 
 11341 	 0.00139565380 
 11342 	 0.00156212417 
 11343 	 0.00173965466 
 11344 	 0.00192798457 
 11345 	 0.00212752318 
 11346 	 0.00233749436 
 11347 	 0.00255849344 
 11348 	 0.00279035093 
 11349 	 0.00303257506 
 11350 	 0.00328536137 
 11351 	 0.00354823335 
 11352 	 0.00382125235 
 11353 	 0.00410416663 
 11354 	 0.00439650778 
 11355 	 0.00469812483 
 11356 	 0.00500898410 
 11357 	 0.00532860228 
 11358 	 0.00565697164 
 11359 	 0.00599358348 
 11360 	 0.00633845117 
 11361 	 0.00669118531 
 11362 	 0.00705138867 
 11363 	 0.00741889069 
 11364 	 0.00779358256 
 11365 	 0.00817499240 
 11366 	 0.00856279178 
 11367 	 0.00895709998 
 11368 	 0.00935725213 
 11369 	 0.00976345274 
 11370 	 0.01017498802 
 11371 	 0.01059172417 
 11372 	 0.01101360502 
 11373 	 0.01144020060 
 11374 	 0.01187138434 
 11375 	 0.01230691261 
 11376 	 0.01274651235 
 11377 	 0.01319011950 
 11378 	 0.01363735019 
 11379 	 0.01408812686 
 11380 	 0.01454212125 
 11381 	 0.01499927406 
 11382 	 0.01545932002 
 11383 	 0.01592200740 
 11384 	 0.01638735434 
 11385 	 0.01685510080 
 11386 	 0.01732496031 
 11387 	 0.01779697695 
 11388 	 0.01827081192 
 11389 	 0.01874641976 
 11390 	 0.01922347227 
 11391 	 0.01970210728 
 11392 	 0.02018212188 
 11393 	 0.02066320585 
 11394 	 0.02114529262 
 11395 	 0.02162845821 
 11396 	 0.02211246732 
 11397 	 0.02259707342 
 11398 	 0.02308221035 
 11399 	 0.02356780541 
 11400 	 0.02405366371 
 11401 	 -0.00000000000 
 11402 	 0.00000000007 
 11403 	 0.00000000047 
 11404 	 -0.00000000000 
 11405 	 -0.00000000021 
 11406 	 -0.00000000034 
 11407 	 -0.00000000153 
 11408 	 -0.00000000296 
 11409 	 -0.00000001513 
 11410 	 0.00000000429 
 11411 	 0.00000003208 
 11412 	 0.00000009305 
 11413 	 0.00000026835 
 11414 	 0.00000064360 
 11415 	 0.00000139735 
 11416 	 0.00000276033 
 11417 	 0.00000506041 
 11418 	 0.00000871013 
 11419 	 0.00001421974 
 11420 	 0.00002216639 
 11421 	 0.00003320523 
 11422 	 0.00004806061 
 11423 	 0.00006746887 
 11424 	 0.00009222780 
 11425 	 0.00012310314 
 11426 	 0.00016090443 
 11427 	 0.00020638020 
 11428 	 0.00026027276 
 11429 	 0.00032320762 
 11430 	 0.00039584905 
 11431 	 0.00047880747 
 11432 	 0.00057258148 
 11433 	 0.00067768614 
 11434 	 0.00079441334 
 11435 	 0.00092316490 
 11436 	 0.00106414951 
 11437 	 0.00121762373 
 11438 	 0.00138351328 
 11439 	 0.00156252852 
 11440 	 0.00175426040 
 11441 	 0.00195855520 
 11442 	 0.00217583457 
 11443 	 0.00240537438 
 11444 	 0.00264753238 
 11445 	 0.00290203630 
 11446 	 0.00316887612 
 11447 	 0.00344744097 
 11448 	 0.00373794086 
 11449 	 0.00403985629 
 11450 	 0.00435310553 
 11451 	 0.00467702525 
 11452 	 0.00501162820 
 11453 	 0.00535643552 
 11454 	 0.00571135695 
 11455 	 0.00607578656 
 11456 	 0.00644982283 
 11457 	 0.00683272026 
 11458 	 0.00722422317 
 11459 	 0.00762421177 
 11460 	 0.00803222516 
 11461 	 0.00844781477 
 11462 	 0.00887086110 
 11463 	 0.00930087814 
 11464 	 0.00973786480 
 11465 	 0.01018113996 
 11466 	 0.01063044155 
 11467 	 0.01108568062 
 11468 	 0.01154634570 
 11469 	 0.01201230065 
 11470 	 0.01248317457 
 11471 	 0.01295875382 
 11472 	 0.01343876569 
 11473 	 0.01392288179 
 11474 	 0.01441098226 
 11475 	 0.01490269342 
 11476 	 0.01539787050 
 11477 	 0.01589613795 
 11478 	 0.01639746193 
 11479 	 0.01690159577 
 11480 	 0.01740816257 
 11481 	 0.01791718484 
 11482 	 0.01842836266 
 11483 	 0.01894138441 
 11484 	 0.01945641022 
 11485 	 0.01997268730 
 11486 	 0.02049060647 
 11487 	 0.02100971471 
 11488 	 0.02152999354 
 11489 	 0.02205140983 
 11490 	 0.02257352041 
 11491 	 0.02309625002 
 11492 	 0.02361950857 
 11493 	 0.02414306731 
 11494 	 0.02466734076 
 11495 	 0.02519150542 
 11496 	 0.02571575368 
 11497 	 0.02623998351 
 11498 	 0.02676402629 
 11499 	 0.02728778637 
 11500 	 0.02781116856 
 11501 	 -0.00000000000 
 11502 	 0.00000000007 
 11503 	 -0.00000000004 
 11504 	 -0.00000000005 
 11505 	 0.00000000016 
 11506 	 0.00000000028 
 11507 	 -0.00000000071 
 11508 	 0.00000000073 
 11509 	 0.00000000165 
 11510 	 0.00000001740 
 11511 	 0.00000007206 
 11512 	 0.00000023340 
 11513 	 0.00000060124 
 11514 	 0.00000138956 
 11515 	 0.00000287541 
 11516 	 0.00000546685 
 11517 	 0.00000967945 
 11518 	 0.00001616197 
 11519 	 0.00002565753 
 11520 	 0.00003898075 
 11521 	 0.00005705107 
 11522 	 0.00008080309 
 11523 	 0.00011120537 
 11524 	 0.00014919071 
 11525 	 0.00019580030 
 11526 	 0.00025188310 
 11527 	 0.00031827109 
 11528 	 0.00039572422 
 11529 	 0.00048502888 
 11530 	 0.00058681650 
 11531 	 0.00070173681 
 11532 	 0.00083004235 
 11533 	 0.00097217776 
 11534 	 0.00112834035 
 11535 	 0.00129927667 
 11536 	 0.00148469100 
 11537 	 0.00168469338 
 11538 	 0.00189949347 
 11539 	 0.00212896987 
 11540 	 0.00237254952 
 11541 	 0.00263081769 
 11542 	 0.00290326024 
 11543 	 0.00318978814 
 11544 	 0.00348962564 
 11545 	 0.00380351543 
 11546 	 0.00413036507 
 11547 	 0.00446984226 
 11548 	 0.00482158460 
 11549 	 0.00518554268 
 11550 	 0.00556101209 
 11551 	 0.00594783993 
 11552 	 0.00634550782 
 11553 	 0.00675377057 
 11554 	 0.00717189228 
 11555 	 0.00759976497 
 11556 	 0.00803686404 
 11557 	 0.00848278335 
 11558 	 0.00893717802 
 11559 	 0.00939951876 
 11560 	 0.00986980558 
 11561 	 0.01034716058 
 11562 	 0.01083134957 
 11563 	 0.01132224037 
 11564 	 0.01181916692 
 11565 	 0.01232199716 
 11566 	 0.01283024104 
 11567 	 0.01334374492 
 11568 	 0.01386200454 
 11569 	 0.01438485366 
 11570 	 0.01491187108 
 11571 	 0.01544287608 
 11572 	 0.01597741277 
 11573 	 0.01651544868 
 11574 	 0.01705659101 
 11575 	 0.01760047554 
 11576 	 0.01814701084 
 11577 	 0.01869614692 
 11578 	 0.01924707956 
 11579 	 0.01980014886 
 11580 	 0.02035496624 
 11581 	 0.02091116815 
 11582 	 0.02146865489 
 11583 	 0.02202755862 
 11584 	 0.02258725796 
 11585 	 0.02314766336 
 11586 	 0.02370867636 
 11587 	 0.02426999071 
 11588 	 0.02483207446 
 11589 	 0.02539401493 
 11590 	 0.02595603174 
 11591 	 0.02651792440 
 11592 	 0.02707955655 
 11593 	 0.02764076164 
 11594 	 0.02820154265 
 11595 	 0.02876151159 
 11596 	 0.02932145859 
 11597 	 0.02988036286 
 11598 	 0.03043880686 
 11599 	 0.03099586214 
 11600 	 0.03155162368 
