 6001 	 -0.00000000001 
 6002 	 0.00000000010 
 6003 	 -0.00000000037 
 6004 	 -0.00000000111 
 6005 	 0.00000001866 
 6006 	 0.00000026469 
 6007 	 0.00000174214 
 6008 	 0.00000723485 
 6009 	 0.00002201954 
 6010 	 0.00005371990 
 6011 	 0.00011167240 
 6012 	 0.00020571077 
 6013 	 0.00034538365 
 6014 	 0.00053891622 
 6015 	 0.00079280172 
 6016 	 0.00111206018 
 6017 	 0.00149917388 
 6018 	 0.00195559447 
 6019 	 0.00248119502 
 6020 	 0.00307512242 
 6021 	 0.00373415706 
 6022 	 0.00445538960 
 6023 	 0.00523581593 
 6024 	 0.00607127384 
 6025 	 0.00695773658 
 6026 	 0.00789100923 
 6027 	 0.00886683680 
 6028 	 0.00988116197 
 6029 	 0.01093004689 
 6030 	 0.01200986300 
 6031 	 0.01311677118 
 6032 	 0.01424732470 
 6033 	 0.01539848191 
 6034 	 0.01656718709 
 6035 	 0.01775060910 
 6036 	 0.01894629205 
 6037 	 0.02015200168 
 6038 	 0.02136508880 
 6039 	 0.02258369238 
 6040 	 0.02380613532 
 6041 	 0.02503105379 
 6042 	 0.02625667171 
 6043 	 0.02748132829 
 6044 	 0.02870418678 
 6045 	 0.02992394643 
 6046 	 0.03113956492 
 6047 	 0.03235037221 
 6048 	 0.03355552453 
 6049 	 0.03475411459 
 6050 	 0.03594617282 
 6051 	 0.03713044404 
 6052 	 0.03830706326 
 6053 	 0.03947518334 
 6054 	 0.04063435393 
 6055 	 0.04178448376 
 6056 	 0.04292548475 
 6057 	 0.04405681739 
 6058 	 0.04517859339 
 6059 	 0.04629058822 
 6060 	 0.04739264644 
 6061 	 0.04848547881 
 6062 	 0.04956784019 
 6063 	 0.05064023067 
 6064 	 0.05170286862 
 6065 	 0.05275500725 
 6066 	 0.05379801372 
 6067 	 0.05483095971 
 6068 	 0.05585376394 
 6069 	 0.05686746581 
 6070 	 0.05787121307 
 6071 	 0.05886614785 
 6072 	 0.05985117653 
 6073 	 0.06082688628 
 6074 	 0.06179379750 
 6075 	 0.06275137506 
 6076 	 0.06370050279 
 6077 	 0.06464061800 
 6078 	 0.06557247883 
 6079 	 0.06649612064 
 6080 	 0.06741133003 
 6081 	 0.06831804223 
 6082 	 0.06921676617 
 6083 	 0.07010778223 
 6084 	 0.07099086959 
 6085 	 0.07186636752 
 6086 	 0.07273456653 
 6087 	 0.07359520791 
 6088 	 0.07444875753 
 6089 	 0.07529547200 
 6090 	 0.07613481462 
 6091 	 0.07696811027 
 6092 	 0.07779442552 
 6093 	 0.07861379359 
 6094 	 0.07942765887 
 6095 	 0.08023496117 
 6096 	 0.08103580021 
 6097 	 0.08183047071 
 6098 	 0.08262010254 
 6099 	 0.08340355591 
 6100 	 0.08418112920 
 6101 	 -0.00000000001 
 6102 	 0.00000000061 
 6103 	 -0.00000000070 
 6104 	 -0.00000000248 
 6105 	 0.00000001706 
 6106 	 0.00000032615 
 6107 	 0.00000209316 
 6108 	 0.00000852063 
 6109 	 0.00002543569 
 6110 	 0.00006120247 
 6111 	 0.00012581590 
 6112 	 0.00022958607 
 6113 	 0.00038226575 
 6114 	 0.00059230886 
 6115 	 0.00086613701 
 6116 	 0.00120849838 
 6117 	 0.00162144249 
 6118 	 0.00210614014 
 6119 	 0.00266258971 
 6120 	 0.00328812875 
 6121 	 0.00398051460 
 6122 	 0.00473617890 
 6123 	 0.00555122257 
 6124 	 0.00642158305 
 6125 	 0.00734323732 
 6126 	 0.00831131878 
 6127 	 0.00932161319 
 6128 	 0.01036975396 
 6129 	 0.01145205176 
 6130 	 0.01256420084 
 6131 	 0.01370258854 
 6132 	 0.01486376958 
 6133 	 0.01604451001 
 6134 	 0.01724179381 
 6135 	 0.01845286257 
 6136 	 0.01967514046 
 6137 	 0.02090605887 
 6138 	 0.02214347469 
 6139 	 0.02338560471 
 6140 	 0.02463060286 
 6141 	 0.02587680960 
 6142 	 0.02712278115 
 6143 	 0.02836699773 
 6144 	 0.02960837176 
 6145 	 0.03084576177 
 6146 	 0.03207837934 
 6147 	 0.03330520571 
 6148 	 0.03452562323 
 6149 	 0.03573910847 
 6150 	 0.03694499562 
 6151 	 0.03814264158 
 6152 	 0.03933179933 
 6153 	 0.04051173460 
 6154 	 0.04168225526 
 6155 	 0.04284345899 
 6156 	 0.04399461362 
 6157 	 0.04513603690 
 6158 	 0.04626704489 
 6159 	 0.04738806498 
 6160 	 0.04849940764 
 6161 	 0.04959995685 
 6162 	 0.05069019665 
 6163 	 0.05177034216 
 6164 	 0.05283969471 
 6165 	 0.05389950491 
 6166 	 0.05494892834 
 6167 	 0.05598793006 
 6168 	 0.05701748075 
 6169 	 0.05803674886 
 6170 	 0.05904696446 
 6171 	 0.06004690512 
 6172 	 0.06103737425 
 6173 	 0.06201854212 
 6174 	 0.06299034315 
 6175 	 0.06395309155 
 6176 	 0.06490724579 
 6177 	 0.06585173709 
 6178 	 0.06678888084 
 6179 	 0.06771678336 
 6180 	 0.06863604848 
 6181 	 0.06954724608 
 6182 	 0.07045033011 
 6183 	 0.07134532304 
 6184 	 0.07223263734 
 6185 	 0.07311229432 
 6186 	 0.07398422015 
 6187 	 0.07484910833 
 6188 	 0.07570674642 
 6189 	 0.07655723290 
 6190 	 0.07740093668 
 6191 	 0.07823740025 
 6192 	 0.07906712362 
 6193 	 0.07989166986 
 6194 	 0.08070876620 
 6195 	 0.08151943806 
 6196 	 0.08232442429 
 6197 	 0.08312345605 
 6198 	 0.08391630094 
 6199 	 0.08470319730 
 6200 	 0.08548433491 
 6201 	 0.00000000000 
 6202 	 -0.00000000008 
 6203 	 -0.00000000058 
 6204 	 -0.00000000170 
 6205 	 0.00000001751 
 6206 	 0.00000039693 
 6207 	 0.00000249429 
 6208 	 0.00000996285 
 6209 	 0.00002926132 
 6210 	 0.00006947220 
 6211 	 0.00014123367 
 6212 	 0.00025530300 
 6213 	 0.00042190964 
 6214 	 0.00064925273 
 6215 	 0.00094380707 
 6216 	 0.00131001305 
 6217 	 0.00174955370 
 6218 	 0.00226341457 
 6219 	 0.00285050311 
 6220 	 0.00350873567 
 6221 	 0.00423472975 
 6222 	 0.00502465939 
 6223 	 0.00587451955 
 6224 	 0.00678041796 
 6225 	 0.00773684744 
 6226 	 0.00873967674 
 6227 	 0.00978400083 
 6228 	 0.01086580843 
 6229 	 0.01198103296 
 6230 	 0.01312511452 
 6231 	 0.01429454594 
 6232 	 0.01548584342 
 6233 	 0.01669572291 
 6234 	 0.01792094443 
 6235 	 0.01915919149 
 6236 	 0.02040724455 
 6237 	 0.02166300701 
 6238 	 0.02292415066 
 6239 	 0.02418912823 
 6240 	 0.02545570104 
 6241 	 0.02672293347 
 6242 	 0.02798858238 
 6243 	 0.02925162727 
 6244 	 0.03051095649 
 6245 	 0.03176553191 
 6246 	 0.03301410567 
 6247 	 0.03425676799 
 6248 	 0.03549191515 
 6249 	 0.03671964465 
 6250 	 0.03793869423 
 6251 	 0.03914926525 
 6252 	 0.04035034359 
 6253 	 0.04154173241 
 6254 	 0.04272337406 
 6255 	 0.04389469526 
 6256 	 0.04505607765 
 6257 	 0.04620687575 
 6258 	 0.04734687752 
 6259 	 0.04847706599 
 6260 	 0.04959616029 
 6261 	 0.05070458023 
 6262 	 0.05180257093 
 6263 	 0.05288943656 
 6264 	 0.05396639585 
 6265 	 0.05503262308 
 6266 	 0.05608814755 
 6267 	 0.05713382064 
 6268 	 0.05816890737 
 6269 	 0.05919467256 
 6270 	 0.06020980511 
 6271 	 0.06121526141 
 6272 	 0.06221097482 
 6273 	 0.06319718329 
 6274 	 0.06417389810 
 6275 	 0.06514194577 
 6276 	 0.06610027835 
 6277 	 0.06705044046 
 6278 	 0.06799128738 
 6279 	 0.06892322841 
 6280 	 0.06984717410 
 6281 	 0.07076253748 
 6282 	 0.07166954145 
 6283 	 0.07256897183 
 6284 	 0.07346023567 
 6285 	 0.07434379000 
 6286 	 0.07522015730 
 6287 	 0.07608836886 
 6288 	 0.07695026130 
 6289 	 0.07780471050 
 6290 	 0.07865174028 
 6291 	 0.07949281915 
 6292 	 0.08032690723 
 6293 	 0.08115411311 
 6294 	 0.08197486068 
 6295 	 0.08279004494 
 6296 	 0.08359868163 
 6297 	 0.08440107714 
 6298 	 0.08519743496 
 6299 	 0.08598786837 
 6300 	 0.08677301043 
 6301 	 -0.00000000005 
 6302 	 -0.00000000009 
 6303 	 -0.00000000157 
 6304 	 -0.00000000013 
 6305 	 0.00000003102 
 6306 	 0.00000047423 
 6307 	 0.00000296006 
 6308 	 0.00001158810 
 6309 	 0.00003350581 
 6310 	 0.00007852423 
 6311 	 0.00015796259 
 6312 	 0.00028310365 
 6313 	 0.00046405544 
 6314 	 0.00070947231 
 6315 	 0.00102582622 
 6316 	 0.00141624859 
 6317 	 0.00188318091 
 6318 	 0.00242659653 
 6319 	 0.00304540741 
 6320 	 0.00373655096 
 6321 	 0.00449624258 
 6322 	 0.00532105958 
 6323 	 0.00620611574 
 6324 	 0.00714688905 
 6325 	 0.00813831734 
 6326 	 0.00917556312 
 6327 	 0.01025402129 
 6328 	 0.01136916703 
 6329 	 0.01251678366 
 6330 	 0.01369247342 
 6331 	 0.01489253773 
 6332 	 0.01611341011 
 6333 	 0.01735177389 
 6334 	 0.01860461853 
 6335 	 0.01986910266 
 6336 	 0.02114243868 
 6337 	 0.02242224941 
 6338 	 0.02370661125 
 6339 	 0.02499379327 
 6340 	 0.02628179112 
 6341 	 0.02756876929 
 6342 	 0.02885365132 
 6343 	 0.03013499034 
 6344 	 0.03141164345 
 6345 	 0.03268264173 
 6346 	 0.03394734205 
 6347 	 0.03520438063 
 6348 	 0.03645431859 
 6349 	 0.03769503435 
 6350 	 0.03892740076 
 6351 	 0.04015000419 
 6352 	 0.04136248781 
 6353 	 0.04256508884 
 6354 	 0.04375709131 
 6355 	 0.04493863552 
 6356 	 0.04610939853 
 6357 	 0.04726900941 
 6358 	 0.04841839461 
 6359 	 0.04955641089 
 6360 	 0.05068335889 
 6361 	 0.05179955023 
 6362 	 0.05290424731 
 6363 	 0.05399871729 
 6364 	 0.05508209040 
 6365 	 0.05615443956 
 6366 	 0.05721656535 
 6367 	 0.05826778140 
 6368 	 0.05930938218 
 6369 	 0.06034000261 
 6370 	 0.06136069880 
 6371 	 0.06237125198 
 6372 	 0.06337213226 
 6373 	 0.06436236362 
 6374 	 0.06534519307 
 6375 	 0.06631751763 
 6376 	 0.06728104600 
 6377 	 0.06823507788 
 6378 	 0.06918015149 
 6379 	 0.07011679276 
 6380 	 0.07104465792 
 6381 	 0.07196413230 
 6382 	 0.07287557816 
 6383 	 0.07377863675 
 6384 	 0.07467371995 
 6385 	 0.07556174044 
 6386 	 0.07644171641 
 6387 	 0.07731449155 
 6388 	 0.07817954528 
 6389 	 0.07903727152 
 6390 	 0.07988956171 
 6391 	 0.08073388880 
 6392 	 0.08157134879 
 6393 	 0.08240272046 
 6394 	 0.08322772949 
 6395 	 0.08404615329 
 6396 	 0.08485824880 
 6397 	 0.08566422827 
 6398 	 0.08646438735 
 6399 	 0.08725831772 
 6400 	 0.08804671496 
