 18401 	 0.00000000067 
 18402 	 0.00000002411 
 18403 	 0.00000557155 
 18404 	 0.00007763576 
 18405 	 0.00037072069 
 18406 	 0.00104656711 
 18407 	 0.00219513516 
 18408 	 0.00382466187 
 18409 	 0.00589143571 
 18410 	 0.00832407731 
 18411 	 0.01104719295 
 18412 	 0.01398689439 
 18413 	 0.01707931723 
 18414 	 0.02027084823 
 18415 	 0.02351792903 
 18416 	 0.02678508683 
 18417 	 0.03004614984 
 18418 	 0.03327921269 
 18419 	 0.03647067686 
 18420 	 0.03960867724 
 18421 	 0.04268434280 
 18422 	 0.04569465834 
 18423 	 0.04863643045 
 18424 	 0.05150691010 
 18425 	 0.05430676453 
 18426 	 0.05703679061 
 18427 	 0.05969944495 
 18428 	 0.06229489084 
 18429 	 0.06482574671 
 18430 	 0.06729553661 
 18431 	 0.06970674453 
 18432 	 0.07206154059 
 18433 	 0.07436236986 
 18434 	 0.07661179420 
 18435 	 0.07881234667 
 18436 	 0.08096675086 
 18437 	 0.08307631934 
 18438 	 0.08514553216 
 18439 	 0.08717489489 
 18440 	 0.08916656515 
 18441 	 0.09112240022 
 18442 	 0.09304410764 
 18443 	 0.09493328830 
 18444 	 0.09679075798 
 18445 	 0.09861924178 
 18446 	 0.10041995490 
 18447 	 0.10219344692 
 18448 	 0.10394193541 
 18449 	 0.10566505307 
 18450 	 0.10736473462 
 18451 	 0.10904177438 
 18452 	 0.11069697209 
 18453 	 0.11233136516 
 18454 	 0.11394535010 
 18455 	 0.11553958302 
 18456 	 0.11711503642 
 18457 	 0.11867457777 
 18458 	 0.12021499863 
 18459 	 0.12173985567 
 18460 	 0.12324813099 
 18461 	 0.12473980451 
 18462 	 0.12621798544 
 18463 	 0.12768033132 
 18464 	 0.12912740154 
 18465 	 0.13056114513 
 18466 	 0.13198172678 
 18467 	 0.13338861640 
 18468 	 0.13478329290 
 18469 	 0.13616501975 
 18470 	 0.13753514014 
 18471 	 0.13889384395 
 18472 	 0.14024039120 
 18473 	 0.14157479621 
 18474 	 0.14290146352 
 18475 	 0.14421647952 
 18476 	 0.14551985648 
 18477 	 0.14681213134 
 18478 	 0.14809496886 
 18479 	 0.14936912682 
 18480 	 0.15063308546 
 18481 	 0.15188738964 
 18482 	 0.15313346782 
 18483 	 0.15437059034 
 18484 	 0.15560016685 
 18485 	 0.15681974920 
 18486 	 0.15803071699 
 18487 	 0.15923356895 
 18488 	 0.16042829881 
 18489 	 0.16161469726 
 18490 	 0.16279227384 
 18491 	 0.16396413991 
 18492 	 0.16512774427 
 18493 	 0.16628372104 
 18494 	 0.16743336205 
 18495 	 0.16857595657 
 18496 	 0.16971098200 
 18497 	 0.17084013521 
 18498 	 0.17196166069 
 18499 	 0.17307606380 
 18500 	 0.17418613704 
 18501 	 0.00000000072 
 18502 	 0.00000002610 
 18503 	 0.00000626704 
 18504 	 0.00008480765 
 18505 	 0.00039821998 
 18506 	 0.00111201349 
 18507 	 0.00231258859 
 18508 	 0.00400455061 
 18509 	 0.00613814541 
 18510 	 0.00863858749 
 18511 	 0.01142693501 
 18512 	 0.01442829661 
 18513 	 0.01757768094 
 18514 	 0.02082071273 
 18515 	 0.02411430029 
 18516 	 0.02742294065 
 18517 	 0.03072046320 
 18518 	 0.03398660936 
 18519 	 0.03720586085 
 18520 	 0.04036895905 
 18521 	 0.04346641879 
 18522 	 0.04649695488 
 18523 	 0.04945528645 
 18524 	 0.05234121404 
 18525 	 0.05515462477 
 18526 	 0.05789717488 
 18527 	 0.06057088442 
 18528 	 0.06317642233 
 18529 	 0.06571632589 
 18530 	 0.06819511335 
 18531 	 0.07061491681 
 18532 	 0.07297806736 
 18533 	 0.07528627251 
 18534 	 0.07754297928 
 18535 	 0.07975047576 
 18536 	 0.08191224502 
 18537 	 0.08402958612 
 18538 	 0.08610460173 
 18539 	 0.08814150012 
 18540 	 0.09013900363 
 18541 	 0.09210273734 
 18542 	 0.09403105628 
 18543 	 0.09592640762 
 18544 	 0.09779090722 
 18545 	 0.09962656770 
 18546 	 0.10143396879 
 18547 	 0.10321477885 
 18548 	 0.10496982388 
 18549 	 0.10669979434 
 18550 	 0.10840618752 
 18551 	 0.11009024115 
 18552 	 0.11175222304 
 18553 	 0.11339335609 
 18554 	 0.11501439997 
 18555 	 0.11661577570 
 18556 	 0.11819893420 
 18557 	 0.11976391125 
 18558 	 0.12131175101 
 18559 	 0.12284345307 
 18560 	 0.12435797440 
 18561 	 0.12585745450 
 18562 	 0.12734165227 
 18563 	 0.12880953630 
 18564 	 0.13026409853 
 18565 	 0.13170489346 
 18566 	 0.13313167811 
 18567 	 0.13454562900 
 18568 	 0.13594643929 
 18569 	 0.13733487362 
 18570 	 0.13871210005 
 18571 	 0.14007674775 
 18572 	 0.14142955589 
 18573 	 0.14277271055 
 18574 	 0.14410480648 
 18575 	 0.14542503952 
 18576 	 0.14673380351 
 18577 	 0.14803275514 
 18578 	 0.14932299743 
 18579 	 0.15060273662 
 18580 	 0.15187255915 
 18581 	 0.15313383749 
 18582 	 0.15438605491 
 18583 	 0.15563046121 
 18584 	 0.15686467994 
 18585 	 0.15809007255 
 18586 	 0.15930715288 
 18587 	 0.16051591296 
 18588 	 0.16171619115 
 18589 	 0.16290745494 
 18590 	 0.16409276452 
 18591 	 0.16526965367 
 18592 	 0.16643807010 
 18593 	 0.16760152723 
 18594 	 0.16875687272 
 18595 	 0.16990487013 
 18596 	 0.17104631253 
 18597 	 0.17218009029 
 18598 	 0.17330710969 
 18599 	 0.17442899895 
 18600 	 0.17554300079 
 18601 	 0.00000000002 
 18602 	 0.00000003116 
 18603 	 0.00000701063 
 18604 	 0.00009250969 
 18605 	 0.00042715313 
 18606 	 0.00117959499 
 18607 	 0.00243370318 
 18608 	 0.00418834564 
 18609 	 0.00638916231 
 18610 	 0.00895723961 
 18611 	 0.01181073572 
 18612 	 0.01487323676 
 18613 	 0.01807875762 
 18614 	 0.02137265154 
 18615 	 0.02471173282 
 18616 	 0.02806079882 
 18617 	 0.03139374515 
 18618 	 0.03469186705 
 18619 	 0.03793915286 
 18620 	 0.04112565476 
 18621 	 0.04424528779 
 18622 	 0.04729464990 
 18623 	 0.05026958869 
 18624 	 0.05317009771 
 18625 	 0.05599669380 
 18626 	 0.05875116563 
 18627 	 0.06143595828 
 18628 	 0.06405111902 
 18629 	 0.06660118413 
 18630 	 0.06908819503 
 18631 	 0.07151605262 
 18632 	 0.07388715487 
 18633 	 0.07620296326 
 18634 	 0.07846698055 
 18635 	 0.08068191789 
 18636 	 0.08284927482 
 18637 	 0.08497461795 
 18638 	 0.08705715266 
 18639 	 0.08910041495 
 18640 	 0.09110560513 
 18641 	 0.09307509261 
 18642 	 0.09501041345 
 18643 	 0.09691242508 
 18644 	 0.09878407342 
 18645 	 0.10062655997 
 18646 	 0.10244064220 
 18647 	 0.10422855216 
 18648 	 0.10598979395 
 18649 	 0.10772696215 
 18650 	 0.10944042986 
 18651 	 0.11113099951 
 18652 	 0.11280005736 
 18653 	 0.11444800695 
 18654 	 0.11607569823 
 18655 	 0.11768374313 
 18656 	 0.11927416342 
 18657 	 0.12084540877 
 18658 	 0.12240122959 
 18659 	 0.12393900681 
 18660 	 0.12546059163 
 18661 	 0.12696706124 
 18662 	 0.12845750839 
 18663 	 0.12993223947 
 18664 	 0.13139348202 
 18665 	 0.13284051876 
 18666 	 0.13427422422 
 18667 	 0.13569450650 
 18668 	 0.13710151276 
 18669 	 0.13849767887 
 18670 	 0.13988072716 
 18671 	 0.14125154749 
 18672 	 0.14261211520 
 18673 	 0.14396173433 
 18674 	 0.14529906289 
 18675 	 0.14662465530 
 18676 	 0.14794045603 
 18677 	 0.14924655685 
 18678 	 0.15054234005 
 18679 	 0.15182792897 
 18680 	 0.15310459720 
 18681 	 0.15437215241 
 18682 	 0.15563160562 
 18683 	 0.15688067861 
 18684 	 0.15812070222 
 18685 	 0.15935220016 
 18686 	 0.16057518865 
 18687 	 0.16178950784 
 18688 	 0.16299463348 
 18689 	 0.16419358414 
 18690 	 0.16538393859 
 18691 	 0.16656584501 
 18692 	 0.16774235212 
 18693 	 0.16891057832 
 18694 	 0.17007173822 
 18695 	 0.17122561641 
 18696 	 0.17237183680 
 18697 	 0.17351135219 
 18698 	 0.17464539646 
 18699 	 0.17577148240 
 18700 	 0.17689092771 
 18701 	 0.00000000112 
 18702 	 0.00000003872 
 18703 	 0.00000783065 
 18704 	 0.00010069790 
 18705 	 0.00045764085 
 18706 	 0.00124969733 
 18707 	 0.00255811037 
 18708 	 0.00437639737 
 18709 	 0.00664436915 
 18710 	 0.00928001572 
 18711 	 0.01219834875 
 18712 	 0.01532148883 
 18713 	 0.01858235343 
 18714 	 0.02192657365 
 18715 	 0.02530999772 
 18716 	 0.02869916810 
 18717 	 0.03206668058 
 18718 	 0.03539562529 
 18719 	 0.03866989718 
 18720 	 0.04187999030 
 18721 	 0.04502066493 
 18722 	 0.04808794836 
 18723 	 0.05107901777 
 18724 	 0.05399371885 
 18725 	 0.05683330786 
 18726 	 0.05959997393 
 18727 	 0.06229468918 
 18728 	 0.06491960307 
 18729 	 0.06747877843 
 18730 	 0.06997510444 
 18731 	 0.07241102876 
 18732 	 0.07478906279 
 18733 	 0.07711233533 
 18734 	 0.07938352389 
 18735 	 0.08160575075 
 18736 	 0.08378094436 
 18737 	 0.08591116645 
 18738 	 0.08800160579 
 18739 	 0.09005165725 
 18740 	 0.09206432101 
 18741 	 0.09404033005 
 18742 	 0.09598173997 
 18743 	 0.09789081094 
 18744 	 0.09976960438 
 18745 	 0.10161878064 
 18746 	 0.10344024063 
 18747 	 0.10523462252 
 18748 	 0.10700295899 
 18749 	 0.10874661403 
 18750 	 0.11046703762 
 18751 	 0.11216457897 
 18752 	 0.11384003977 
 18753 	 0.11549490308 
 18754 	 0.11712925376 
 18755 	 0.11874520430 
 18756 	 0.12034153965 
 18757 	 0.12192100817 
 18758 	 0.12348273975 
 18759 	 0.12502687397 
 18760 	 0.12655624460 
 18761 	 0.12806878863 
 18762 	 0.12956519794 
 18763 	 0.13104720184 
 18764 	 0.13251501148 
 18765 	 0.13396874997 
 18766 	 0.13540901292 
 18767 	 0.13683483355 
 18768 	 0.13825039756 
 18769 	 0.13965223570 
 18770 	 0.14104141364 
 18771 	 0.14241933845 
 18772 	 0.14378715420 
 18773 	 0.14514200164 
 18774 	 0.14648459554 
 18775 	 0.14781720059 
 18776 	 0.14913972815 
 18777 	 0.15045183477 
 18778 	 0.15175344561 
 18779 	 0.15304569970 
 18780 	 0.15432886772 
 18781 	 0.15560357225 
 18782 	 0.15686772620 
 18783 	 0.15812259493 
 18784 	 0.15936870651 
 18785 	 0.16060612893 
 18786 	 0.16183465773 
 18787 	 0.16305382724 
 18788 	 0.16426662284 
 18789 	 0.16547062826 
 18790 	 0.16666606850 
 18791 	 0.16785588317 
 18792 	 0.16903713478 
 18793 	 0.17021142917 
 18794 	 0.17137808114 
 18795 	 0.17253694814 
 18796 	 0.17368916683 
 18797 	 0.17483541290 
 18798 	 0.17597371687 
 18799 	 0.17710524544 
 18800 	 0.17822995713 
