 3601 	 -0.00000000002 
 3602 	 -0.00000000004 
 3603 	 -0.00000000003 
 3604 	 -0.00000000013 
 3605 	 0.00000000075 
 3606 	 -0.00000000117 
 3607 	 -0.00000000470 
 3608 	 0.00000000316 
 3609 	 0.00000007275 
 3610 	 0.00000029487 
 3611 	 0.00000095865 
 3612 	 0.00000258884 
 3613 	 0.00000598144 
 3614 	 0.00001226390 
 3615 	 0.00002293674 
 3616 	 0.00003970840 
 3617 	 0.00006454897 
 3618 	 0.00009953846 
 3619 	 0.00014677175 
 3620 	 0.00020836308 
 3621 	 0.00028627972 
 3622 	 0.00038222758 
 3623 	 0.00049804718 
 3624 	 0.00063497888 
 3625 	 0.00079410609 
 3626 	 0.00097682823 
 3627 	 0.00118323126 
 3628 	 0.00141392465 
 3629 	 0.00166934206 
 3630 	 0.00194945489 
 3631 	 0.00225422274 
 3632 	 0.00258393020 
 3633 	 0.00293714245 
 3634 	 0.00331398361 
 3635 	 0.00371358855 
 3636 	 0.00413550511 
 3637 	 0.00457895446 
 3638 	 0.00504316720 
 3639 	 0.00552706741 
 3640 	 0.00603034642 
 3641 	 0.00655193248 
 3642 	 0.00709062811 
 3643 	 0.00764575233 
 3644 	 0.00821638739 
 3645 	 0.00880159106 
 3646 	 0.00940057687 
 3647 	 0.01001244593 
 3648 	 0.01063662179 
 3649 	 0.01127203340 
 3650 	 0.01191783972 
 3651 	 0.01257331508 
 3652 	 0.01323791164 
 3653 	 0.01391069058 
 3654 	 0.01459112830 
 3655 	 0.01527853599 
 3656 	 0.01597212797 
 3657 	 0.01667158300 
 3658 	 0.01737584622 
 3659 	 0.01808522027 
 3660 	 0.01879849177 
 3661 	 0.01951525969 
 3662 	 0.02023504155 
 3663 	 0.02095745991 
 3664 	 0.02168199394 
 3665 	 0.02240837922 
 3666 	 0.02313610802 
 3667 	 0.02386527588 
 3668 	 0.02459482271 
 3669 	 0.02532499452 
 3670 	 0.02605519461 
 3671 	 0.02678505679 
 3672 	 0.02751453303 
 3673 	 0.02824315864 
 3674 	 0.02897097805 
 3675 	 0.02969750323 
 3676 	 0.03042259844 
 3677 	 0.03114624731 
 3678 	 0.03186795347 
 3679 	 0.03258788040 
 3680 	 0.03330572505 
 3681 	 0.03402114012 
 3682 	 0.03473440114 
 3683 	 0.03544536844 
 3684 	 0.03615352651 
 3685 	 0.03685864804 
 3686 	 0.03756164978 
 3687 	 0.03826144378 
 3688 	 0.03895821679 
 3689 	 0.03965183018 
 3690 	 0.04034229228 
 3691 	 0.04102956030 
 3692 	 0.04171372009 
 3693 	 0.04239446261 
 3694 	 0.04307172661 
 3695 	 0.04374581042 
 3696 	 0.04441645073 
 3697 	 0.04508376006 
 3698 	 0.04574731770 
 3699 	 0.04640745492 
 3700 	 0.04706441517 
 3701 	 0.00000000001 
 3702 	 -0.00000000006 
 3703 	 -0.00000000002 
 3704 	 0.00000000017 
 3705 	 0.00000000104 
 3706 	 -0.00000000239 
 3707 	 -0.00000000115 
 3708 	 -0.00000000011 
 3709 	 0.00000010665 
 3710 	 0.00000041232 
 3711 	 0.00000133223 
 3712 	 0.00000345964 
 3713 	 0.00000783208 
 3714 	 0.00001577525 
 3715 	 0.00002903780 
 3716 	 0.00004956589 
 3717 	 0.00007962086 
 3718 	 0.00012141136 
 3719 	 0.00017726128 
 3720 	 0.00024942255 
 3721 	 0.00033986063 
 3722 	 0.00045053810 
 3723 	 0.00058289237 
 3724 	 0.00073852958 
 3725 	 0.00091852028 
 3726 	 0.00112349226 
 3727 	 0.00135409340 
 3728 	 0.00161067162 
 3729 	 0.00189313654 
 3730 	 0.00220219598 
 3731 	 0.00253709631 
 3732 	 0.00289727004 
 3733 	 0.00328243005 
 3734 	 0.00369165388 
 3735 	 0.00412455087 
 3736 	 0.00458017450 
 3737 	 0.00505774106 
 3738 	 0.00555615792 
 3739 	 0.00607492567 
 3740 	 0.00661298256 
 3741 	 0.00716897951 
 3742 	 0.00774217502 
 3743 	 0.00833164302 
 3744 	 0.00893637253 
 3745 	 0.00955527012 
 3746 	 0.01018783722 
 3747 	 0.01083301831 
 3748 	 0.01148986225 
 3749 	 0.01215743896 
 3750 	 0.01283497388 
 3751 	 0.01352169652 
 3752 	 0.01421691230 
 3753 	 0.01491975462 
 3754 	 0.01562972476 
 3755 	 0.01634605159 
 3756 	 0.01706796200 
 3757 	 0.01779515663 
 3758 	 0.01852654033 
 3759 	 0.01926241392 
 3760 	 0.02000134221 
 3761 	 0.02074328157 
 3762 	 0.02148756120 
 3763 	 0.02223391430 
 3764 	 0.02298182360 
 3765 	 0.02373120102 
 3766 	 0.02448115044 
 3767 	 0.02523172672 
 3768 	 0.02598246344 
 3769 	 0.02673286169 
 3770 	 0.02748284855 
 3771 	 0.02823195386 
 3772 	 0.02898022142 
 3773 	 0.02972711697 
 3774 	 0.03047250149 
 3775 	 0.03121632312 
 3776 	 0.03195808132 
 3777 	 0.03269797527 
 3778 	 0.03343557698 
 3779 	 0.03417061333 
 3780 	 0.03490345062 
 3781 	 0.03563367926 
 3782 	 0.03636082638 
 3783 	 0.03708516389 
 3784 	 0.03780651700 
 3785 	 0.03852515445 
 3786 	 0.03924023851 
 3787 	 0.03995198250 
 3788 	 0.04066044380 
 3789 	 0.04136546130 
 3790 	 0.04206708328 
 3791 	 0.04276509894 
 3792 	 0.04345957748 
 3793 	 0.04415060950 
 3794 	 0.04483787593 
 3795 	 0.04552134039 
 3796 	 0.04620132271 
 3797 	 0.04687735993 
 3798 	 0.04755051852 
 3799 	 0.04821944295 
 3800 	 0.04888452147 
 3801 	 0.00000000001 
 3802 	 0.00000000000 
 3803 	 -0.00000000002 
 3804 	 0.00000000046 
 3805 	 -0.00000000090 
 3806 	 -0.00000000103 
 3807 	 -0.00000000235 
 3808 	 0.00000001964 
 3809 	 0.00000015381 
 3810 	 0.00000057632 
 3811 	 0.00000179331 
 3812 	 0.00000456050 
 3813 	 0.00001011024 
 3814 	 0.00002003760 
 3815 	 0.00003632349 
 3816 	 0.00006118885 
 3817 	 0.00009715253 
 3818 	 0.00014660096 
 3819 	 0.00021206109 
 3820 	 0.00029583174 
 3821 	 0.00039989395 
 3822 	 0.00052645122 
 3823 	 0.00067677600 
 3824 	 0.00085239277 
 3825 	 0.00105426413 
 3826 	 0.00128285109 
 3827 	 0.00153886089 
 3828 	 0.00182245292 
 3829 	 0.00213364419 
 3830 	 0.00247229501 
 3831 	 0.00283785879 
 3832 	 0.00322963076 
 3833 	 0.00364718430 
 3834 	 0.00408964690 
 3835 	 0.00455629994 
 3836 	 0.00504593338 
 3837 	 0.00555768061 
 3838 	 0.00609098149 
 3839 	 0.00664452305 
 3840 	 0.00721700051 
 3841 	 0.00780752456 
 3842 	 0.00841509866 
 3843 	 0.00903866169 
 3844 	 0.00967715611 
 3845 	 0.01032952262 
 3846 	 0.01099538409 
 3847 	 0.01167303414 
 3848 	 0.01236187370 
 3849 	 0.01306101652 
 3850 	 0.01376947780 
 3851 	 0.01448676837 
 3852 	 0.01521166679 
 3853 	 0.01594391248 
 3854 	 0.01668258912 
 3855 	 0.01742661921 
 3856 	 0.01817624260 
 3857 	 0.01893019808 
 3858 	 0.01968790165 
 3859 	 0.02044890765 
 3860 	 0.02121267501 
 3861 	 0.02197865774 
 3862 	 0.02274650566 
 3863 	 0.02351599303 
 3864 	 0.02428629902 
 3865 	 0.02505719259 
 3866 	 0.02582850306 
 3867 	 0.02659949631 
 3868 	 0.02737006503 
 3869 	 0.02813982835 
 3870 	 0.02890861067 
 3871 	 0.02967604667 
 3872 	 0.03044187464 
 3873 	 0.03120609766 
 3874 	 0.03196814033 
 3875 	 0.03272819661 
 3876 	 0.03348583183 
 3877 	 0.03424043752 
 3878 	 0.03499337275 
 3879 	 0.03574316315 
 3880 	 0.03648971025 
 3881 	 0.03723335441 
 3882 	 0.03797385596 
 3883 	 0.03871116446 
 3884 	 0.03944488245 
 3885 	 0.04017506556 
 3886 	 0.04090172400 
 3887 	 0.04162484941 
 3888 	 0.04234424884 
 3889 	 0.04305984910 
 3890 	 0.04377174228 
 3891 	 0.04447982523 
 3892 	 0.04518421102 
 3893 	 0.04588441235 
 3894 	 0.04658080549 
 3895 	 0.04727373500 
 3896 	 0.04796258978 
 3897 	 0.04864732450 
 3898 	 0.04932805405 
 3899 	 0.05000494613 
 3900 	 0.05067792240 
 3901 	 0.00000000002 
 3902 	 -0.00000000002 
 3903 	 -0.00000000004 
 3904 	 -0.00000000019 
 3905 	 0.00000000055 
 3906 	 -0.00000000053 
 3907 	 0.00000000416 
 3908 	 0.00000003535 
 3909 	 0.00000021024 
 3910 	 0.00000079292 
 3911 	 0.00000238329 
 3912 	 0.00000593399 
 3913 	 0.00001289245 
 3914 	 0.00002514774 
 3915 	 0.00004493449 
 3916 	 0.00007479379 
 3917 	 0.00011737099 
 3918 	 0.00017537824 
 3919 	 0.00025143109 
 3920 	 0.00034787338 
 3921 	 0.00046694203 
 3922 	 0.00061024471 
 3923 	 0.00077985771 
 3924 	 0.00097685236 
 3925 	 0.00120173137 
 3926 	 0.00145516851 
 3927 	 0.00173779975 
 3928 	 0.00204944461 
 3929 	 0.00239005058 
 3930 	 0.00275917236 
 3931 	 0.00315603665 
 3932 	 0.00358045683 
 3933 	 0.00403106421 
 3934 	 0.00450728653 
 3935 	 0.00500780027 
 3936 	 0.00553167844 
 3937 	 0.00607839832 
 3938 	 0.00664651489 
 3939 	 0.00723449527 
 3940 	 0.00784148811 
 3941 	 0.00846638494 
 3942 	 0.00910805238 
 3943 	 0.00976533838 
 3944 	 0.01043718729 
 3945 	 0.01112295181 
 3946 	 0.01182101263 
 3947 	 0.01253062380 
 3948 	 0.01325092884 
 3949 	 0.01398088052 
 3950 	 0.01471973876 
 3951 	 0.01546664944 
 3952 	 0.01622074604 
 3953 	 0.01698129523 
 3954 	 0.01774753835 
 3955 	 0.01851906961 
 3956 	 0.01929503355 
 3957 	 0.02007458416 
 3958 	 0.02085741107 
 3959 	 0.02164282337 
 3960 	 0.02243035951 
 3961 	 0.02321951146 
 3962 	 0.02401024138 
 3963 	 0.02480130048 
 3964 	 0.02559321954 
 3965 	 0.02638486275 
 3966 	 0.02717606093 
 3967 	 0.02796655645 
 3968 	 0.02875602942 
 3969 	 0.02954418585 
 3970 	 0.03033061286 
 3971 	 0.03111548667 
 3972 	 0.03189806621 
 3973 	 0.03267850081 
 3974 	 0.03345647079 
 3975 	 0.03423157291 
 3976 	 0.03500420799 
 3977 	 0.03577388923 
 3978 	 0.03654015509 
 3979 	 0.03730336876 
 3980 	 0.03806326604 
 3981 	 0.03881969619 
 3982 	 0.03957238439 
 3983 	 0.04032134047 
 3984 	 0.04106652787 
 3985 	 0.04180807798 
 3986 	 0.04254560417 
 3987 	 0.04327910083 
 3988 	 0.04400884666 
 3989 	 0.04473442726 
 3990 	 0.04545599896 
 3991 	 0.04617330250 
 3992 	 0.04688642096 
 3993 	 0.04759620766 
 3994 	 0.04830137540 
 3995 	 0.04900226793 
 3996 	 0.04969895600 
 3997 	 0.05039172189 
 3998 	 0.05108030732 
 3999 	 0.05176466872 
 4000 	 0.05244469518 
