 9201 	 0.00000000007 
 9202 	 -0.00000000014 
 9203 	 0.00000000140 
 9204 	 0.00000028189 
 9205 	 0.00000419274 
 9206 	 0.00002507195 
 9207 	 0.00008975351 
 9208 	 0.00023330341 
 9209 	 0.00049022943 
 9210 	 0.00088783699 
 9211 	 0.00144366064 
 9212 	 0.00216406922 
 9213 	 0.00304901770 
 9214 	 0.00409041424 
 9215 	 0.00527651746 
 9216 	 0.00659381893 
 9217 	 0.00802727214 
 9218 	 0.00956130276 
 9219 	 0.01118098228 
 9220 	 0.01287276713 
 9221 	 0.01462310389 
 9222 	 0.01642047819 
 9223 	 0.01825411490 
 9224 	 0.02011501056 
 9225 	 0.02199458205 
 9226 	 0.02388531500 
 9227 	 0.02578155892 
 9228 	 0.02767779849 
 9229 	 0.02956896722 
 9230 	 0.03145135895 
 9231 	 0.03332165966 
 9232 	 0.03517722275 
 9233 	 0.03701596650 
 9234 	 0.03883577649 
 9235 	 0.04063562949 
 9236 	 0.04241354134 
 9237 	 0.04416907382 
 9238 	 0.04590155586 
 9239 	 0.04761041747 
 9240 	 0.04929605210 
 9241 	 0.05095752581 
 9242 	 0.05259536928 
 9243 	 0.05420926964 
 9244 	 0.05579990558 
 9245 	 0.05736708868 
 9246 	 0.05891144310 
 9247 	 0.06043392933 
 9248 	 0.06193382450 
 9249 	 0.06341230932 
 9250 	 0.06486966307 
 9251 	 0.06630682188 
 9252 	 0.06772404925 
 9253 	 0.06912149387 
 9254 	 0.07049978648 
 9255 	 0.07185961216 
 9256 	 0.07320141319 
 9257 	 0.07452570240 
 9258 	 0.07583303040 
 9259 	 0.07712367375 
 9260 	 0.07839919801 
 9261 	 0.07965828962 
 9262 	 0.08090345433 
 9263 	 0.08213317127 
 9264 	 0.08334907605 
 9265 	 0.08455146144 
 9266 	 0.08574005043 
 9267 	 0.08691540891 
 9268 	 0.08807832572 
 9269 	 0.08922903108 
 9270 	 0.09036784856 
 9271 	 0.09149496508 
 9272 	 0.09261203179 
 9273 	 0.09371745370 
 9274 	 0.09481166100 
 9275 	 0.09589711372 
 9276 	 0.09697188799 
 9277 	 0.09803581582 
 9278 	 0.09909035401 
 9279 	 0.10013723749 
 9280 	 0.10117422331 
 9281 	 0.10220163816 
 9282 	 0.10322266228 
 9283 	 0.10423441950 
 9284 	 0.10523763853 
 9285 	 0.10623286707 
 9286 	 0.10722126088 
 9287 	 0.10820160438 
 9288 	 0.10917404419 
 9289 	 0.11013983280 
 9290 	 0.11109814517 
 9291 	 0.11204979010 
 9292 	 0.11299455713 
 9293 	 0.11393268417 
 9294 	 0.11486458146 
 9295 	 0.11578995062 
 9296 	 0.11670900330 
 9297 	 0.11762162283 
 9298 	 0.11852979120 
 9299 	 0.11943095047 
 9300 	 0.12032713861 
 9301 	 0.00000000005 
 9302 	 0.00000000005 
 9303 	 0.00000000218 
 9304 	 0.00000032316 
 9305 	 0.00000468479 
 9306 	 0.00002754047 
 9307 	 0.00009733374 
 9308 	 0.00025050007 
 9309 	 0.00052240857 
 9310 	 0.00094025039 
 9311 	 0.00152110376 
 9312 	 0.00227049916 
 9313 	 0.00318725811 
 9314 	 0.00426267787 
 9315 	 0.00548391461 
 9316 	 0.00683685970 
 9317 	 0.00830586780 
 9318 	 0.00987481023 
 9319 	 0.01152832868 
 9320 	 0.01325278318 
 9321 	 0.01503424319 
 9322 	 0.01686127079 
 9323 	 0.01872274199 
 9324 	 0.02061043318 
 9325 	 0.02251467153 
 9326 	 0.02442857920 
 9327 	 0.02634643720 
 9328 	 0.02826287598 
 9329 	 0.03017281610 
 9330 	 0.03207255414 
 9331 	 0.03395878640 
 9332 	 0.03582948794 
 9333 	 0.03768238707 
 9334 	 0.03951498291 
 9335 	 0.04132685086 
 9336 	 0.04311584905 
 9337 	 0.04488156600 
 9338 	 0.04662379461 
 9339 	 0.04834146902 
 9340 	 0.05003561971 
 9341 	 0.05170485444 
 9342 	 0.05335005381 
 9343 	 0.05497081961 
 9344 	 0.05656772052 
 9345 	 0.05814117669 
 9346 	 0.05969085702 
 9347 	 0.06121918936 
 9348 	 0.06272452743 
 9349 	 0.06420792239 
 9350 	 0.06567023477 
 9351 	 0.06711190379 
 9352 	 0.06853390773 
 9353 	 0.06993533994 
 9354 	 0.07131816024 
 9355 	 0.07268188652 
 9356 	 0.07402791749 
 9357 	 0.07535614035 
 9358 	 0.07666769174 
 9359 	 0.07796246325 
 9360 	 0.07924107676 
 9361 	 0.08050481550 
 9362 	 0.08175315406 
 9363 	 0.08298653597 
 9364 	 0.08420666453 
 9365 	 0.08541240722 
 9366 	 0.08660456855 
 9367 	 0.08778396245 
 9368 	 0.08895002426 
 9369 	 0.09010458975 
 9370 	 0.09124642654 
 9371 	 0.09237863890 
 9372 	 0.09349874030 
 9373 	 0.09460755621 
 9374 	 0.09570645412 
 9375 	 0.09679502325 
 9376 	 0.09787245425 
 9377 	 0.09894048123 
 9378 	 0.09999983146 
 9379 	 0.10104961034 
 9380 	 0.10208907037 
 9381 	 0.10312259625 
 9382 	 0.10414644897 
 9383 	 0.10516154432 
 9384 	 0.10616819757 
 9385 	 0.10716817049 
 9386 	 0.10815981400 
 9387 	 0.10914347830 
 9388 	 0.11012005242 
 9389 	 0.11108912101 
 9390 	 0.11205135225 
 9391 	 0.11300657402 
 9392 	 0.11395499335 
 9393 	 0.11489704763 
 9394 	 0.11583242360 
 9395 	 0.11676137135 
 9396 	 0.11768373165 
 9397 	 0.11860150892 
 9398 	 0.11951216354 
 9399 	 0.12041788442 
 9400 	 0.12131794149 
 9401 	 0.00000000006 
 9402 	 -0.00000000046 
 9403 	 0.00000000310 
 9404 	 0.00000036881 
 9405 	 0.00000522538 
 9406 	 0.00003018495 
 9407 	 0.00010532787 
 9408 	 0.00026856119 
 9409 	 0.00055590193 
 9410 	 0.00099452481 
 9411 	 0.00160084408 
 9412 	 0.00237948581 
 9413 	 0.00332893060 
 9414 	 0.00443839465 
 9415 	 0.00569501376 
 9416 	 0.00708369990 
 9417 	 0.00858808327 
 9418 	 0.01019169694 
 9419 	 0.01187901511 
 9420 	 0.01363564916 
 9421 	 0.01544809096 
 9422 	 0.01730428010 
 9423 	 0.01919383689 
 9424 	 0.02110718874 
 9425 	 0.02303571582 
 9426 	 0.02497254991 
 9427 	 0.02691178294 
 9428 	 0.02884778287 
 9429 	 0.03077603925 
 9430 	 0.03269282843 
 9431 	 0.03459507701 
 9432 	 0.03648019260 
 9433 	 0.03834613868 
 9434 	 0.04019212140 
 9435 	 0.04201515723 
 9436 	 0.04381505373 
 9437 	 0.04559086852 
 9438 	 0.04734203667 
 9439 	 0.04906899092 
 9440 	 0.05077086973 
 9441 	 0.05244781588 
 9442 	 0.05409977845 
 9443 	 0.05572754417 
 9444 	 0.05733064819 
 9445 	 0.05890995936 
 9446 	 0.06046632143 
 9447 	 0.06199912254 
 9448 	 0.06350904567 
 9449 	 0.06499788282 
 9450 	 0.06646515960 
 9451 	 0.06791178558 
 9452 	 0.06933763054 
 9453 	 0.07074366083 
 9454 	 0.07213036815 
 9455 	 0.07349846852 
 9456 	 0.07484819052 
 9457 	 0.07618059401 
 9458 	 0.07749581968 
 9459 	 0.07879464623 
 9460 	 0.08007653031 
 9461 	 0.08134468107 
 9462 	 0.08259587732 
 9463 	 0.08383430193 
 9464 	 0.08505765755 
 9465 	 0.08626691037 
 9466 	 0.08746287963 
 9467 	 0.08864537599 
 9468 	 0.08981563909 
 9469 	 0.09097358331 
 9470 	 0.09212029128 
 9471 	 0.09325544059 
 9472 	 0.09437886941 
 9473 	 0.09549175395 
 9474 	 0.09659433948 
 9475 	 0.09768529590 
 9476 	 0.09876712178 
 9477 	 0.09983944344 
 9478 	 0.10090228329 
 9479 	 0.10195528794 
 9480 	 0.10300023161 
 9481 	 0.10403630491 
 9482 	 0.10506359976 
 9483 	 0.10608188361 
 9484 	 0.10709359277 
 9485 	 0.10809672974 
 9486 	 0.10909167571 
 9487 	 0.11007932619 
 9488 	 0.11105931541 
 9489 	 0.11203228280 
 9490 	 0.11299811628 
 9491 	 0.11395697142 
 9492 	 0.11490932669 
 9493 	 0.11585486195 
 9494 	 0.11679381210 
 9495 	 0.11772604592 
 9496 	 0.11865358038 
 9497 	 0.11957290992 
 9498 	 0.12048916604 
 9499 	 0.12139856455 
 9500 	 0.12230186774 
 9501 	 0.00000000005 
 9502 	 -0.00000000008 
 9503 	 0.00000000424 
 9504 	 0.00000042086 
 9505 	 0.00000582092 
 9506 	 0.00003304734 
 9507 	 0.00011388608 
 9508 	 0.00028751677 
 9509 	 0.00059085436 
 9510 	 0.00105061327 
 9511 	 0.00168300138 
 9512 	 0.00249184775 
 9513 	 0.00347370874 
 9514 	 0.00461757914 
 9515 	 0.00590962602 
 9516 	 0.00733404940 
 9517 	 0.00887367590 
 9518 	 0.01051182309 
 9519 	 0.01223272658 
 9520 	 0.01402135343 
 9521 	 0.01586431561 
 9522 	 0.01774956769 
 9523 	 0.01966625181 
 9524 	 0.02160524323 
 9525 	 0.02355765353 
 9526 	 0.02551699559 
 9527 	 0.02747705045 
 9528 	 0.02943229143 
 9529 	 0.03137844364 
 9530 	 0.03331182549 
 9531 	 0.03522948641 
 9532 	 0.03712912987 
 9533 	 0.03900851560 
 9534 	 0.04086634053 
 9535 	 0.04270054147 
 9536 	 0.04451097315 
 9537 	 0.04629646568 
 9538 	 0.04805690420 
 9539 	 0.04979236018 
 9540 	 0.05150188079 
 9541 	 0.05318639920 
 9542 	 0.05484526442 
 9543 	 0.05647931826 
 9544 	 0.05808871820 
 9545 	 0.05967322058 
 9546 	 0.06123554713 
 9547 	 0.06277378654 
 9548 	 0.06428912555 
 9549 	 0.06578255260 
 9550 	 0.06725433448 
 9551 	 0.06870552139 
 9552 	 0.07013546565 
 9553 	 0.07154589020 
 9554 	 0.07293663240 
 9555 	 0.07430876940 
 9556 	 0.07566229225 
 9557 	 0.07699863109 
 9558 	 0.07831812124 
 9559 	 0.07962029431 
 9560 	 0.08090739750 
 9561 	 0.08217811076 
 9562 	 0.08343401242 
 9563 	 0.08467551049 
 9564 	 0.08590231279 
 9565 	 0.08711510658 
 9566 	 0.08831453243 
 9567 	 0.08950099673 
 9568 	 0.09067492667 
 9569 	 0.09183677441 
 9570 	 0.09298735841 
 9571 	 0.09412574400 
 9572 	 0.09525284782 
 9573 	 0.09636993537 
 9574 	 0.09747490890 
 9575 	 0.09857046213 
 9576 	 0.09965594722 
 9577 	 0.10073213273 
 9578 	 0.10179812943 
 9579 	 0.10285547280 
 9580 	 0.10390407529 
 9581 	 0.10494373368 
 9582 	 0.10597384216 
 9583 	 0.10699746361 
 9584 	 0.10801227995 
 9585 	 0.10901872836 
 9586 	 0.11001761414 
 9587 	 0.11100869935 
 9588 	 0.11199255755 
 9589 	 0.11296916401 
 9590 	 0.11393860491 
 9591 	 0.11490141018 
 9592 	 0.11585726489 
 9593 	 0.11680632267 
 9594 	 0.11774857918 
 9595 	 0.11868601576 
 9596 	 0.11961514261 
 9597 	 0.12054100482 
 9598 	 0.12145989450 
 9599 	 0.12237257262 
 9600 	 0.12327929132 
