 8401 	 -0.00000000003 
 8402 	 0.00000000007 
 8403 	 -0.00000000116 
 8404 	 0.00000007769 
 8405 	 0.00000154419 
 8406 	 0.00001095639 
 8407 	 0.00004394075 
 8408 	 0.00012450920 
 8409 	 0.00027977684 
 8410 	 0.00053508446 
 8411 	 0.00090986942 
 8412 	 0.00141652912 
 8413 	 0.00205973027 
 8414 	 0.00284007012 
 8415 	 0.00375205534 
 8416 	 0.00478748256 
 8417 	 0.00593664615 
 8418 	 0.00718844581 
 8419 	 0.00853100403 
 8420 	 0.00995286737 
 8421 	 0.01144283710 
 8422 	 0.01299085313 
 8423 	 0.01458667033 
 8424 	 0.01622173120 
 8425 	 0.01788773660 
 8426 	 0.01957761979 
 8427 	 0.02128510332 
 8428 	 0.02300381003 
 8429 	 0.02472938831 
 8430 	 0.02645719242 
 8431 	 0.02818331295 
 8432 	 0.02990446246 
 8433 	 0.03161755611 
 8434 	 0.03332054880 
 8435 	 0.03501125177 
 8436 	 0.03668810120 
 8437 	 0.03834926941 
 8438 	 0.03999454564 
 8439 	 0.04162166738 
 8440 	 0.04323058377 
 8441 	 0.04482045677 
 8442 	 0.04639123982 
 8443 	 0.04794212326 
 8444 	 0.04947401868 
 8445 	 0.05098549790 
 8446 	 0.05247770446 
 8447 	 0.05394982989 
 8448 	 0.05540269430 
 8449 	 0.05683588001 
 8450 	 0.05825034405 
 8451 	 0.05964637904 
 8452 	 0.06102341774 
 8453 	 0.06238258821 
 8454 	 0.06372377369 
 8455 	 0.06504701260 
 8456 	 0.06635496690 
 8457 	 0.06764598874 
 8458 	 0.06892026754 
 8459 	 0.07017866318 
 8460 	 0.07142170067 
 8461 	 0.07264955779 
 8462 	 0.07386290836 
 8463 	 0.07506182016 
 8464 	 0.07624714407 
 8465 	 0.07741880238 
 8466 	 0.07857746435 
 8467 	 0.07972246324 
 8468 	 0.08085691549 
 8469 	 0.08197798852 
 8470 	 0.08308768640 
 8471 	 0.08418611871 
 8472 	 0.08527299701 
 8473 	 0.08634887635 
 8474 	 0.08741438388 
 8475 	 0.08846869195 
 8476 	 0.08951398705 
 8477 	 0.09054917056 
 8478 	 0.09157522143 
 8479 	 0.09259235122 
 8480 	 0.09359992677 
 8481 	 0.09459824351 
 8482 	 0.09558935184 
 8483 	 0.09657153777 
 8484 	 0.09754454490 
 8485 	 0.09850998452 
 8486 	 0.09946823561 
 8487 	 0.10041894221 
 8488 	 0.10136171283 
 8489 	 0.10229751938 
 8490 	 0.10322709261 
 8491 	 0.10414920347 
 8492 	 0.10506423678 
 8493 	 0.10597267879 
 8494 	 0.10687550102 
 8495 	 0.10777159494 
 8496 	 0.10866114207 
 8497 	 0.10954483741 
 8498 	 0.11042243487 
 8499 	 0.11129415618 
 8500 	 0.11216057050 
 8501 	 -0.00000000000 
 8502 	 0.00000000009 
 8503 	 -0.00000000054 
 8504 	 0.00000009010 
 8505 	 0.00000177377 
 8506 	 0.00001226367 
 8507 	 0.00004838680 
 8508 	 0.00013545599 
 8509 	 0.00030188604 
 8510 	 0.00057317415 
 8511 	 0.00096830943 
 8512 	 0.00149999451 
 8513 	 0.00217182924 
 8514 	 0.00298352901 
 8515 	 0.00392903269 
 8516 	 0.00499919902 
 8517 	 0.00618339884 
 8518 	 0.00747090950 
 8519 	 0.00884864190 
 8520 	 0.01030487530 
 8521 	 0.01182837613 
 8522 	 0.01340867289 
 8523 	 0.01503553195 
 8524 	 0.01670012338 
 8525 	 0.01839425664 
 8526 	 0.02011107551 
 8527 	 0.02184355626 
 8528 	 0.02358597344 
 8529 	 0.02533385583 
 8530 	 0.02708266055 
 8531 	 0.02882833312 
 8532 	 0.03056772423 
 8533 	 0.03229804086 
 8534 	 0.03401690373 
 8535 	 0.03572216171 
 8536 	 0.03741345256 
 8537 	 0.03908754180 
 8538 	 0.04074502847 
 8539 	 0.04238337318 
 8540 	 0.04400296112 
 8541 	 0.04560284823 
 8542 	 0.04718270624 
 8543 	 0.04874275487 
 8544 	 0.05028254075 
 8545 	 0.05180194179 
 8546 	 0.05330126491 
 8547 	 0.05478030141 
 8548 	 0.05623946257 
 8549 	 0.05767908966 
 8550 	 0.05909907713 
 8551 	 0.06050086137 
 8552 	 0.06188336210 
 8553 	 0.06324706226 
 8554 	 0.06459386592 
 8555 	 0.06592295568 
 8556 	 0.06723478356 
 8557 	 0.06853002198 
 8558 	 0.06980842672 
 8559 	 0.07107129984 
 8560 	 0.07231815470 
 8561 	 0.07355045449 
 8562 	 0.07476748462 
 8563 	 0.07597085500 
 8564 	 0.07715977747 
 8565 	 0.07833548031 
 8566 	 0.07949677913 
 8567 	 0.08064775610 
 8568 	 0.08178475442 
 8569 	 0.08290974684 
 8570 	 0.08402349216 
 8571 	 0.08512528179 
 8572 	 0.08621571388 
 8573 	 0.08729544967 
 8574 	 0.08836403263 
 8575 	 0.08942219679 
 8576 	 0.09047135681 
 8577 	 0.09151044386 
 8578 	 0.09254057101 
 8579 	 0.09356086142 
 8580 	 0.09457154308 
 8581 	 0.09557494981 
 8582 	 0.09656918614 
 8583 	 0.09755403458 
 8584 	 0.09853110536 
 8585 	 0.09950079540 
 8586 	 0.10046276470 
 8587 	 0.10141661433 
 8588 	 0.10236339491 
 8589 	 0.10330369755 
 8590 	 0.10423639251 
 8591 	 0.10516185220 
 8592 	 0.10608073537 
 8593 	 0.10699363371 
 8594 	 0.10789971411 
 8595 	 0.10879913296 
 8596 	 0.10969259644 
 8597 	 0.11057979924 
 8598 	 0.11146110786 
 8599 	 0.11233684065 
 8600 	 0.11320653059 
 8601 	 0.00000000002 
 8602 	 0.00000000004 
 8603 	 -0.00000000038 
 8604 	 0.00000010715 
 8605 	 0.00000201230 
 8606 	 0.00001367918 
 8607 	 0.00005315236 
 8608 	 0.00014719685 
 8609 	 0.00032506845 
 8610 	 0.00061277213 
 8611 	 0.00102908349 
 8612 	 0.00158616572 
 8613 	 0.00228686172 
 8614 	 0.00313047880 
 8615 	 0.00410988747 
 8616 	 0.00521493108 
 8617 	 0.00643493880 
 8618 	 0.00775760210 
 8619 	 0.00917040271 
 8620 	 0.01066087597 
 8621 	 0.01221783653 
 8622 	 0.01382995198 
 8623 	 0.01548746518 
 8624 	 0.01718121618 
 8625 	 0.01890293657 
 8626 	 0.02064620044 
 8627 	 0.02240332845 
 8628 	 0.02416901684 
 8629 	 0.02593848734 
 8630 	 0.02770800112 
 8631 	 0.02947275513 
 8632 	 0.03122999831 
 8633 	 0.03297699914 
 8634 	 0.03471154122 
 8635 	 0.03643170379 
 8636 	 0.03813569089 
 8637 	 0.03982339586 
 8638 	 0.04149210852 
 8639 	 0.04314166042 
 8640 	 0.04477127740 
 8641 	 0.04638090445 
 8642 	 0.04796967150 
 8643 	 0.04953843942 
 8644 	 0.05108584315 
 8645 	 0.05261298476 
 8646 	 0.05411912360 
 8647 	 0.05560496999 
 8648 	 0.05707034977 
 8649 	 0.05851591404 
 8650 	 0.05994233170 
 8651 	 0.06134866301 
 8652 	 0.06273670528 
 8653 	 0.06410594444 
 8654 	 0.06545712954 
 8655 	 0.06679060006 
 8656 	 0.06810754257 
 8657 	 0.06940678451 
 8658 	 0.07068977643 
 8659 	 0.07195656465 
 8660 	 0.07320787290 
 8661 	 0.07444379498 
 8662 	 0.07566509552 
 8663 	 0.07687170663 
 8664 	 0.07806517943 
 8665 	 0.07924423885 
 8666 	 0.08041099933 
 8667 	 0.08156436449 
 8668 	 0.08270494598 
 8669 	 0.08383438534 
 8670 	 0.08495142177 
 8671 	 0.08605673380 
 8672 	 0.08715095168 
 8673 	 0.08823386811 
 8674 	 0.08930658485 
 8675 	 0.09036885872 
 8676 	 0.09142119304 
 8677 	 0.09246458777 
 8678 	 0.09349784126 
 8679 	 0.09452107412 
 8680 	 0.09553701747 
 8681 	 0.09654353750 
 8682 	 0.09754042963 
 8683 	 0.09852932997 
 8684 	 0.09951062189 
 8685 	 0.10048405261 
 8686 	 0.10144916431 
 8687 	 0.10240704628 
 8688 	 0.10335826263 
 8689 	 0.10430170678 
 8690 	 0.10523775163 
 8691 	 0.10616712945 
 8692 	 0.10709032235 
 8693 	 0.10800652889 
 8694 	 0.10891596804 
 8695 	 0.10981932345 
 8696 	 0.11071626040 
 8697 	 0.11160725827 
 8698 	 0.11249237028 
 8699 	 0.11337124599 
 8700 	 0.11424519432 
 8701 	 -0.00000000007 
 8702 	 -0.00000000011 
 8703 	 -0.00000000021 
 8704 	 0.00000012573 
 8705 	 0.00000230412 
 8706 	 0.00001521733 
 8707 	 0.00005829723 
 8708 	 0.00015960847 
 8709 	 0.00034947470 
 8710 	 0.00065402142 
 8711 	 0.00109237262 
 8712 	 0.00167544907 
 8713 	 0.00240593118 
 8714 	 0.00328159086 
 8715 	 0.00429464796 
 8716 	 0.00543465500 
 8717 	 0.00669029806 
 8718 	 0.00804851620 
 8719 	 0.00949612327 
 8720 	 0.01102064431 
 8721 	 0.01261055725 
 8722 	 0.01425448114 
 8723 	 0.01594221876 
 8724 	 0.01766491600 
 8725 	 0.01941413060 
 8726 	 0.02118285784 
 8727 	 0.02296427973 
 8728 	 0.02475282340 
 8729 	 0.02654395652 
 8730 	 0.02833310220 
 8731 	 0.03011659112 
 8732 	 0.03189117900 
 8733 	 0.03365436463 
 8734 	 0.03540408895 
 8735 	 0.03713870613 
 8736 	 0.03885614891 
 8737 	 0.04055578495 
 8738 	 0.04223588238 
 8739 	 0.04389606433 
 8740 	 0.04553570312 
 8741 	 0.04715441062 
 8742 	 0.04875235994 
 8743 	 0.05032905954 
 8744 	 0.05188436079 
 8745 	 0.05341859816 
 8746 	 0.05493160504 
 8747 	 0.05642371820 
 8748 	 0.05789544618 
 8749 	 0.05934611701 
 8750 	 0.06077867637 
 8751 	 0.06219071545 
 8752 	 0.06358335399 
 8753 	 0.06495759605 
 8754 	 0.06631376679 
 8755 	 0.06765234672 
 8756 	 0.06897308281 
 8757 	 0.07027672025 
 8758 	 0.07156387427 
 8759 	 0.07283480083 
 8760 	 0.07409006932 
 8761 	 0.07533002182 
 8762 	 0.07655537550 
 8763 	 0.07776624837 
 8764 	 0.07896286004 
 8765 	 0.08014629117 
 8766 	 0.08131661089 
 8767 	 0.08247308417 
 8768 	 0.08361862416 
 8769 	 0.08475127162 
 8770 	 0.08587179607 
 8771 	 0.08698074073 
 8772 	 0.08807837550 
 8773 	 0.08916533139 
 8774 	 0.09024158407 
 8775 	 0.09130738081 
 8776 	 0.09236432791 
 8777 	 0.09341080548 
 8778 	 0.09444745936 
 8779 	 0.09547551028 
 8780 	 0.09649453436 
 8781 	 0.09750335869 
 8782 	 0.09850463883 
 8783 	 0.09949770101 
 8784 	 0.10048279965 
 8785 	 0.10145936325 
 8786 	 0.10242848086 
 8787 	 0.10339080112 
 8788 	 0.10434516514 
 8789 	 0.10529195928 
 8790 	 0.10623196330 
 8791 	 0.10716560083 
 8792 	 0.10809210423 
 8793 	 0.10901166084 
 8794 	 0.10992506977 
 8795 	 0.11083186797 
 8796 	 0.11173267051 
 8797 	 0.11262729908 
 8798 	 0.11351600976 
 8799 	 0.11439911061 
 8800 	 0.11527642064 
