 13201 	 -0.00000000002 
 13202 	 0.00000000002 
 13203 	 0.00000000124 
 13204 	 0.00000000125 
 13205 	 0.00000003769 
 13206 	 0.00000043291 
 13207 	 0.00000248561 
 13208 	 0.00000937621 
 13209 	 0.00002670362 
 13210 	 0.00006222708 
 13211 	 0.00012516145 
 13212 	 0.00022490256 
 13213 	 0.00037058828 
 13214 	 0.00056986827 
 13215 	 0.00082881171 
 13216 	 0.00115166740 
 13217 	 0.00154097351 
 13218 	 0.00199833053 
 13219 	 0.00252301245 
 13220 	 0.00311332028 
 13221 	 0.00376747508 
 13222 	 0.00448255227 
 13223 	 0.00525491981 
 13224 	 0.00608079275 
 13225 	 0.00695635691 
 13226 	 0.00787744270 
 13227 	 0.00884035079 
 13228 	 0.00984074547 
 13229 	 0.01087528304 
 13230 	 0.01193982851 
 13231 	 0.01303102245 
 13232 	 0.01414563156 
 13233 	 0.01528050739 
 13234 	 0.01643278727 
 13235 	 0.01759977870 
 13236 	 0.01877893601 
 13237 	 0.01996793256 
 13238 	 0.02116485260 
 13239 	 0.02236746028 
 13240 	 0.02357432709 
 13241 	 0.02478340372 
 13242 	 0.02599343994 
 13243 	 0.02720302938 
 13244 	 0.02841091147 
 13245 	 0.02961558458 
 13246 	 0.03081751706 
 13247 	 0.03201498426 
 13248 	 0.03320611324 
 13249 	 0.03439213850 
 13250 	 0.03557142891 
 13251 	 0.03674319499 
 13252 	 0.03790712308 
 13253 	 0.03906325292 
 13254 	 0.04021094274 
 13255 	 0.04135013407 
 13256 	 0.04248013730 
 13257 	 0.04360154933 
 13258 	 0.04471328660 
 13259 	 0.04581534169 
 13260 	 0.04690801952 
 13261 	 0.04799070816 
 13262 	 0.04906413846 
 13263 	 0.05012765732 
 13264 	 0.05118126983 
 13265 	 0.05222560831 
 13266 	 0.05325950812 
 13267 	 0.05428524321 
 13268 	 0.05530057228 
 13269 	 0.05630690669 
 13270 	 0.05730375950 
 13271 	 0.05829102627 
 13272 	 0.05926889574 
 13273 	 0.06023775639 
 13274 	 0.06119779793 
 13275 	 0.06214860900 
 13276 	 0.06309145325 
 13277 	 0.06402553123 
 13278 	 0.06495079319 
 13279 	 0.06586797937 
 13280 	 0.06677778338 
 13281 	 0.06767856979 
 13282 	 0.06857201503 
 13283 	 0.06945774142 
 13284 	 0.07033549725 
 13285 	 0.07120558769 
 13286 	 0.07206842011 
 13287 	 0.07292404378 
 13288 	 0.07377237571 
 13289 	 0.07461394298 
 13290 	 0.07544852317 
 13291 	 0.07627596339 
 13292 	 0.07709775536 
 13293 	 0.07791274948 
 13294 	 0.07872119237 
 13295 	 0.07952316438 
 13296 	 0.08031994617 
 13297 	 0.08111004593 
 13298 	 0.08189421039 
 13299 	 0.08267266425 
 13300 	 0.08344590198 
 13301 	 -0.00000000002 
 13302 	 0.00000000003 
 13303 	 0.00000000069 
 13304 	 0.00000000059 
 13305 	 0.00000005612 
 13306 	 0.00000061488 
 13307 	 0.00000338963 
 13308 	 0.00001240779 
 13309 	 0.00003437794 
 13310 	 0.00007835964 
 13311 	 0.00015462606 
 13312 	 0.00027352655 
 13313 	 0.00044447876 
 13314 	 0.00067514963 
 13315 	 0.00097188213 
 13316 	 0.00133785658 
 13317 	 0.00177579026 
 13318 	 0.00228573851 
 13319 	 0.00286646288 
 13320 	 0.00351626450 
 13321 	 0.00423194520 
 13322 	 0.00501007008 
 13323 	 0.00584610949 
 13324 	 0.00673626348 
 13325 	 0.00767646479 
 13326 	 0.00866165365 
 13327 	 0.00968762341 
 13328 	 0.01075046885 
 13329 	 0.01184575764 
 13330 	 0.01296975292 
 13331 	 0.01411885981 
 13332 	 0.01528962879 
 13333 	 0.01647890393 
 13334 	 0.01768373856 
 13335 	 0.01890121108 
 13336 	 0.02012927214 
 13337 	 0.02136519463 
 13338 	 0.02260702332 
 13339 	 0.02385283840 
 13340 	 0.02510048967 
 13341 	 0.02634926087 
 13342 	 0.02759695295 
 13343 	 0.02884231285 
 13344 	 0.03008447075 
 13345 	 0.03132302891 
 13346 	 0.03255547208 
 13347 	 0.03378233559 
 13348 	 0.03500267996 
 13349 	 0.03621539125 
 13350 	 0.03742020089 
 13351 	 0.03861627706 
 13352 	 0.03980353745 
 13353 	 0.04098156809 
 13354 	 0.04215123420 
 13355 	 0.04331074622 
 13356 	 0.04446044455 
 13357 	 0.04559961206 
 13358 	 0.04672899546 
 13359 	 0.04784783657 
 13360 	 0.04895645159 
 13361 	 0.05005478596 
 13362 	 0.05114244546 
 13363 	 0.05222033810 
 13364 	 0.05328703378 
 13365 	 0.05434509798 
 13366 	 0.05539206042 
 13367 	 0.05642947916 
 13368 	 0.05745674607 
 13369 	 0.05847390796 
 13370 	 0.05948101971 
 13371 	 0.06047855815 
 13372 	 0.06146677381 
 13373 	 0.06244496398 
 13374 	 0.06341531800 
 13375 	 0.06437585452 
 13376 	 0.06532640894 
 13377 	 0.06627060214 
 13378 	 0.06720501756 
 13379 	 0.06813041295 
 13380 	 0.06904853598 
 13381 	 0.06995792388 
 13382 	 0.07085900227 
 13383 	 0.07175206633 
 13384 	 0.07263767586 
 13385 	 0.07351542758 
 13386 	 0.07438576491 
 13387 	 0.07524880210 
 13388 	 0.07610447602 
 13389 	 0.07695329923 
 13390 	 0.07779536555 
 13391 	 0.07863043192 
 13392 	 0.07945842130 
 13393 	 0.08028101682 
 13394 	 0.08109651334 
 13395 	 0.08190569477 
 13396 	 0.08270872249 
 13397 	 0.08350619178 
 13398 	 0.08429805701 
 13399 	 0.08508377291 
 13400 	 0.08586377823 
 13401 	 -0.00000000003 
 13402 	 -0.00000000002 
 13403 	 -0.00000000102 
 13404 	 0.00000000293 
 13405 	 0.00000008206 
 13406 	 0.00000086377 
 13407 	 0.00000456615 
 13408 	 0.00001616563 
 13409 	 0.00004364445 
 13410 	 0.00009740746 
 13411 	 0.00018879998 
 13412 	 0.00032906352 
 13413 	 0.00052753241 
 13414 	 0.00079246101 
 13415 	 0.00112936863 
 13416 	 0.00154132577 
 13417 	 0.00202998585 
 13418 	 0.00259472920 
 13419 	 0.00323346852 
 13420 	 0.00394375025 
 13421 	 0.00472228809 
 13422 	 0.00556400759 
 13423 	 0.00646452513 
 13424 	 0.00741938461 
 13425 	 0.00842344738 
 13426 	 0.00947210913 
 13427 	 0.01056075207 
 13428 	 0.01168464258 
 13429 	 0.01283964673 
 13430 	 0.01402175391 
 13431 	 0.01522718750 
 13432 	 0.01645245760 
 13433 	 0.01769432462 
 13434 	 0.01894962507 
 13435 	 0.02021608258 
 13436 	 0.02149069550 
 13437 	 0.02277144724 
 13438 	 0.02405609145 
 13439 	 0.02534281664 
 13440 	 0.02662976248 
 13441 	 0.02791551144 
 13442 	 0.02919848211 
 13443 	 0.03047791498 
 13444 	 0.03175293521 
 13445 	 0.03302122248 
 13446 	 0.03428361856 
 13447 	 0.03553834021 
 13448 	 0.03678474504 
 13449 	 0.03802233236 
 13450 	 0.03925098798 
 13451 	 0.04047000937 
 13452 	 0.04167952713 
 13453 	 0.04287825657 
 13454 	 0.04406759216 
 13455 	 0.04524557947 
 13456 	 0.04641284144 
 13457 	 0.04756916226 
 13458 	 0.04871440803 
 13459 	 0.04984902145 
 13460 	 0.05097225600 
 13461 	 0.05208487093 
 13462 	 0.05318605616 
 13463 	 0.05427732040 
 13464 	 0.05535725157 
 13465 	 0.05642687722 
 13466 	 0.05748581553 
 13467 	 0.05853400311 
 13468 	 0.05957153494 
 13469 	 0.06059887087 
 13470 	 0.06161632418 
 13471 	 0.06262338518 
 13472 	 0.06362172064 
 13473 	 0.06460976522 
 13474 	 0.06558780845 
 13475 	 0.06655832747 
 13476 	 0.06751856550 
 13477 	 0.06846992938 
 13478 	 0.06941294602 
 13479 	 0.07034687741 
 13480 	 0.07127211042 
 13481 	 0.07218910970 
 13482 	 0.07309797105 
 13483 	 0.07399844418 
 13484 	 0.07489165366 
 13485 	 0.07577678178 
 13486 	 0.07665423725 
 13487 	 0.07752483544 
 13488 	 0.07838791923 
 13489 	 0.07924352787 
 13490 	 0.08009277907 
 13491 	 0.08093530987 
 13492 	 0.08177045906 
 13493 	 0.08259918010 
 13494 	 0.08342175731 
 13495 	 0.08423879834 
 13496 	 0.08504911933 
 13497 	 0.08585340067 
 13498 	 0.08665152893 
 13499 	 0.08744376391 
 13500 	 0.08823124422 
 13501 	 -0.00000000009 
 13502 	 -0.00000000011 
 13503 	 -0.00000000081 
 13504 	 0.00000000497 
 13505 	 0.00000012652 
 13506 	 0.00000119251 
 13507 	 0.00000606685 
 13508 	 0.00002077467 
 13509 	 0.00005471632 
 13510 	 0.00011968848 
 13511 	 0.00022805702 
 13512 	 0.00039171011 
 13513 	 0.00062042986 
 13514 	 0.00092237498 
 13515 	 0.00130180822 
 13516 	 0.00176198893 
 13517 	 0.00230339705 
 13518 	 0.00292448823 
 13519 	 0.00362333127 
 13520 	 0.00439568324 
 13521 	 0.00523738112 
 13522 	 0.00614332271 
 13523 	 0.00710859632 
 13524 	 0.00812770667 
 13525 	 0.00919555205 
 13526 	 0.01030703859 
 13527 	 0.01145713590 
 13528 	 0.01264111767 
 13529 	 0.01385453065 
 13530 	 0.01509325275 
 13531 	 0.01635317233 
 13532 	 0.01763139949 
 13533 	 0.01892398035 
 13534 	 0.02022815044 
 13535 	 0.02154113166 
 13536 	 0.02286053447 
 13537 	 0.02418390038 
 13538 	 0.02550931611 
 13539 	 0.02683476292 
 13540 	 0.02815866588 
 13541 	 0.02947936722 
 13542 	 0.03079614787 
 13543 	 0.03210788307 
 13544 	 0.03341219521 
 13545 	 0.03471009391 
 13546 	 0.03599963513 
 13547 	 0.03728017714 
 13548 	 0.03855105765 
 13549 	 0.03981205250 
 13550 	 0.04106248547 
 13551 	 0.04230349443 
 13552 	 0.04353312633 
 13553 	 0.04475151291 
 13554 	 0.04595820369 
 13555 	 0.04715360826 
 13556 	 0.04833716396 
 13557 	 0.04950938256 
 13558 	 0.05066967081 
 13559 	 0.05181847003 
 13560 	 0.05295570930 
 13561 	 0.05408128843 
 13562 	 0.05519577463 
 13563 	 0.05629882591 
 13564 	 0.05739083668 
 13565 	 0.05847129751 
 13566 	 0.05954052346 
 13567 	 0.06059890111 
 13568 	 0.06164676754 
 13569 	 0.06268363478 
 13570 	 0.06371119481 
 13571 	 0.06472786780 
 13572 	 0.06573409223 
 13573 	 0.06673214913 
 13574 	 0.06771931441 
 13575 	 0.06869737699 
 13576 	 0.06966630816 
 13577 	 0.07062570892 
 13578 	 0.07157597252 
 13579 	 0.07251765707 
 13580 	 0.07345061027 
 13581 	 0.07437505404 
 13582 	 0.07529137558 
 13583 	 0.07619937184 
 13584 	 0.07709963353 
 13585 	 0.07799227181 
 13586 	 0.07887705183 
 13587 	 0.07975412657 
 13588 	 0.08062485629 
 13589 	 0.08148762825 
 13590 	 0.08234336022 
 13591 	 0.08319207917 
 13592 	 0.08403564014 
 13593 	 0.08487151427 
 13594 	 0.08570141653 
 13595 	 0.08652456898 
 13596 	 0.08734114730 
 13597 	 0.08815301631 
 13598 	 0.08895776478 
 13599 	 0.08975757482 
 13600 	 0.09055156178 
