 11265 	 0.02962701128 
 11266 	 0.03046267517 
 11267 	 0.03129650955 
 11268 	 0.03212771087 
 11269 	 0.03295648355 
 11270 	 0.03378228144 
 11271 	 0.03460474212 
 11272 	 0.03542465403 
 11273 	 0.03624079477 
 11274 	 0.03705292641 
 11275 	 0.03786205281 
 11276 	 0.03866696070 
 11277 	 0.03946774889 
 11278 	 0.04026432129 
 11279 	 0.04105668676 
 11280 	 0.04184482113 
 11281 	 0.04262849833 
 11282 	 0.04340761082 
 11283 	 0.04418246269 
 11284 	 0.04495262414 
 11285 	 0.04571800101 
 11286 	 0.04647898298 
 11287 	 0.04723477728 
 11288 	 0.04798734186 
 11289 	 0.04873431670 
 11290 	 0.04947651012 
 11291 	 0.05021412169 
 11292 	 0.05094709781 
 11293 	 0.05167538439 
 11294 	 0.05239860924 
 11295 	 0.05311757589 
 11296 	 0.05383194132 
 11297 	 0.05454148567 
 11298 	 0.05524613249 
 11299 	 0.05594682718 
 11300 	 0.05664270300 
 11301 	 0.05733393412 
 11302 	 0.05802029583 
 11303 	 0.05870373633 
 11304 	 0.05938168280 
 11305 	 0.06005501168 
 11306 	 0.06072464279 
 11307 	 0.06138968390 
 11308 	 0.06205029442 
 11309 	 0.06270700178 
 11310 	 0.06335939124 
 11311 	 0.06400727568 
 11312 	 0.06465224260 
 11313 	 0.06529188301 
 11314 	 0.06592881234 
 11315 	 0.06656132415 
 11316 	 0.06718973161 
 11317 	 0.06781417438 
 11318 	 0.06843475462 
 11319 	 0.06905187523 
 11320 	 0.06966515186 
 11321 	 0.07027467601 
 11322 	 0.07088053573 
 11323 	 0.07148293541 
 11324 	 0.07208182171 
 11325 	 0.07267707225 
 11326 	 0.07326889293 
 11327 	 0.07385739158 
 11328 	 0.07444263552 
 11329 	 0.07502467243 
 11330 	 0.07560277580 
 11331 	 0.07617847751 
 11332 	 0.07675080999 
 11333 	 0.07731983025 
 11334 	 0.07788550218 
 11335 	 0.07844805620 
 11336 	 0.07900884728 
 11337 	 0.07956590815 
 11338 	 0.08011985830 
 11339 	 0.08067084844 
 11340 	 0.08121878041 
 11341 	 0.08176471841 
 11342 	 0.08230765513 
 11343 	 0.08284770079 
 11344 	 0.08338494584 
 11345 	 0.08391945884 
 11346 	 0.08445129181 
 11347 	 0.08498051176 
 11348 	 0.08550714642 
 11349 	 0.08603149033 
 11350 	 0.08655275214 
 11351 	 0.08707183677 
 11352 	 0.08758860933 
 11353 	 0.08810250715 
 11354 	 0.08861495158 
 11355 	 0.08912444710 
 11356 	 0.08963116087 
 11357 	 0.09013686367 
 11358 	 0.09064007305 
 11359 	 0.09114085681 
 11360 	 0.09163931157 
 11361 	 -0.00000000001 
 11362 	 0.00000000004 
 11363 	 0.00000000004 
 11364 	 0.00000000109 
 11365 	 0.00000000008 
 11366 	 -0.00000000241 
 11367 	 0.00000000884 
 11368 	 0.00000012610 
 11369 	 0.00000056172 
 11370 	 0.00000197409 
 11371 	 0.00000540597 
 11372 	 0.00001253996 
 11373 	 0.00002578627 
 11374 	 0.00004789651 
 11375 	 0.00008204853 
 11376 	 0.00013163227 
 11377 	 0.00019994469 
 11378 	 0.00029031165 
 11379 	 0.00040538197 
 11380 	 0.00054799019 
 11381 	 0.00072006099 
 11382 	 0.00092344880 
 11383 	 0.00115913379 
 11384 	 0.00142804465 
 11385 	 0.00173058772 
 11386 	 0.00206702537 
 11387 	 0.00243707194 
 11388 	 0.00284009973 
 11389 	 0.00327547267 
 11390 	 0.00374219270 
 11391 	 0.00423917069 
 11392 	 0.00476528656 
 11393 	 0.00531935214 
 11394 	 0.00589995624 
 11395 	 0.00650582919 
 11396 	 0.00713530423 
 11397 	 0.00778717930 
 11398 	 0.00845992298 
 11399 	 0.00915215125 
 11400 	 0.00986247524 
 11401 	 0.01058959854 
 11402 	 0.01133253101 
 11403 	 0.01208945719 
 11404 	 0.01285940385 
 11405 	 0.01364125966 
 11406 	 0.01443389909 
 11407 	 0.01523611666 
 11408 	 0.01604711887 
 11409 	 0.01686598280 
 11410 	 0.01769131704 
 11411 	 0.01852298146 
 11412 	 0.01935988445 
 11413 	 0.02020084821 
 11414 	 0.02104550530 
 11415 	 0.02189301225 
 11416 	 0.02274286240 
 11417 	 0.02359456592 
 11418 	 0.02444742658 
 11419 	 0.02530090204 
 11420 	 0.02615465939 
 11421 	 0.02700789590 
 11422 	 0.02786047216 
 11423 	 0.02871183700 
 11424 	 0.02956175735 
 11425 	 0.03040974230 
 11426 	 0.03125568887 
 11427 	 0.03209904136 
 11428 	 0.03293987153 
 11429 	 0.03377767666 
 11430 	 0.03461203290 
 11431 	 0.03544376548 
 11432 	 0.03627161357 
 11433 	 0.03709536444 
 11434 	 0.03791595532 
 11435 	 0.03873222565 
 11436 	 0.03954423957 
 11437 	 0.04035191096 
 11438 	 0.04115517351 
 11439 	 0.04195422346 
 11440 	 0.04274858228 
 11441 	 0.04353828790 
 11442 	 0.04432355041 
 11443 	 0.04510398863 
 11444 	 0.04587955993 
 11445 	 0.04665041617 
 11446 	 0.04741685033 
 11447 	 0.04817841307 
 11448 	 0.04893493372 
 11449 	 0.04968645703 
 11450 	 0.05043352355 
 11451 	 0.05117568192 
 11452 	 0.05191295398 
 11453 	 0.05264522374 
 11454 	 0.05337289595 
 11455 	 0.05409583011 
 11456 	 0.05481383246 
 11457 	 0.05552701381 
 11458 	 0.05623591628 
 11459 	 0.05693987967 
 11460 	 0.05763911040 
 11461 	 0.05833446400 
 11462 	 0.05902469130 
 11463 	 0.05971029524 
 11464 	 0.06039146240 
 11465 	 0.06106841416 
 11466 	 0.06174072121 
 11467 	 0.06240875523 
 11468 	 0.06307261119 
 11469 	 0.06373184789 
 11470 	 0.06438763774 
 11471 	 0.06503860094 
 11472 	 0.06568575682 
 11473 	 0.06632905055 
 11474 	 0.06696805655 
 11475 	 0.06760291957 
 11476 	 0.06823381892 
 11477 	 0.06886096529 
 11478 	 0.06948430541 
 11479 	 0.07010375249 
 11480 	 0.07071940089 
 11481 	 0.07133138581 
 11482 	 0.07193988018 
 11483 	 0.07254461079 
 11484 	 0.07314571541 
 11485 	 0.07374342075 
 11486 	 0.07433776123 
 11487 	 0.07492867682 
 11488 	 0.07551576201 
 11489 	 0.07610031082 
 11490 	 0.07668133677 
 11491 	 0.07725900502 
 11492 	 0.07783316889 
 11493 	 0.07840405318 
 11494 	 0.07897318791 
 11495 	 0.07953852899 
 11496 	 0.08010062909 
 11497 	 0.08065968105 
 11498 	 0.08121555306 
 11499 	 0.08176939931 
 11500 	 0.08232015555 
 11501 	 0.08286793556 
 11502 	 0.08341283429 
 11503 	 0.08395492315 
 11504 	 0.08449425642 
 11505 	 0.08503090519 
 11506 	 0.08556491485 
 11507 	 0.08609653564 
 11508 	 0.08662499998 
 11509 	 0.08715092395 
 11510 	 0.08767512337 
 11511 	 0.08819643730 
 11512 	 0.08871539064 
 11513 	 0.08923176992 
 11514 	 0.08974548415 
 11515 	 0.09025792010 
 11516 	 0.09076779585 
 11517 	 0.09127520289 
 11518 	 0.09178022856 
 11519 	 0.09228293859 
 11520 	 0.09278339279 
 11521 	 -0.00000000001 
 11522 	 0.00000000003 
 11523 	 0.00000000003 
 11524 	 -0.00000000006 
 11525 	 -0.00000000005 
 11526 	 -0.00000000785 
 11527 	 0.00000001457 
 11528 	 0.00000015094 
 11529 	 0.00000066611 
 11530 	 0.00000228368 
 11531 	 0.00000618020 
 11532 	 0.00001427456 
 11533 	 0.00002906367 
 11534 	 0.00005353354 
 11535 	 0.00009111762 
 11536 	 0.00014523459 
 11537 	 0.00021951610 
 11538 	 0.00031705376 
 11539 	 0.00044087332 
 11540 	 0.00059345781 
 11541 	 0.00077693737 
 11542 	 0.00099311967 
 11543 	 0.00124284297 
 11544 	 0.00152666224 
 11545 	 0.00184560878 
 11546 	 0.00219909407 
 11547 	 0.00258709218 
 11548 	 0.00300876421 
 11549 	 0.00346329926 
 11550 	 0.00394956767 
 11551 	 0.00446653492 
 11552 	 0.00501287050 
 11553 	 0.00558727917 
 11554 	 0.00618845569 
 11555 	 0.00681497582 
 11556 	 0.00746498392 
 11557 	 0.00813723088 
 11558 	 0.00883023467 
 11559 	 0.00954255115 
 11560 	 0.01027265279 
 11561 	 0.01101954041 
 11562 	 0.01178151778 
 11563 	 0.01255737540 
 11564 	 0.01334592023 
 11565 	 0.01414590072 
 11566 	 0.01495626823 
 11567 	 0.01577597588 
 11568 	 0.01660398474 
 11569 	 0.01743914724 
 11570 	 0.01828090687 
 11571 	 0.01912823137 
 11572 	 0.01998011677 
 11573 	 0.02083594809 
 11574 	 0.02169487760 
 11575 	 0.02255638579 
 11576 	 0.02341976772 
 11577 	 0.02428474717 
 11578 	 0.02515022692 
 11579 	 0.02601623590 
 11580 	 0.02688175372 
 11581 	 0.02774661641 
 11582 	 0.02861027672 
 11583 	 0.02947254011 
 11584 	 0.03033283325 
 11585 	 0.03119103899 
 11586 	 0.03204663106 
 11587 	 0.03289959250 
 11588 	 0.03374950828 
 11589 	 0.03459583470 
 11590 	 0.03543950157 
 11591 	 0.03627917100 
 11592 	 0.03711462774 
 11593 	 0.03794681100 
 11594 	 0.03877455415 
 11595 	 0.03959791165 
 11596 	 0.04041679719 
 11597 	 0.04123116535 
 11598 	 0.04204114900 
 11599 	 0.04284630896 
 11600 	 0.04364671144 
 11601 	 0.04444249684 
 11602 	 0.04523332774 
 11603 	 0.04601913503 
 11604 	 0.04680006104 
 11605 	 0.04757656065 
 11606 	 0.04834789310 
 11607 	 0.04911407406 
 11608 	 0.04987521861 
 11609 	 0.05063164293 
 11610 	 0.05138307963 
 11611 	 0.05212944780 
 11612 	 0.05287081302 
 11613 	 0.05360731023 
 11614 	 0.05433892006 
 11615 	 0.05506548378 
 11616 	 0.05578734932 
 11617 	 0.05650446562 
 11618 	 0.05721661919 
 11619 	 0.05792394451 
 11620 	 0.05862738323 
 11621 	 0.05932544526 
 11622 	 0.06001880772 
 11623 	 0.06070780118 
 11624 	 0.06139218760 
 11625 	 0.06207187660 
 11626 	 0.06274741183 
 11627 	 0.06341837720 
 11628 	 0.06408461932 
 11629 	 0.06474769274 
 11630 	 0.06540540849 
 11631 	 0.06605988919 
 11632 	 0.06670980066 
 11633 	 0.06735539781 
 11634 	 0.06799683889 
 11635 	 0.06863429276 
 11636 	 0.06926796733 
 11637 	 0.06989760072 
 11638 	 0.07052329482 
 11639 	 0.07114506376 
 11640 	 0.07176342155 
 11641 	 0.07237782926 
 11642 	 0.07298854811 
 11643 	 0.07359579413 
 11644 	 0.07419896786 
 11645 	 0.07479943379 
 11646 	 0.07539532269 
 11647 	 0.07598918840 
 11648 	 0.07657910572 
 11649 	 0.07716559608 
 11650 	 0.07774848608 
 11651 	 0.07832784958 
 11652 	 0.07890548800 
 11653 	 0.07947935643 
 11654 	 0.08004978725 
 11655 	 0.08061708107 
 11656 	 0.08118101784 
 11657 	 0.08174295468 
 11658 	 0.08230170651 
 11659 	 0.08285738831 
 11660 	 0.08341010282 
 11661 	 0.08395992473 
 11662 	 0.08450691135 
 11663 	 0.08505113625 
 11664 	 0.08559264814 
 11665 	 0.08613169817 
 11666 	 0.08666751432 
 11667 	 0.08720080194 
 11668 	 0.08773215735 
 11669 	 0.08826061412 
 11670 	 0.08878662881 
 11671 	 0.08931002030 
 11672 	 0.08983080024 
 11673 	 0.09035010335 
 11674 	 0.09086678023 
 11675 	 0.09138093656 
 11676 	 0.09189265444 
 11677 	 0.09240200449 
 11678 	 0.09290904630 
 11679 	 0.09341371308 
 11680 	 0.09391691921 
 11681 	 0.00000000003 
 11682 	 0.00000000001 
 11683 	 0.00000000004 
 11684 	 0.00000000031 
 11685 	 -0.00000000253 
 11686 	 -0.00000000326 
 11687 	 0.00000001293 
 11688 	 0.00000018114 
 11689 	 0.00000078226 
 11690 	 0.00000264551 
 11691 	 0.00000709824 
 11692 	 0.00001617699 
 11693 	 0.00003265896 
 11694 	 0.00005970994 
 11695 	 0.00010090556 
 11696 	 0.00015991077 
 11697 	 0.00024034682 
 11698 	 0.00034538851 
 11699 	 0.00047830181 
 11700 	 0.00064124859 
 11701 	 0.00083659444 
 11702 	 0.00106600491 
 11703 	 0.00132998831 
 11704 	 0.00162956947 
 11705 	 0.00196460119 
 11706 	 0.00233557037 
 11707 	 0.00274200163 
 11708 	 0.00318231957 
 11709 	 0.00365624445 
 11710 	 0.00416230058 
 11711 	 0.00469937183 
 11712 	 0.00526616185 
 11713 	 0.00586117988 
 11714 	 0.00648299531 
 11715 	 0.00712985284 
 11716 	 0.00780043507 
 11717 	 0.00849305360 
 11718 	 0.00920621827 
 11719 	 0.00993840594 
 11720 	 0.01068831737 
 11721 	 0.01145458861 
 11722 	 0.01223555784 
 11723 	 0.01303008005 
 11724 	 0.01383687126 
 11725 	 0.01465483974 
 11726 	 0.01548277536 
 11727 	 0.01631951924 
 11728 	 0.01716413114 
 11729 	 0.01801574617 
 11730 	 0.01887329717 
 11731 	 0.01973588131 
 11732 	 0.02060269004 
 11733 	 0.02147299605 
 11734 	 0.02234597262 
 11735 	 0.02322109256 
 11736 	 0.02409799528 
 11737 	 0.02497541247 
 11738 	 0.02585368728 
 11739 	 0.02673150737 
 11740 	 0.02760867514 
 11741 	 0.02848466282 
 11742 	 0.02935932922 
 11743 	 0.03023199618 
 11744 	 0.03110252862 
 11745 	 0.03197045275 
 11746 	 0.03283561552 
 11747 	 0.03369775255 
 11748 	 0.03455612648 
 11749 	 0.03541184643 
 11750 	 0.03626345634 
 11751 	 0.03711071044 
 11752 	 0.03795461963 
 11753 	 0.03879395290 
 11754 	 0.03962877561 
 11755 	 0.04045899729 
 11756 	 0.04128458230 
 11757 	 0.04210562721 
 11758 	 0.04292171263 
 11759 	 0.04373292481 
 11760 	 0.04453933409 
 11761 	 0.04534069679 
 11762 	 0.04613684128 
 11763 	 0.04692797673 
 11764 	 0.04771463940 
 11765 	 0.04849586340 
 11766 	 0.04927182312 
 11767 	 0.05004268067 
 11768 	 0.05080858024 
 11769 	 0.05156939806 
 11770 	 0.05232458836 
 11771 	 0.05307529421 
 11772 	 0.05382094552 
 11773 	 0.05456133983 
 11774 	 0.05529639780 
 11775 	 0.05602713199 
 11776 	 0.05675262423 
