 3201 	 -0.00000000001 
 3202 	 -0.00000000002 
 3203 	 0.00000000023 
 3204 	 -0.00000000114 
 3205 	 0.00000000043 
 3206 	 0.00000000029 
 3207 	 -0.00000000111 
 3208 	 -0.00000001082 
 3209 	 0.00000000632 
 3210 	 0.00000006247 
 3211 	 0.00000022640 
 3212 	 0.00000067517 
 3213 	 0.00000173402 
 3214 	 0.00000385300 
 3215 	 0.00000775080 
 3216 	 0.00001429365 
 3217 	 0.00002459873 
 3218 	 0.00003989049 
 3219 	 0.00006155209 
 3220 	 0.00009105202 
 3221 	 0.00012979404 
 3222 	 0.00017940574 
 3223 	 0.00024122161 
 3224 	 0.00031646995 
 3225 	 0.00040660920 
 3226 	 0.00051248251 
 3227 	 0.00063514865 
 3228 	 0.00077537020 
 3229 	 0.00093415917 
 3230 	 0.00111135793 
 3231 	 0.00130794416 
 3232 	 0.00152371988 
 3233 	 0.00175904302 
 3234 	 0.00201393043 
 3235 	 0.00228816821 
 3236 	 0.00258185832 
 3237 	 0.00289423725 
 3238 	 0.00322527561 
 3239 	 0.00357442515 
 3240 	 0.00394134933 
 3241 	 0.00432548564 
 3242 	 0.00472612523 
 3243 	 0.00514329743 
 3244 	 0.00557587429 
 3245 	 0.00602339218 
 3246 	 0.00648541209 
 3247 	 0.00696103701 
 3248 	 0.00744981104 
 3249 	 0.00795095822 
 3250 	 0.00846404921 
 3251 	 0.00898839325 
 3252 	 0.00952330033 
 3253 	 0.01006821953 
 3254 	 0.01062282957 
 3255 	 0.01118636301 
 3256 	 0.01175809697 
 3257 	 0.01233762867 
 3258 	 0.01292451623 
 3259 	 0.01351811215 
 3260 	 0.01411808603 
 3261 	 0.01472380508 
 3262 	 0.01533500467 
 3263 	 0.01595104511 
 3264 	 0.01657167528 
 3265 	 0.01719627521 
 3266 	 0.01782485413 
 3267 	 0.01845669215 
 3268 	 0.01909146156 
 3269 	 0.01972881369 
 3270 	 0.02036853866 
 3271 	 0.02101021573 
 3272 	 0.02165332635 
 3273 	 0.02229836113 
 3274 	 0.02294414693 
 3275 	 0.02359141402 
 3276 	 0.02423894347 
 3277 	 0.02488694124 
 3278 	 0.02553532857 
 3279 	 0.02618356795 
 3280 	 0.02683152432 
 3281 	 0.02747918543 
 3282 	 0.02812615434 
 3283 	 0.02877254600 
 3284 	 0.02941795214 
 3285 	 0.03006227965 
 3286 	 0.03070552611 
 3287 	 0.03134740292 
 3288 	 0.03198772332 
 3289 	 0.03262678639 
 3290 	 0.03326405591 
 3291 	 0.03389942821 
 3292 	 0.03453310129 
 3293 	 0.03516509057 
 3294 	 0.03579487873 
 3295 	 0.03642236699 
 3296 	 0.03704788036 
 3297 	 0.03767132847 
 3298 	 0.03829230376 
 3299 	 0.03891088202 
 3300 	 0.03952698181 
 3301 	 -0.00000000001 
 3302 	 -0.00000000002 
 3303 	 0.00000000019 
 3304 	 -0.00000000038 
 3305 	 -0.00000000013 
 3306 	 0.00000000024 
 3307 	 0.00000000284 
 3308 	 -0.00000000458 
 3309 	 0.00000000516 
 3310 	 0.00000009673 
 3311 	 0.00000033102 
 3312 	 0.00000097649 
 3313 	 0.00000242061 
 3314 	 0.00000528077 
 3315 	 0.00001039078 
 3316 	 0.00001887637 
 3317 	 0.00003197683 
 3318 	 0.00005114663 
 3319 	 0.00007797071 
 3320 	 0.00011403882 
 3321 	 0.00016100513 
 3322 	 0.00022045265 
 3323 	 0.00029381055 
 3324 	 0.00038240103 
 3325 	 0.00048783811 
 3326 	 0.00061085633 
 3327 	 0.00075225126 
 3328 	 0.00091327426 
 3329 	 0.00109409636 
 3330 	 0.00129520368 
 3331 	 0.00151684016 
 3332 	 0.00175929718 
 3333 	 0.00202253937 
 3334 	 0.00230639450 
 3335 	 0.00261086261 
 3336 	 0.00293522858 
 3337 	 0.00327943351 
 3338 	 0.00364271366 
 3339 	 0.00402493342 
 3340 	 0.00442543287 
 3341 	 0.00484325204 
 3342 	 0.00527828260 
 3343 	 0.00572972770 
 3344 	 0.00619691382 
 3345 	 0.00667903228 
 3346 	 0.00717549466 
 3347 	 0.00768561114 
 3348 	 0.00820869893 
 3349 	 0.00874401331 
 3350 	 0.00929096439 
 3351 	 0.00984885123 
 3352 	 0.01041715017 
 3353 	 0.01099528154 
 3354 	 0.01158231205 
 3355 	 0.01217787791 
 3356 	 0.01278134011 
 3357 	 0.01339212595 
 3358 	 0.01400975507 
 3359 	 0.01463364503 
 3360 	 0.01526339704 
 3361 	 0.01589832233 
 3362 	 0.01653824591 
 3363 	 0.01718238933 
 3364 	 0.01783075286 
 3365 	 0.01848259465 
 3366 	 0.01913754544 
 3367 	 0.01979518232 
 3368 	 0.02045538617 
 3369 	 0.02111760166 
 3370 	 0.02178148846 
 3371 	 0.02244692423 
 3372 	 0.02311350535 
 3373 	 0.02378124440 
 3374 	 0.02444933811 
 3375 	 0.02511798314 
 3376 	 0.02578679064 
 3377 	 0.02645537880 
 3378 	 0.02712369458 
 3379 	 0.02779148050 
 3380 	 0.02845857824 
 3381 	 0.02912484521 
 3382 	 0.02979001012 
 3383 	 0.03045400077 
 3384 	 0.03111671890 
 3385 	 0.03177781608 
 3386 	 0.03243743539 
 3387 	 0.03309538540 
 3388 	 0.03375130744 
 3389 	 0.03440525611 
 3390 	 0.03505762877 
 3391 	 0.03570766101 
 3392 	 0.03635525011 
 3393 	 0.03700065535 
 3394 	 0.03764394532 
 3395 	 0.03828461078 
 3396 	 0.03892271562 
 3397 	 0.03955818343 
 3398 	 0.04019102290 
 3399 	 0.04082114161 
 3400 	 0.04144875338 
 3401 	 -0.00000000001 
 3402 	 -0.00000000004 
 3403 	 -0.00000000003 
 3404 	 -0.00000000031 
 3405 	 -0.00000000091 
 3406 	 0.00000000017 
 3407 	 0.00000000048 
 3408 	 0.00000000453 
 3409 	 0.00000002165 
 3410 	 0.00000014527 
 3411 	 0.00000047973 
 3412 	 0.00000138403 
 3413 	 0.00000332722 
 3414 	 0.00000710867 
 3415 	 0.00001372721 
 3416 	 0.00002452856 
 3417 	 0.00004095275 
 3418 	 0.00006466543 
 3419 	 0.00009743385 
 3420 	 0.00014100097 
 3421 	 0.00019720927 
 3422 	 0.00026762968 
 3423 	 0.00035386651 
 3424 	 0.00045734648 
 3425 	 0.00057924176 
 3426 	 0.00072068600 
 3427 	 0.00088262764 
 3428 	 0.00106547762 
 3429 	 0.00126979307 
 3430 	 0.00149594889 
 3431 	 0.00174426754 
 3432 	 0.00201457799 
 3433 	 0.00230680064 
 3434 	 0.00262092675 
 3435 	 0.00295616587 
 3436 	 0.00331245898 
 3437 	 0.00368899114 
 3438 	 0.00408547077 
 3439 	 0.00450131740 
 3440 	 0.00493553520 
 3441 	 0.00538772210 
 3442 	 0.00585723702 
 3443 	 0.00634335480 
 3444 	 0.00684493937 
 3445 	 0.00736169545 
 3446 	 0.00789257014 
 3447 	 0.00843696068 
 3448 	 0.00899409920 
 3449 	 0.00956319118 
 3450 	 0.01014354610 
 3451 	 0.01073473113 
 3452 	 0.01133589965 
 3453 	 0.01194621376 
 3454 	 0.01256509481 
 3455 	 0.01319210197 
 3456 	 0.01382642989 
 3457 	 0.01446769050 
 3458 	 0.01511504141 
 3459 	 0.01576833929 
 3460 	 0.01642701399 
 3461 	 0.01709018502 
 3462 	 0.01775785027 
 3463 	 0.01842917525 
 3464 	 0.01910407355 
 3465 	 0.01978177482 
 3466 	 0.02046212223 
 3467 	 0.02114464756 
 3468 	 0.02182894245 
 3469 	 0.02251484126 
 3470 	 0.02320199971 
 3471 	 0.02389022770 
 3472 	 0.02457867086 
 3473 	 0.02526805050 
 3474 	 0.02595729159 
 3475 	 0.02664625871 
 3476 	 0.02733491484 
 3477 	 0.02802290947 
 3478 	 0.02871015635 
 3479 	 0.02939638815 
 3480 	 0.03008140204 
 3481 	 0.03076517527 
 3482 	 0.03144739474 
 3483 	 0.03212771239 
 3484 	 0.03280685876 
 3485 	 0.03348375480 
 3486 	 0.03415823331 
 3487 	 0.03483147891 
 3488 	 0.03550222763 
 3489 	 0.03617041360 
 3490 	 0.03683603910 
 3491 	 0.03749972208 
 3492 	 0.03816054368 
 3493 	 0.03881869360 
 3494 	 0.03947404537 
 3495 	 0.04012658275 
 3496 	 0.04077630727 
 3497 	 0.04142321985 
 3498 	 0.04206718248 
 3499 	 0.04270811170 
 3500 	 0.04334606481 
 3501 	 0.00000000000 
 3502 	 -0.00000000005 
 3503 	 0.00000000000 
 3504 	 -0.00000000036 
 3505 	 0.00000000086 
 3506 	 -0.00000000099 
 3507 	 -0.00000000239 
 3508 	 0.00000000694 
 3509 	 0.00000004834 
 3510 	 0.00000020964 
 3511 	 0.00000068668 
 3512 	 0.00000191159 
 3513 	 0.00000449021 
 3514 	 0.00000940799 
 3515 	 0.00001786166 
 3516 	 0.00003141503 
 3517 	 0.00005173535 
 3518 	 0.00008071344 
 3519 	 0.00012026053 
 3520 	 0.00017233138 
 3521 	 0.00023884233 
 3522 	 0.00032138260 
 3523 	 0.00042185655 
 3524 	 0.00054136238 
 3525 	 0.00068126321 
 3526 	 0.00084254520 
 3527 	 0.00102611657 
 3528 	 0.00123224036 
 3529 	 0.00146133698 
 3530 	 0.00171415770 
 3531 	 0.00199012524 
 3532 	 0.00228935670 
 3533 	 0.00261192100 
 3534 	 0.00295681111 
 3535 	 0.00332401857 
 3536 	 0.00371269080 
 3537 	 0.00412243644 
 3538 	 0.00455256028 
 3539 	 0.00500233254 
 3540 	 0.00547068932 
 3541 	 0.00595750071 
 3542 	 0.00646191393 
 3543 	 0.00698244874 
 3544 	 0.00751872473 
 3545 	 0.00806983221 
 3546 	 0.00863484705 
 3547 	 0.00921323595 
 3548 	 0.00980398682 
 3549 	 0.01040644192 
 3550 	 0.01102008483 
 3551 	 0.01164370549 
 3552 	 0.01227684406 
 3553 	 0.01291879861 
 3554 	 0.01356883205 
 3555 	 0.01422644409 
 3556 	 0.01489083861 
 3557 	 0.01556164950 
 3558 	 0.01623818145 
 3559 	 0.01691980265 
 3560 	 0.01760590620 
 3561 	 0.01829659658 
 3562 	 0.01899102649 
 3563 	 0.01968843435 
 3564 	 0.02038867002 
 3565 	 0.02109125800 
 3566 	 0.02179576076 
 3567 	 0.02250202041 
 3568 	 0.02320956315 
 3569 	 0.02391826446 
 3570 	 0.02462721217 
 3571 	 0.02533707738 
 3572 	 0.02604678012 
 3573 	 0.02675616722 
 3574 	 0.02746520338 
 3575 	 0.02817343345 
 3576 	 0.02888094919 
 3577 	 0.02958725938 
 3578 	 0.03029219872 
 3579 	 0.03099588334 
 3580 	 0.03169775051 
 3581 	 0.03239785584 
 3582 	 0.03309620470 
 3583 	 0.03379225029 
 3584 	 0.03448608034 
 3585 	 0.03517805880 
 3586 	 0.03586739063 
 3587 	 0.03655396991 
 3588 	 0.03723820603 
 3589 	 0.03791969333 
 3590 	 0.03859848027 
 3591 	 0.03927424644 
 3592 	 0.03994702419 
 3593 	 0.04061686205 
 3594 	 0.04128364150 
 3595 	 0.04194739338 
 3596 	 0.04260792267 
 3597 	 0.04326525541 
 3598 	 0.04391956465 
 3599 	 0.04457049685 
 3600 	 0.04521827764 
