 7681 	 -0.00000000001 
 7682 	 0.00000000000 
 7683 	 0.00000000015 
 7684 	 0.00000000003 
 7685 	 0.00000000291 
 7686 	 -0.00000000006 
 7687 	 0.00000000049 
 7688 	 0.00000000098 
 7689 	 -0.00000001352 
 7690 	 0.00000000484 
 7691 	 0.00000004863 
 7692 	 0.00000016248 
 7693 	 0.00000043860 
 7694 	 0.00000108130 
 7695 	 0.00000233655 
 7696 	 0.00000461807 
 7697 	 0.00000844683 
 7698 	 0.00001446327 
 7699 	 0.00002344548 
 7700 	 0.00003624916 
 7701 	 0.00005383337 
 7702 	 0.00007721541 
 7703 	 0.00010738830 
 7704 	 0.00014541491 
 7705 	 0.00019232852 
 7706 	 0.00024899445 
 7707 	 0.00031648710 
 7708 	 0.00039560195 
 7709 	 0.00048696873 
 7710 	 0.00059142978 
 7711 	 0.00070961599 
 7712 	 0.00084206386 
 7713 	 0.00098887087 
 7714 	 0.00115050118 
 7715 	 0.00132720356 
 7716 	 0.00151915675 
 7717 	 0.00172648000 
 7718 	 0.00194913173 
 7719 	 0.00218681434 
 7720 	 0.00244034706 
 7721 	 0.00270857232 
 7722 	 0.00299130225 
 7723 	 0.00328894060 
 7724 	 0.00360045457 
 7725 	 0.00392610423 
 7726 	 0.00426522199 
 7727 	 0.00461745796 
 7728 	 0.00498266664 
 7729 	 0.00536011837 
 7730 	 0.00574975296 
 7731 	 0.00615100839 
 7732 	 0.00656331190 
 7733 	 0.00698628124 
 7734 	 0.00741958021 
 7735 	 0.00786263410 
 7736 	 0.00831517656 
 7737 	 0.00877666470 
 7738 	 0.00924666683 
 7739 	 0.00972480376 
 7740 	 0.01021059676 
 7741 	 0.01070402387 
 7742 	 0.01120431284 
 7743 	 0.01171103090 
 7744 	 0.01222390943 
 7745 	 0.01274263811 
 7746 	 0.01326678374 
 7747 	 0.01379603596 
 7748 	 0.01433011508 
 7749 	 0.01486853475 
 7750 	 0.01541124998 
 7751 	 0.01595772891 
 7752 	 0.01650777208 
 7753 	 0.01706096695 
 7754 	 0.01761736859 
 7755 	 0.01817621561 
 7756 	 0.01873788482 
 7757 	 0.01930158956 
 7758 	 0.01986721182 
 7759 	 0.02043467132 
 7760 	 0.02100362664 
 7761 	 0.02157381667 
 7762 	 0.02214531205 
 7763 	 0.02271771479 
 7764 	 0.02329104421 
 7765 	 0.02386488424 
 7766 	 0.02443907163 
 7767 	 0.02501370947 
 7768 	 0.02558849550 
 7769 	 0.02616316103 
 7770 	 0.02673759620 
 7771 	 0.02731185995 
 7772 	 0.02788562510 
 7773 	 0.02845889602 
 7774 	 0.02903153181 
 7775 	 0.02960336808 
 7776 	 0.03017430407 
 7777 	 0.03074447321 
 7778 	 0.03131348353 
 7779 	 0.03188127657 
 7780 	 0.03244809681 
 7781 	 0.03301358322 
 7782 	 0.03357758366 
 7783 	 0.03413996057 
 7784 	 0.03470151199 
 7785 	 0.03526134103 
 7786 	 0.03581943693 
 7787 	 0.03637571917 
 7788 	 0.03693045618 
 7789 	 0.03748363040 
 7790 	 0.03803486937 
 7791 	 0.03858425879 
 7792 	 0.03913171616 
 7793 	 0.03967720905 
 7794 	 0.04022075025 
 7795 	 0.04076230464 
 7796 	 0.04130201868 
 7797 	 0.04183961879 
 7798 	 0.04237511098 
 7799 	 0.04290843743 
 7800 	 0.04343987522 
 7801 	 0.04396924382 
 7802 	 0.04449634285 
 7803 	 0.04502139652 
 7804 	 0.04554408980 
 7805 	 0.04606474022 
 7806 	 0.04658309474 
 7807 	 0.04709994289 
 7808 	 0.04761427786 
 7809 	 0.04812630835 
 7810 	 0.04863609893 
 7811 	 0.04914367639 
 7812 	 0.04964914127 
 7813 	 0.05015247211 
 7814 	 0.05065354250 
 7815 	 0.05115255685 
 7816 	 0.05164924421 
 7817 	 0.05214359756 
 7818 	 0.05263590148 
 7819 	 0.05312621174 
 7820 	 0.05361424743 
 7821 	 0.05410004174 
 7822 	 0.05458361626 
 7823 	 0.05506501234 
 7824 	 0.05554464182 
 7825 	 0.05602194664 
 7826 	 0.05649706245 
 7827 	 0.05697002675 
 7828 	 0.05744086916 
 7829 	 0.05791037409 
 7830 	 0.05837719610 
 7831 	 0.05884189033 
 7832 	 0.05930450595 
 7833 	 0.05976498581 
 7834 	 0.06022382938 
 7835 	 0.06068050740 
 7836 	 0.06113508274 
 7837 	 0.06158759248 
 7838 	 0.06203834073 
 7839 	 0.06248711822 
 7840 	 0.06293381637 
 7841 	 -0.00000000001 
 7842 	 0.00000000000 
 7843 	 0.00000000016 
 7844 	 -0.00000000001 
 7845 	 -0.00000000012 
 7846 	 -0.00000000086 
 7847 	 -0.00000000039 
 7848 	 -0.00000000145 
 7849 	 -0.00000000282 
 7850 	 0.00000000310 
 7851 	 0.00000006595 
 7852 	 0.00000020552 
 7853 	 0.00000055712 
 7854 	 0.00000136886 
 7855 	 0.00000291531 
 7856 	 0.00000569858 
 7857 	 0.00001027419 
 7858 	 0.00001742547 
 7859 	 0.00002800092 
 7860 	 0.00004293369 
 7861 	 0.00006328022 
 7862 	 0.00009013568 
 7863 	 0.00012454796 
 7864 	 0.00016768578 
 7865 	 0.00022061268 
 7866 	 0.00028422814 
 7867 	 0.00035953101 
 7868 	 0.00044744807 
 7869 	 0.00054862855 
 7870 	 0.00066381465 
 7871 	 0.00079352327 
 7872 	 0.00093843565 
 7873 	 0.00109856322 
 7874 	 0.00127434972 
 7875 	 0.00146587963 
 7876 	 0.00167360572 
 7877 	 0.00189705730 
 7878 	 0.00213669832 
 7879 	 0.00239231439 
 7880 	 0.00266343648 
 7881 	 0.00294996710 
 7882 	 0.00325177572 
 7883 	 0.00356830290 
 7884 	 0.00389944583 
 7885 	 0.00424470638 
 7886 	 0.00460370412 
 7887 	 0.00497620579 
 7888 	 0.00536149829 
 7889 	 0.00575947443 
 7890 	 0.00616955927 
 7891 	 0.00659113229 
 7892 	 0.00702381208 
 7893 	 0.00746720851 
 7894 	 0.00792071522 
 7895 	 0.00838406611 
 7896 	 0.00885669275 
 7897 	 0.00933795414 
 7898 	 0.00982789780 
 7899 	 0.01032570480 
 7900 	 0.01083124725 
 7901 	 0.01134375240 
 7902 	 0.01186299836 
 7903 	 0.01238843511 
 7904 	 0.01292000610 
 7905 	 0.01345700082 
 7906 	 0.01399926313 
 7907 	 0.01454633043 
 7908 	 0.01509781622 
 7909 	 0.01565356554 
 7910 	 0.01621339194 
 7911 	 0.01677653316 
 7912 	 0.01734277750 
 7913 	 0.01791245236 
 7914 	 0.01848469335 
 7915 	 0.01905927307 
 7916 	 0.01963597086 
 7917 	 0.02021464674 
 7918 	 0.02079499214 
 7919 	 0.02137676314 
 7920 	 0.02195984111 
 7921 	 0.02254394089 
 7922 	 0.02312901814 
 7923 	 0.02371489115 
 7924 	 0.02430106112 
 7925 	 0.02488764681 
 7926 	 0.02547453263 
 7927 	 0.02606130995 
 7928 	 0.02664786887 
 7929 	 0.02723424120 
 7930 	 0.02782013177 
 7931 	 0.02840550299 
 7932 	 0.02899024407 
 7933 	 0.02957415558 
 7934 	 0.03015711819 
 7935 	 0.03073930384 
 7936 	 0.03132027947 
 7937 	 0.03189998528 
 7938 	 0.03247866954 
 7939 	 0.03305595402 
 7940 	 0.03363168789 
 7941 	 0.03420578781 
 7942 	 0.03477892875 
 7943 	 0.03535027472 
 7944 	 0.03591980532 
 7945 	 0.03648745321 
 7946 	 0.03705356103 
 7947 	 0.03761793312 
 7948 	 0.03818027451 
 7949 	 0.03874066582 
 7950 	 0.03929905125 
 7951 	 0.03985539466 
 7952 	 0.04040977025 
 7953 	 0.04096196202 
 7954 	 0.04151221193 
 7955 	 0.04206026030 
 7956 	 0.04260611329 
 7957 	 0.04314979635 
 7958 	 0.04369143795 
 7959 	 0.04423068996 
 7960 	 0.04476793688 
 7961 	 0.04530262627 
 7962 	 0.04583531912 
 7963 	 0.04636560299 
 7964 	 0.04689400741 
 7965 	 0.04742010217 
 7966 	 0.04794376427 
 7967 	 0.04846507077 
 7968 	 0.04898406215 
 7969 	 0.04950077660 
 7970 	 0.05001536119 
 7971 	 0.05052757997 
 7972 	 0.05103761829 
 7973 	 0.05154526194 
 7974 	 0.05205039220 
 7975 	 0.05255362007 
 7976 	 0.05305447146 
 7977 	 0.05355309639 
 7978 	 0.05404937871 
 7979 	 0.05454334295 
 7980 	 0.05503495748 
 7981 	 0.05552483892 
 7982 	 0.05601226131 
 7983 	 0.05649739928 
 7984 	 0.05698029323 
 7985 	 0.05746097498 
 7986 	 0.05794023544 
 7987 	 0.05841672079 
 7988 	 0.05889099111 
 7989 	 0.05936309716 
 7990 	 0.05983302422 
 7991 	 0.06030117526 
 7992 	 0.06076707918 
 7993 	 0.06123079567 
 7994 	 0.06169213565 
 7995 	 0.06215216304 
 7996 	 0.06260984459 
 7997 	 0.06306530237 
 7998 	 0.06351854838 
 7999 	 0.06397088195 
 8000 	 0.06442046558 
 8001 	 -0.00000000001 
 8002 	 0.00000000000 
 8003 	 0.00000000022 
 8004 	 0.00000000001 
 8005 	 -0.00000000012 
 8006 	 -0.00000000106 
 8007 	 -0.00000000079 
 8008 	 -0.00000000151 
 8009 	 0.00000000297 
 8010 	 0.00000001103 
 8011 	 0.00000008499 
 8012 	 0.00000026335 
 8013 	 0.00000072182 
 8014 	 0.00000171672 
 8015 	 0.00000360481 
 8016 	 0.00000695795 
 8017 	 0.00001242096 
 8018 	 0.00002086767 
 8019 	 0.00003321086 
 8020 	 0.00005051683 
 8021 	 0.00007392999 
 8022 	 0.00010455549 
 8023 	 0.00014366076 
 8024 	 0.00019234394 
 8025 	 0.00025162065 
 8026 	 0.00032269510 
 8027 	 0.00040645701 
 8028 	 0.00050364491 
 8029 	 0.00061517823 
 8030 	 0.00074152351 
 8031 	 0.00088363063 
 8032 	 0.00104146463 
 8033 	 0.00121542635 
 8034 	 0.00140586665 
 8035 	 0.00161298056 
 8036 	 0.00183660528 
 8037 	 0.00207710305 
 8038 	 0.00233412469 
 8039 	 0.00260752342 
 8040 	 0.00289693297 
 8041 	 0.00320225448 
 8042 	 0.00352308273 
 8043 	 0.00385911319 
 8044 	 0.00420988036 
 8045 	 0.00457506763 
 8046 	 0.00495429048 
 8047 	 0.00534690147 
 8048 	 0.00575271686 
 8049 	 0.00617114348 
 8050 	 0.00660155107 
 8051 	 0.00704351573 
 8052 	 0.00749661688 
 8053 	 0.00796021441 
 8054 	 0.00843402558 
 8055 	 0.00891746056 
 8056 	 0.00940973181 
 8057 	 0.00991114970 
 8058 	 0.01042070075 
 8059 	 0.01093806774 
 8060 	 0.01146259683 
 8061 	 0.01199414344 
 8062 	 0.01253206297 
 8063 	 0.01307615261 
 8064 	 0.01362577918 
 8065 	 0.01418090501 
 8066 	 0.01474080934 
 8067 	 0.01530541245 
 8068 	 0.01587411687 
 8069 	 0.01644685168 
 8070 	 0.01702300419 
 8071 	 0.01760258418 
 8072 	 0.01818493360 
 8073 	 0.01877030358 
 8074 	 0.01935786797 
 8075 	 0.01994750638 
 8076 	 0.02053908159 
 8077 	 0.02113228560 
 8078 	 0.02172676211 
 8079 	 0.02232254487 
 8080 	 0.02291910923 
 8081 	 0.02351702690 
 8082 	 0.02411514887 
 8083 	 0.02471360698 
 8084 	 0.02531260607 
 8085 	 0.02591150761 
 8086 	 0.02651021342 
 8087 	 0.02710871825 
 8088 	 0.02770678287 
 8089 	 0.02830429735 
 8090 	 0.02890121649 
 8091 	 0.02949728117 
 8092 	 0.03009232996 
 8093 	 0.03068663943 
 8094 	 0.03127968715 
 8095 	 0.03187141734 
 8096 	 0.03246205009 
 8097 	 0.03305126340 
 8098 	 0.03363885879 
 8099 	 0.03422475495 
 8100 	 0.03480963213 
 8101 	 0.03539263811 
 8102 	 0.03597375814 
 8103 	 0.03655263286 
 8104 	 0.03713048615 
 8105 	 0.03770596928 
 8106 	 0.03827978470 
 8107 	 0.03885134299 
 8108 	 0.03942079611 
 8109 	 0.03998813973 
 8110 	 0.04055337386 
 8111 	 0.04111644835 
 8112 	 0.04167738962 
 8113 	 0.04223603756 
 8114 	 0.04279240318 
 8115 	 0.04334655821 
 8116 	 0.04389853557 
 8117 	 0.04444804427 
 8118 	 0.04499536763 
 8119 	 0.04554013263 
 8120 	 0.04608267380 
 8121 	 0.04662271991 
 8122 	 0.04716108926 
 8123 	 0.04769674414 
 8124 	 0.04822990410 
 8125 	 0.04876063602 
 8126 	 0.04928887493 
 8127 	 0.04981504708 
 8128 	 0.05033874161 
 8129 	 0.05086010831 
 8130 	 0.05137902941 
 8131 	 0.05189516910 
 8132 	 0.05240963299 
 8133 	 0.05292137567 
 8134 	 0.05343090387 
 8135 	 0.05393798093 
 8136 	 0.05444263844 
 8137 	 0.05494475928 
 8138 	 0.05544514620 
 8139 	 0.05594298939 
 8140 	 0.05643843806 
 8141 	 0.05693154344 
 8142 	 0.05742234033 
 8143 	 0.05791160289 
 8144 	 0.05839802948 
 8145 	 0.05888214438 
 8146 	 0.05936400394 
 8147 	 0.05984358784 
 8148 	 0.06032132175 
 8149 	 0.06079671585 
 8150 	 0.06126983243 
 8151 	 0.06174051968 
 8152 	 0.06220976583 
 8153 	 0.06267659333 
 8154 	 0.06314107750 
 8155 	 0.06360341651 
 8156 	 0.06406462240 
 8157 	 0.06452297764 
 8158 	 0.06497909302 
 8159 	 0.06543396199 
 8160 	 0.06588656384 
 8161 	 -0.00000000001 
 8162 	 0.00000000000 
 8163 	 0.00000000026 
 8164 	 -0.00000000032 
 8165 	 -0.00000000011 
 8166 	 -0.00000000161 
 8167 	 -0.00000000073 
 8168 	 -0.00000001035 
 8169 	 0.00000000669 
 8170 	 0.00000001884 
 8171 	 0.00000011119 
 8172 	 0.00000033672 
 8173 	 0.00000091202 
 8174 	 0.00000212996 
 8175 	 0.00000442807 
 8176 	 0.00000842925 
 8177 	 0.00001490910 
 8178 	 0.00002479745 
 8179 	 0.00003913210 
 8180 	 0.00005906352 
 8181 	 0.00008583297 
 8182 	 0.00012065682 
 8183 	 0.00016478714 
 8184 	 0.00021944685 
 8185 	 0.00028569892 
 8186 	 0.00036461274 
 8187 	 0.00045725810 
 8188 	 0.00056435025 
 8189 	 0.00068677897 
 8190 	 0.00082502953 
 8191 	 0.00097983703 
 8192 	 0.00115120525 
