 10401 	 -0.00000000003 
 10402 	 0.00000000004 
 10403 	 -0.00000000000 
 10404 	 -0.00000000000 
 10405 	 0.00000000005 
 10406 	 0.00000000002 
 10407 	 0.00000000015 
 10408 	 0.00000000036 
 10409 	 -0.00000000026 
 10410 	 0.00000000004 
 10411 	 -0.00000000015 
 10412 	 0.00000000191 
 10413 	 0.00000000044 
 10414 	 -0.00000000033 
 10415 	 -0.00000000089 
 10416 	 -0.00000000060 
 10417 	 -0.00000000177 
 10418 	 -0.00000000039 
 10419 	 -0.00000000506 
 10420 	 -0.00000000045 
 10421 	 -0.00000000042 
 10422 	 -0.00000000687 
 10423 	 0.00000000155 
 10424 	 -0.00000000734 
 10425 	 -0.00000000614 
 10426 	 -0.00000000235 
 10427 	 -0.00000000559 
 10428 	 -0.00000000346 
 10429 	 -0.00000000744 
 10430 	 -0.00000000087 
 10431 	 0.00000000117 
 10432 	 0.00000000250 
 10433 	 0.00000000403 
 10434 	 0.00000000583 
 10435 	 0.00000000785 
 10436 	 0.00000001057 
 10437 	 0.00000001835 
 10438 	 0.00000002293 
 10439 	 0.00000003596 
 10440 	 0.00000005310 
 10441 	 0.00000007503 
 10442 	 0.00000010414 
 10443 	 0.00000014401 
 10444 	 0.00000019128 
 10445 	 0.00000025284 
 10446 	 0.00000032945 
 10447 	 0.00000042436 
 10448 	 0.00000054036 
 10449 	 0.00000068281 
 10450 	 0.00000086076 
 10451 	 0.00000107210 
 10452 	 0.00000131887 
 10453 	 0.00000162373 
 10454 	 0.00000197629 
 10455 	 0.00000239526 
 10456 	 0.00000288277 
 10457 	 0.00000344358 
 10458 	 0.00000409270 
 10459 	 0.00000483536 
 10460 	 0.00000568363 
 10461 	 0.00000664979 
 10462 	 0.00000774501 
 10463 	 0.00000898016 
 10464 	 0.00001037048 
 10465 	 0.00001192409 
 10466 	 0.00001365543 
 10467 	 0.00001557909 
 10468 	 0.00001770783 
 10469 	 0.00002006443 
 10470 	 0.00002265482 
 10471 	 0.00002550023 
 10472 	 0.00002861226 
 10473 	 0.00003201435 
 10474 	 0.00003571197 
 10475 	 0.00003973667 
 10476 	 0.00004408423 
 10477 	 0.00004881137 
 10478 	 0.00005388663 
 10479 	 0.00005937600 
 10480 	 0.00006523753 
 10481 	 0.00007157142 
 10482 	 0.00007831890 
 10483 	 0.00008552914 
 10484 	 0.00009322770 
 10485 	 0.00010142894 
 10486 	 0.00011014800 
 10487 	 0.00011938160 
 10488 	 0.00012917326 
 10489 	 0.00013955540 
 10490 	 0.00015048940 
 10491 	 0.00016208374 
 10492 	 0.00017428330 
 10493 	 0.00018710994 
 10494 	 0.00020056906 
 10495 	 0.00021476565 
 10496 	 0.00022961847 
 10497 	 0.00024515721 
 10498 	 0.00026139982 
 10499 	 0.00027847247 
 10500 	 0.00029621338 
 10501 	 -0.00000000009 
 10502 	 0.00000000000 
 10503 	 0.00000000007 
 10504 	 0.00000000005 
 10505 	 -0.00000000016 
 10506 	 0.00000000002 
 10507 	 0.00000000037 
 10508 	 0.00000000033 
 10509 	 -0.00000000029 
 10510 	 0.00000000153 
 10511 	 -0.00000000019 
 10512 	 0.00000000065 
 10513 	 -0.00000000042 
 10514 	 -0.00000000074 
 10515 	 -0.00000000056 
 10516 	 -0.00000000077 
 10517 	 -0.00000000049 
 10518 	 -0.00000000142 
 10519 	 -0.00000000530 
 10520 	 -0.00000000093 
 10521 	 -0.00000000263 
 10522 	 -0.00000000766 
 10523 	 -0.00000000432 
 10524 	 -0.00000000110 
 10525 	 0.00000000137 
 10526 	 0.00000000324 
 10527 	 0.00000000564 
 10528 	 0.00000000839 
 10529 	 0.00000001190 
 10530 	 0.00000002190 
 10531 	 0.00000003338 
 10532 	 0.00000005196 
 10533 	 0.00000008072 
 10534 	 0.00000012226 
 10535 	 0.00000017400 
 10536 	 0.00000025139 
 10537 	 0.00000034928 
 10538 	 0.00000047710 
 10539 	 0.00000064238 
 10540 	 0.00000085477 
 10541 	 0.00000112559 
 10542 	 0.00000145925 
 10543 	 0.00000187792 
 10544 	 0.00000238347 
 10545 	 0.00000300402 
 10546 	 0.00000374316 
 10547 	 0.00000462521 
 10548 	 0.00000566731 
 10549 	 0.00000689000 
 10550 	 0.00000832195 
 10551 	 0.00000997709 
 10552 	 0.00001189466 
 10553 	 0.00001408493 
 10554 	 0.00001658107 
 10555 	 0.00001940914 
 10556 	 0.00002261125 
 10557 	 0.00002620444 
 10558 	 0.00003021858 
 10559 	 0.00003470405 
 10560 	 0.00003967683 
 10561 	 0.00004516545 
 10562 	 0.00005123563 
 10563 	 0.00005789136 
 10564 	 0.00006517157 
 10565 	 0.00007313709 
 10566 	 0.00008177917 
 10567 	 0.00009118039 
 10568 	 0.00010134058 
 10569 	 0.00011231501 
 10570 	 0.00012410836 
 10571 	 0.00013681427 
 10572 	 0.00015039409 
 10573 	 0.00016497136 
 10574 	 0.00018051811 
 10575 	 0.00019704606 
 10576 	 0.00021465366 
 10577 	 0.00023333998 
 10578 	 0.00025309610 
 10579 	 0.00027404680 
 10580 	 0.00029612854 
 10581 	 0.00031939540 
 10582 	 0.00034396577 
 10583 	 0.00036970439 
 10584 	 0.00039676532 
 10585 	 0.00042511030 
 10586 	 0.00045476720 
 10587 	 0.00048566482 
 10588 	 0.00051824406 
 10589 	 0.00055207938 
 10590 	 0.00058709859 
 10591 	 0.00062404252 
 10592 	 0.00066222818 
 10593 	 0.00070178827 
 10594 	 0.00074282894 
 10595 	 0.00078544246 
 10596 	 0.00082951475 
 10597 	 0.00087508634 
 10598 	 0.00092231733 
 10599 	 0.00097101554 
 10600 	 0.00102123864 
 10601 	 0.00000000003 
 10602 	 -0.00000000012 
 10603 	 0.00000000000 
 10604 	 0.00000000002 
 10605 	 0.00000000011 
 10606 	 0.00000000049 
 10607 	 0.00000000041 
 10608 	 -0.00000000002 
 10609 	 -0.00000000002 
 10610 	 -0.00000000099 
 10611 	 0.00000000126 
 10612 	 0.00000000003 
 10613 	 -0.00000000421 
 10614 	 -0.00000000090 
 10615 	 -0.00000000020 
 10616 	 -0.00000000551 
 10617 	 -0.00000000194 
 10618 	 -0.00000001187 
 10619 	 -0.00000000358 
 10620 	 -0.00000001220 
 10621 	 0.00000000159 
 10622 	 0.00000000457 
 10623 	 0.00000000755 
 10624 	 0.00000001079 
 10625 	 0.00000002320 
 10626 	 0.00000003832 
 10627 	 0.00000006208 
 10628 	 0.00000010500 
 10629 	 0.00000016194 
 10630 	 0.00000024981 
 10631 	 0.00000037007 
 10632 	 0.00000053499 
 10633 	 0.00000075756 
 10634 	 0.00000106039 
 10635 	 0.00000145053 
 10636 	 0.00000196334 
 10637 	 0.00000260810 
 10638 	 0.00000341667 
 10639 	 0.00000442134 
 10640 	 0.00000564960 
 10641 	 0.00000713684 
 10642 	 0.00000893093 
 10643 	 0.00001106837 
 10644 	 0.00001358631 
 10645 	 0.00001654296 
 10646 	 0.00001997716 
 10647 	 0.00002395021 
 10648 	 0.00002851084 
 10649 	 0.00003371314 
 10650 	 0.00003961618 
 10651 	 0.00004626559 
 10652 	 0.00005374851 
 10653 	 0.00006211291 
 10654 	 0.00007140548 
 10655 	 0.00008169524 
 10656 	 0.00009305913 
 10657 	 0.00010553055 
 10658 	 0.00011919522 
 10659 	 0.00013409114 
 10660 	 0.00015029514 
 10661 	 0.00016789386 
 10662 	 0.00018690629 
 10663 	 0.00020731536 
 10664 	 0.00022942521 
 10665 	 0.00025299862 
 10666 	 0.00027827324 
 10667 	 0.00030519349 
 10668 	 0.00033389268 
 10669 	 0.00036440071 
 10670 	 0.00039667688 
 10671 	 0.00043087364 
 10672 	 0.00046694845 
 10673 	 0.00050499642 
 10674 	 0.00054517712 
 10675 	 0.00058724690 
 10676 	 0.00063155683 
 10677 	 0.00067791245 
 10678 	 0.00072627330 
 10679 	 0.00077688208 
 10680 	 0.00082961614 
 10681 	 0.00088451662 
 10682 	 0.00094176383 
 10683 	 0.00100114747 
 10684 	 0.00106273176 
 10685 	 0.00112682961 
 10686 	 0.00119306997 
 10687 	 0.00126154709 
 10688 	 0.00133245987 
 10689 	 0.00140574791 
 10690 	 0.00148121634 
 10691 	 0.00155903883 
 10692 	 0.00163937060 
 10693 	 0.00172189150 
 10694 	 0.00180668144 
 10695 	 0.00189387582 
 10696 	 0.00198347135 
 10697 	 0.00207519285 
 10698 	 0.00216926030 
 10699 	 0.00226566005 
 10700 	 0.00236431206 
 10701 	 0.00000000007 
 10702 	 -0.00000000000 
 10703 	 0.00000000011 
 10704 	 0.00000000012 
 10705 	 0.00000000028 
 10706 	 0.00000000054 
 10707 	 0.00000000007 
 10708 	 0.00000000016 
 10709 	 -0.00000000023 
 10710 	 0.00000000091 
 10711 	 -0.00000000056 
 10712 	 -0.00000000072 
 10713 	 -0.00000000001 
 10714 	 0.00000000100 
 10715 	 -0.00000000065 
 10716 	 -0.00000000634 
 10717 	 -0.00000000452 
 10718 	 0.00000000123 
 10719 	 0.00000000516 
 10720 	 0.00000000894 
 10721 	 0.00000001747 
 10722 	 0.00000003254 
 10723 	 0.00000005545 
 10724 	 0.00000010441 
 10725 	 0.00000017312 
 10726 	 0.00000027968 
 10727 	 0.00000044077 
 10728 	 0.00000067557 
 10729 	 0.00000100240 
 10730 	 0.00000144492 
 10731 	 0.00000205174 
 10732 	 0.00000284796 
 10733 	 0.00000387887 
 10734 	 0.00000519426 
 10735 	 0.00000684659 
 10736 	 0.00000890518 
 10737 	 0.00001143030 
 10738 	 0.00001448811 
 10739 	 0.00001815935 
 10740 	 0.00002251996 
 10741 	 0.00002765574 
 10742 	 0.00003365395 
 10743 	 0.00004060787 
 10744 	 0.00004859998 
 10745 	 0.00005772221 
 10746 	 0.00006809171 
 10747 	 0.00007982469 
 10748 	 0.00009296408 
 10749 	 0.00010762436 
 10750 	 0.00012391482 
 10751 	 0.00014193784 
 10752 	 0.00016173258 
 10753 	 0.00018352688 
 10754 	 0.00020724674 
 10755 	 0.00023313915 
 10756 	 0.00026111266 
 10757 	 0.00029143038 
 10758 	 0.00032399531 
 10759 	 0.00035910770 
 10760 	 0.00039657817 
 10761 	 0.00043668712 
 10762 	 0.00047934682 
 10763 	 0.00052479977 
 10764 	 0.00057298536 
 10765 	 0.00062391809 
 10766 	 0.00067792540 
 10767 	 0.00073458870 
 10768 	 0.00079429469 
 10769 	 0.00085688708 
 10770 	 0.00092256960 
 10771 	 0.00099126620 
 10772 	 0.00106289496 
 10773 	 0.00113794980 
 10774 	 0.00121593011 
 10775 	 0.00129686523 
 10776 	 0.00138143693 
 10777 	 0.00146891098 
 10778 	 0.00155947368 
 10779 	 0.00165348808 
 10780 	 0.00175049194 
 10781 	 0.00185047366 
 10782 	 0.00195405939 
 10783 	 0.00206060021 
 10784 	 0.00217012361 
 10785 	 0.00228287133 
 10786 	 0.00239869688 
 10787 	 0.00251771498 
 10788 	 0.00263986742 
 10789 	 0.00276497471 
 10790 	 0.00289310435 
 10791 	 0.00302453599 
 10792 	 0.00315877940 
 10793 	 0.00329591214 
 10794 	 0.00343612240 
 10795 	 0.00357920490 
 10796 	 0.00372524854 
 10797 	 0.00387402755 
 10798 	 0.00402583618 
 10799 	 0.00418026115 
 10800 	 0.00433743406 
