 4801 	 0.00000000003 
 4802 	 -0.00000000008 
 4803 	 -0.00000000193 
 4804 	 0.00000000020 
 4805 	 0.00000000046 
 4806 	 0.00000001093 
 4807 	 0.00000011284 
 4808 	 0.00000062219 
 4809 	 0.00000249471 
 4810 	 0.00000748155 
 4811 	 0.00001840512 
 4812 	 0.00003911928 
 4813 	 0.00007415816 
 4814 	 0.00012847847 
 4815 	 0.00020710337 
 4816 	 0.00031496758 
 4817 	 0.00045608484 
 4818 	 0.00063412105 
 4819 	 0.00085197835 
 4820 	 0.00111208589 
 4821 	 0.00141533758 
 4822 	 0.00176255453 
 4823 	 0.00215415843 
 4824 	 0.00258958438 
 4825 	 0.00306789621 
 4826 	 0.00358790289 
 4827 	 0.00414793473 
 4828 	 0.00474639461 
 4829 	 0.00538148595 
 4830 	 0.00605112947 
 4831 	 0.00675340654 
 4832 	 0.00748590878 
 4833 	 0.00824674895 
 4834 	 0.00903356604 
 4835 	 0.00984444092 
 4836 	 0.01067736382 
 4837 	 0.01153067125 
 4838 	 0.01240199434 
 4839 	 0.01328978857 
 4840 	 0.01419227980 
 4841 	 0.01510791158 
 4842 	 0.01603505351 
 4843 	 0.01697264354 
 4844 	 0.01791860620 
 4845 	 0.01887269751 
 4846 	 0.01983272771 
 4847 	 0.02079790466 
 4848 	 0.02176711954 
 4849 	 0.02273953169 
 4850 	 0.02371434236 
 4851 	 0.02469055300 
 4852 	 0.02566753132 
 4853 	 0.02664439554 
 4854 	 0.02762044869 
 4855 	 0.02859508281 
 4856 	 0.02956796400 
 4857 	 0.03053829441 
 4858 	 0.03150587154 
 4859 	 0.03246994297 
 4860 	 0.03343067190 
 4861 	 0.03438704868 
 4862 	 0.03533944664 
 4863 	 0.03628723406 
 4864 	 0.03722970667 
 4865 	 0.03816753758 
 4866 	 0.03910023682 
 4867 	 0.04002704566 
 4868 	 0.04094822468 
 4869 	 0.04186357180 
 4870 	 0.04277302222 
 4871 	 0.04367636909 
 4872 	 0.04457382487 
 4873 	 0.04546500519 
 4874 	 0.04634977346 
 4875 	 0.04722822317 
 4876 	 0.04810125924 
 4877 	 0.04896736815 
 4878 	 0.04982695959 
 4879 	 0.05068059992 
 4880 	 0.05152785436 
 4881 	 0.05236823652 
 4882 	 0.05320301482 
 4883 	 0.05403146632 
 4884 	 0.05485343380 
 4885 	 0.05566909373 
 4886 	 0.05647901200 
 4887 	 0.05728253274 
 4888 	 0.05807990446 
 4889 	 0.05887214816 
 4890 	 0.05965770210 
 4891 	 0.06043734946 
 4892 	 0.06121150585 
 4893 	 0.06197959517 
 4894 	 0.06274219373 
 4895 	 0.06349912927 
 4896 	 0.06425035760 
 4897 	 0.06499670561 
 4898 	 0.06573721423 
 4899 	 0.06647285001 
 4900 	 0.06720287623 
 4901 	 0.00000000002 
 4902 	 0.00000000045 
 4903 	 -0.00000000233 
 4904 	 -0.00000000243 
 4905 	 0.00000000530 
 4906 	 0.00000001111 
 4907 	 0.00000014392 
 4908 	 0.00000080006 
 4909 	 0.00000310053 
 4910 	 0.00000913154 
 4911 	 0.00002209676 
 4912 	 0.00004627717 
 4913 	 0.00008665254 
 4914 	 0.00014854006 
 4915 	 0.00023739553 
 4916 	 0.00035789027 
 4917 	 0.00051455394 
 4918 	 0.00071089039 
 4919 	 0.00094993093 
 4920 	 0.00123320617 
 4921 	 0.00156177909 
 4922 	 0.00193674805 
 4923 	 0.00235745811 
 4924 	 0.00282400291 
 4925 	 0.00333428642 
 4926 	 0.00388724477 
 4927 	 0.00448110234 
 4928 	 0.00511390725 
 4929 	 0.00578363803 
 4930 	 0.00648831275 
 4931 	 0.00722528972 
 4932 	 0.00799252947 
 4933 	 0.00878765907 
 4934 	 0.00960856606 
 4935 	 0.01045278966 
 4936 	 0.01131921101 
 4937 	 0.01220472440 
 4938 	 0.01310778806 
 4939 	 0.01402650632 
 4940 	 0.01495935563 
 4941 	 0.01590450116 
 4942 	 0.01686048231 
 4943 	 0.01782550909 
 4944 	 0.01879897072 
 4945 	 0.01977902116 
 4946 	 0.02076436369 
 4947 	 0.02175395842 
 4948 	 0.02274691059 
 4949 	 0.02374234678 
 4950 	 0.02473921983 
 4951 	 0.02573687006 
 4952 	 0.02673432884 
 4953 	 0.02773090124 
 4954 	 0.02872594749 
 4955 	 0.02971904323 
 4956 	 0.03070938894 
 4957 	 0.03169686389 
 4958 	 0.03268052403 
 4959 	 0.03366070164 
 4960 	 0.03463596225 
 4961 	 0.03560760550 
 4962 	 0.03657392439 
 4963 	 0.03753493901 
 4964 	 0.03849085166 
 4965 	 0.03944104810 
 4966 	 0.04038526951 
 4967 	 0.04132348425 
 4968 	 0.04225583502 
 4969 	 0.04318177518 
 4970 	 0.04410144391 
 4971 	 0.04501476828 
 4972 	 0.04592146846 
 4973 	 0.04682173080 
 4974 	 0.04771585885 
 4975 	 0.04860322341 
 4976 	 0.04948378384 
 4977 	 0.05035782603 
 4978 	 0.05122538823 
 4979 	 0.05208630443 
 4980 	 0.05294050717 
 4981 	 0.05378829965 
 4982 	 0.05462954581 
 4983 	 0.05546401447 
 4984 	 0.05629264846 
 4985 	 0.05711459441 
 4986 	 0.05793008842 
 4987 	 0.05874012665 
 4988 	 0.05954328486 
 4989 	 0.06034014655 
 4990 	 0.06113143527 
 4991 	 0.06191636188 
 4992 	 0.06269548456 
 4993 	 0.06346875499 
 4994 	 0.06423578421 
 4995 	 0.06499824484 
 4996 	 0.06575432592 
 4997 	 0.06650535871 
 4998 	 0.06725054119 
 4999 	 0.06799012779 
 5000 	 0.06872437211 
 5001 	 0.00000000000 
 5002 	 0.00000000014 
 5003 	 -0.00000000342 
 5004 	 -0.00000000191 
 5005 	 -0.00000000107 
 5006 	 0.00000000760 
 5007 	 0.00000019290 
 5008 	 0.00000102453 
 5009 	 0.00000383460 
 5010 	 0.00001105965 
 5011 	 0.00002634472 
 5012 	 0.00005439542 
 5013 	 0.00010066941 
 5014 	 0.00017090123 
 5015 	 0.00027061633 
 5016 	 0.00040479402 
 5017 	 0.00057800725 
 5018 	 0.00079356295 
 5019 	 0.00105442195 
 5020 	 0.00136184504 
 5021 	 0.00171712083 
 5022 	 0.00212042611 
 5023 	 0.00257147914 
 5024 	 0.00306914123 
 5025 	 0.00361206657 
 5026 	 0.00419839723 
 5027 	 0.00482629317 
 5028 	 0.00549369951 
 5029 	 0.00619812432 
 5030 	 0.00693782984 
 5031 	 0.00770963563 
 5032 	 0.00851141483 
 5033 	 0.00934074775 
 5034 	 0.01019530204 
 5035 	 0.01107292071 
 5036 	 0.01197181204 
 5037 	 0.01288920773 
 5038 	 0.01382349955 
 5039 	 0.01477275842 
 5040 	 0.01573521036 
 5041 	 0.01670919461 
 5042 	 0.01769282852 
 5043 	 0.01868543551 
 5044 	 0.01968518434 
 5045 	 0.02069048402 
 5046 	 0.02170035864 
 5047 	 0.02271369684 
 5048 	 0.02372966499 
 5049 	 0.02474719670 
 5050 	 0.02576550425 
 5051 	 0.02678359663 
 5052 	 0.02780073716 
 5053 	 0.02881625803 
 5054 	 0.02982966630 
 5055 	 0.03084020923 
 5056 	 0.03184761311 
 5057 	 0.03285114377 
 5058 	 0.03385073302 
 5059 	 0.03484544507 
 5060 	 0.03583601712 
 5061 	 0.03682092141 
 5062 	 0.03780066759 
 5063 	 0.03877470779 
 5064 	 0.03974272062 
 5065 	 0.04070451742 
 5066 	 0.04166011719 
 5067 	 0.04260937688 
 5068 	 0.04355191795 
 5069 	 0.04448814957 
 5070 	 0.04541755077 
 5071 	 0.04634000843 
 5072 	 0.04725562011 
 5073 	 0.04816523750 
 5074 	 0.04906739766 
 5075 	 0.04996252795 
 5076 	 0.05085110959 
 5077 	 0.05173278658 
 5078 	 0.05260719454 
 5079 	 0.05347523571 
 5080 	 0.05433642431 
 5081 	 0.05519061646 
 5082 	 0.05603826862 
 5083 	 0.05687927951 
 5084 	 0.05771350219 
 5085 	 0.05854188750 
 5086 	 0.05936323296 
 5087 	 0.06017805826 
 5088 	 0.06098680864 
 5089 	 0.06178913567 
 5090 	 0.06258526305 
 5091 	 0.06337543396 
 5092 	 0.06415901221 
 5093 	 0.06493780180 
 5094 	 0.06570984604 
 5095 	 0.06647678706 
 5096 	 0.06723759946 
 5097 	 0.06799256903 
 5098 	 0.06874196024 
 5099 	 0.06948612841 
 5100 	 0.07022472971 
 5101 	 -0.00000000001 
 5102 	 0.00000000012 
 5103 	 -0.00000000009 
 5104 	 -0.00000000353 
 5105 	 -0.00000000040 
 5106 	 0.00000001848 
 5107 	 0.00000024895 
 5108 	 0.00000128483 
 5109 	 0.00000469186 
 5110 	 0.00001329098 
 5111 	 0.00003119254 
 5112 	 0.00006355106 
 5113 	 0.00011630834 
 5114 	 0.00019550913 
 5115 	 0.00030692094 
 5116 	 0.00045573934 
 5117 	 0.00064629362 
 5118 	 0.00088205523 
 5119 	 0.00116560436 
 5120 	 0.00149830592 
 5121 	 0.00188087988 
 5122 	 0.00231326460 
 5123 	 0.00279525399 
 5124 	 0.00332483919 
 5125 	 0.00390076992 
 5126 	 0.00452101447 
 5127 	 0.00518335313 
 5128 	 0.00588555374 
 5129 	 0.00662511520 
 5130 	 0.00739935297 
 5131 	 0.00820577867 
 5132 	 0.00904191112 
 5133 	 0.00990516542 
 5134 	 0.01079323721 
 5135 	 0.01170390023 
 5136 	 0.01263464003 
 5137 	 0.01358349327 
 5138 	 0.01454840085 
 5139 	 0.01552751171 
 5140 	 0.01651891961 
 5141 	 0.01752095797 
 5142 	 0.01853223822 
 5143 	 0.01955124515 
 5144 	 0.02057626859 
 5145 	 0.02160625177 
 5146 	 0.02263986372 
 5147 	 0.02367625961 
 5148 	 0.02471444715 
 5149 	 0.02575339848 
 5150 	 0.02679216647 
 5151 	 0.02782993357 
 5152 	 0.02886600301 
 5153 	 0.02989983261 
 5154 	 0.03093067132 
 5155 	 0.03195815016 
 5156 	 0.03298163502 
 5157 	 0.03400083650 
 5158 	 0.03501510621 
 5159 	 0.03602479469 
 5160 	 0.03702857740 
 5161 	 0.03802704186 
 5162 	 0.03901940989 
 5163 	 0.04000543304 
 5164 	 0.04098492798 
 5165 	 0.04195810290 
 5166 	 0.04292446182 
 5167 	 0.04388394615 
 5168 	 0.04483663577 
 5169 	 0.04578233425 
 5170 	 0.04672070905 
 5171 	 0.04765244716 
 5172 	 0.04857702681 
 5173 	 0.04949420022 
 5174 	 0.05040428243 
 5175 	 0.05130734439 
 5176 	 0.05220319144 
 5177 	 0.05309178206 
 5178 	 0.05397342715 
 5179 	 0.05484792763 
 5180 	 0.05571522714 
 5181 	 0.05657605678 
 5182 	 0.05742965970 
 5183 	 0.05827601784 
 5184 	 0.05911713136 
 5185 	 0.05995044074 
 5186 	 0.06077727126 
 5187 	 0.06159760542 
 5188 	 0.06241109517 
 5189 	 0.06321886025 
 5190 	 0.06401916353 
 5191 	 0.06481519089 
 5192 	 0.06560360752 
 5193 	 0.06638701666 
 5194 	 0.06716396512 
 5195 	 0.06793479640 
 5196 	 0.06869976185 
 5197 	 0.06945933649 
 5198 	 0.07021310380 
 5199 	 0.07096124708 
 5200 	 0.07170402731 
