 10001 	 0.00000000000 
 10002 	 0.00000000000 
 10003 	 0.00000000000 
 10004 	 0.00000000000 
 10005 	 0.00000000000 
 10006 	 0.00000000000 
 10007 	 0.00000000000 
 10008 	 0.00000000000 
 10009 	 0.00000000000 
 10010 	 0.00000000000 
 10011 	 0.00000000000 
 10012 	 0.00000000000 
 10013 	 0.00000000000 
 10014 	 0.00000000000 
 10015 	 0.00000000000 
 10016 	 0.00000000000 
 10017 	 0.00000000000 
 10018 	 0.00000000000 
 10019 	 0.00000000000 
 10020 	 0.00000000000 
 10021 	 0.00000000000 
 10022 	 0.00000000000 
 10023 	 0.00000000000 
 10024 	 0.00000000000 
 10025 	 0.00000000000 
 10026 	 0.00000000000 
 10027 	 0.00000000000 
 10028 	 0.00000000000 
 10029 	 0.00000000000 
 10030 	 0.00000000000 
 10031 	 0.00000000000 
 10032 	 0.00000000000 
 10033 	 0.00000000000 
 10034 	 0.00000000000 
 10035 	 0.00000000000 
 10036 	 0.00000000000 
 10037 	 0.00000000000 
 10038 	 0.00000000000 
 10039 	 0.00000000000 
 10040 	 0.00000000000 
 10041 	 0.00000000000 
 10042 	 0.00000000000 
 10043 	 0.00000000000 
 10044 	 0.00000000000 
 10045 	 0.00000000000 
 10046 	 0.00000000000 
 10047 	 0.00000000000 
 10048 	 0.00000000000 
 10049 	 0.00000000000 
 10050 	 0.00000000000 
 10051 	 0.00000000000 
 10052 	 0.00000000000 
 10053 	 0.00000000000 
 10054 	 0.00000000000 
 10055 	 0.00000000000 
 10056 	 0.00000000000 
 10057 	 0.00000000000 
 10058 	 0.00000000000 
 10059 	 0.00000000000 
 10060 	 0.00000000000 
 10061 	 0.00000000000 
 10062 	 0.00000000000 
 10063 	 0.00000000000 
 10064 	 0.00000000000 
 10065 	 0.00000000000 
 10066 	 0.00000000000 
 10067 	 0.00000000000 
 10068 	 0.00000000000 
 10069 	 0.00000000000 
 10070 	 0.00000000000 
 10071 	 0.00000000000 
 10072 	 0.00000000000 
 10073 	 0.00000000000 
 10074 	 0.00000000000 
 10075 	 0.00000000000 
 10076 	 0.00000000000 
 10077 	 0.00000000000 
 10078 	 0.00000000000 
 10079 	 0.00000000000 
 10080 	 0.00000000000 
 10081 	 0.00000000000 
 10082 	 0.00000000000 
 10083 	 0.00000000000 
 10084 	 0.00000000000 
 10085 	 0.00000000000 
 10086 	 0.00000000000 
 10087 	 0.00000000000 
 10088 	 0.00000000000 
 10089 	 0.00000000000 
 10090 	 0.00000000000 
 10091 	 0.00000000000 
 10092 	 0.00000000000 
 10093 	 0.00000000000 
 10094 	 0.00000000000 
 10095 	 0.00000000000 
 10096 	 0.00000000000 
 10097 	 0.00000000000 
 10098 	 0.00000000000 
 10099 	 0.00000000000 
 10100 	 0.00000000000 
 10101 	 -0.00000000000 
 10102 	 0.00000000000 
 10103 	 0.00000000000 
 10104 	 -0.00000000001 
 10105 	 0.00000000000 
 10106 	 -0.00000000001 
 10107 	 -0.00000000000 
 10108 	 0.00000000000 
 10109 	 0.00000000003 
 10110 	 0.00000000000 
 10111 	 0.00000000000 
 10112 	 0.00000000003 
 10113 	 0.00000000002 
 10114 	 -0.00000000009 
 10115 	 -0.00000000000 
 10116 	 0.00000000009 
 10117 	 -0.00000000006 
 10118 	 -0.00000000000 
 10119 	 -0.00000000000 
 10120 	 0.00000000000 
 10121 	 -0.00000000001 
 10122 	 -0.00000000000 
 10123 	 -0.00000000002 
 10124 	 -0.00000000000 
 10125 	 -0.00000000038 
 10126 	 -0.00000000041 
 10127 	 0.00000000023 
 10128 	 0.00000000025 
 10129 	 -0.00000000000 
 10130 	 0.00000000000 
 10131 	 0.00000000000 
 10132 	 -0.00000000000 
 10133 	 0.00000000015 
 10134 	 0.00000000017 
 10135 	 0.00000000001 
 10136 	 0.00000000022 
 10137 	 0.00000000023 
 10138 	 0.00000000019 
 10139 	 0.00000000021 
 10140 	 0.00000000031 
 10141 	 0.00000000003 
 10142 	 0.00000000003 
 10143 	 -0.00000000003 
 10144 	 0.00000000015 
 10145 	 0.00000000071 
 10146 	 0.00000000100 
 10147 	 0.00000000091 
 10148 	 0.00000000073 
 10149 	 -0.00000000003 
 10150 	 -0.00000000008 
 10151 	 -0.00000000011 
 10152 	 -0.00000000017 
 10153 	 -0.00000000024 
 10154 	 -0.00000000036 
 10155 	 -0.00000000049 
 10156 	 0.00000000060 
 10157 	 0.00000000043 
 10158 	 -0.00000000024 
 10159 	 -0.00000000205 
 10160 	 -0.00000000063 
 10161 	 -0.00000000029 
 10162 	 -0.00000000034 
 10163 	 -0.00000000050 
 10164 	 -0.00000000051 
 10165 	 0.00000000168 
 10166 	 -0.00000000073 
 10167 	 -0.00000000008 
 10168 	 -0.00000000025 
 10169 	 0.00000000005 
 10170 	 -0.00000000007 
 10171 	 -0.00000000049 
 10172 	 -0.00000000119 
 10173 	 -0.00000000347 
 10174 	 -0.00000000210 
 10175 	 -0.00000000114 
 10176 	 -0.00000000058 
 10177 	 -0.00000000031 
 10178 	 -0.00000000028 
 10179 	 -0.00000000043 
 10180 	 -0.00000000063 
 10181 	 -0.00000000026 
 10182 	 0.00000000007 
 10183 	 0.00000000041 
 10184 	 0.00000000070 
 10185 	 -0.00000000056 
 10186 	 -0.00000000202 
 10187 	 -0.00000000369 
 10188 	 0.00000000253 
 10189 	 0.00000000210 
 10190 	 -0.00000000027 
 10191 	 -0.00000000481 
 10192 	 -0.00000000959 
 10193 	 0.00000000075 
 10194 	 0.00000000025 
 10195 	 -0.00000001089 
 10196 	 -0.00000000032 
 10197 	 -0.00000000552 
 10198 	 -0.00000000384 
 10199 	 -0.00000000289 
 10200 	 -0.00000000257 
 10201 	 -0.00000000001 
 10202 	 0.00000000002 
 10203 	 0.00000000000 
 10204 	 -0.00000000001 
 10205 	 0.00000000000 
 10206 	 -0.00000000007 
 10207 	 -0.00000000000 
 10208 	 0.00000000004 
 10209 	 0.00000000005 
 10210 	 0.00000000013 
 10211 	 -0.00000000000 
 10212 	 0.00000000007 
 10213 	 -0.00000000000 
 10214 	 -0.00000000025 
 10215 	 0.00000000046 
 10216 	 0.00000000040 
 10217 	 0.00000000034 
 10218 	 0.00000000001 
 10219 	 0.00000000002 
 10220 	 0.00000000004 
 10221 	 -0.00000000056 
 10222 	 0.00000000079 
 10223 	 0.00000000133 
 10224 	 0.00000000077 
 10225 	 -0.00000000003 
 10226 	 -0.00000000012 
 10227 	 -0.00000000030 
 10228 	 -0.00000000071 
 10229 	 0.00000000044 
 10230 	 -0.00000000269 
 10231 	 -0.00000000034 
 10232 	 -0.00000000059 
 10233 	 -0.00000000170 
 10234 	 -0.00000000003 
 10235 	 0.00000000008 
 10236 	 -0.00000000058 
 10237 	 -0.00000000381 
 10238 	 -0.00000000124 
 10239 	 -0.00000000035 
 10240 	 -0.00000000057 
 10241 	 -0.00000000038 
 10242 	 0.00000000037 
 10243 	 -0.00000000038 
 10244 	 -0.00000000329 
 10245 	 0.00000000244 
 10246 	 -0.00000000485 
 10247 	 -0.00000000692 
 10248 	 -0.00000001153 
 10249 	 -0.00000000574 
 10250 	 -0.00000000309 
 10251 	 -0.00000000204 
 10252 	 -0.00000001093 
 10253 	 -0.00000000458 
 10254 	 -0.00000000714 
 10255 	 -0.00000000329 
 10256 	 -0.00000000370 
 10257 	 -0.00000000682 
 10258 	 -0.00000000617 
 10259 	 -0.00000000105 
 10260 	 -0.00000000012 
 10261 	 0.00000000082 
 10262 	 0.00000000138 
 10263 	 0.00000000183 
 10264 	 0.00000000204 
 10265 	 0.00000000304 
 10266 	 0.00000000377 
 10267 	 0.00000000437 
 10268 	 0.00000000502 
 10269 	 0.00000000601 
 10270 	 0.00000000866 
 10271 	 0.00000000819 
 10272 	 0.00000001237 
 10273 	 0.00000001487 
 10274 	 0.00000001747 
 10275 	 0.00000001796 
 10276 	 0.00000002525 
 10277 	 0.00000003021 
 10278 	 0.00000003188 
 10279 	 0.00000004510 
 10280 	 0.00000005425 
 10281 	 0.00000006459 
 10282 	 0.00000007558 
 10283 	 0.00000008969 
 10284 	 0.00000010771 
 10285 	 0.00000012587 
 10286 	 0.00000014134 
 10287 	 0.00000016778 
 10288 	 0.00000019461 
 10289 	 0.00000022346 
 10290 	 0.00000025583 
 10291 	 0.00000029249 
 10292 	 0.00000033270 
 10293 	 0.00000037837 
 10294 	 0.00000042837 
 10295 	 0.00000048329 
 10296 	 0.00000054657 
 10297 	 0.00000061408 
 10298 	 0.00000069254 
 10299 	 0.00000077670 
 10300 	 0.00000086435 
 10301 	 -0.00000000002 
 10302 	 0.00000000002 
 10303 	 0.00000000001 
 10304 	 0.00000000003 
 10305 	 -0.00000000000 
 10306 	 -0.00000000012 
 10307 	 -0.00000000008 
 10308 	 0.00000000005 
 10309 	 0.00000000010 
 10310 	 0.00000000014 
 10311 	 -0.00000000003 
 10312 	 0.00000000044 
 10313 	 0.00000000019 
 10314 	 -0.00000000013 
 10315 	 0.00000000031 
 10316 	 0.00000000109 
 10317 	 0.00000000031 
 10318 	 0.00000000063 
 10319 	 -0.00000000351 
 10320 	 -0.00000000014 
 10321 	 -0.00000000045 
 10322 	 -0.00000000024 
 10323 	 -0.00000000029 
 10324 	 -0.00000000009 
 10325 	 -0.00000000416 
 10326 	 -0.00000000083 
 10327 	 -0.00000000068 
 10328 	 0.00000000007 
 10329 	 -0.00000000631 
 10330 	 0.00000000202 
 10331 	 -0.00000000495 
 10332 	 -0.00000000073 
 10333 	 -0.00000000595 
 10334 	 -0.00000000306 
 10335 	 -0.00000001131 
 10336 	 -0.00000000634 
 10337 	 -0.00000000340 
 10338 	 -0.00000000510 
 10339 	 -0.00000000617 
 10340 	 0.00000000005 
 10341 	 0.00000000098 
 10342 	 0.00000000173 
 10343 	 0.00000000222 
 10344 	 0.00000000344 
 10345 	 0.00000000507 
 10346 	 0.00000000649 
 10347 	 0.00000000740 
 10348 	 0.00000000819 
 10349 	 0.00000001656 
 10350 	 0.00000002061 
 10351 	 0.00000002780 
 10352 	 0.00000003531 
 10353 	 0.00000004899 
 10354 	 0.00000006375 
 10355 	 0.00000008128 
 10356 	 0.00000010618 
 10357 	 0.00000013470 
 10358 	 0.00000016555 
 10359 	 0.00000020738 
 10360 	 0.00000025380 
 10361 	 0.00000031053 
 10362 	 0.00000037619 
 10363 	 0.00000045326 
 10364 	 0.00000054377 
 10365 	 0.00000064772 
 10366 	 0.00000077214 
 10367 	 0.00000091000 
 10368 	 0.00000107611 
 10369 	 0.00000126061 
 10370 	 0.00000147493 
 10371 	 0.00000171566 
 10372 	 0.00000198768 
 10373 	 0.00000229399 
 10374 	 0.00000264170 
 10375 	 0.00000302623 
 10376 	 0.00000345671 
 10377 	 0.00000393564 
 10378 	 0.00000446653 
 10379 	 0.00000505429 
 10380 	 0.00000570324 
 10381 	 0.00000641607 
 10382 	 0.00000720084 
 10383 	 0.00000806433 
 10384 	 0.00000900378 
 10385 	 0.00001003422 
 10386 	 0.00001115493 
 10387 	 0.00001236795 
 10388 	 0.00001368803 
 10389 	 0.00001511350 
 10390 	 0.00001665288 
 10391 	 0.00001830937 
 10392 	 0.00002010616 
 10393 	 0.00002202707 
 10394 	 0.00002408553 
 10395 	 0.00002630103 
 10396 	 0.00002865952 
 10397 	 0.00003118827 
 10398 	 0.00003388017 
 10399 	 0.00003674601 
 10400 	 0.00003979472 
