 7601 	 -0.00000000001 
 7602 	 -0.00000000016 
 7603 	 0.00000000108 
 7604 	 0.00000001357 
 7605 	 0.00000047777 
 7606 	 0.00000405916 
 7607 	 0.00001861266 
 7608 	 0.00005846990 
 7609 	 0.00014252994 
 7610 	 0.00029087270 
 7611 	 0.00052186635 
 7612 	 0.00084957626 
 7613 	 0.00128396138 
 7614 	 0.00182925957 
 7615 	 0.00248670086 
 7616 	 0.00325411356 
 7617 	 0.00412564201 
 7618 	 0.00509519838 
 7619 	 0.00615482893 
 7620 	 0.00729662391 
 7621 	 0.00851149040 
 7622 	 0.00979112593 
 7623 	 0.01112709556 
 7624 	 0.01251230257 
 7625 	 0.01393872831 
 7626 	 0.01539978823 
 7627 	 0.01688929833 
 7628 	 0.01840154618 
 7629 	 0.01993204265 
 7630 	 0.02147524916 
 7631 	 0.02302720742 
 7632 	 0.02458469037 
 7633 	 0.02614416401 
 7634 	 0.02770291441 
 7635 	 0.02925812836 
 7636 	 0.03080774340 
 7637 	 0.03234983891 
 7638 	 0.03388275259 
 7639 	 0.03540473360 
 7640 	 0.03691613168 
 7641 	 0.03841416506 
 7642 	 0.03989894789 
 7643 	 0.04136904945 
 7644 	 0.04282440542 
 7645 	 0.04426423560 
 7646 	 0.04568868088 
 7647 	 0.04709717576 
 7648 	 0.04848994068 
 7649 	 0.04986654850 
 7650 	 0.05122686351 
 7651 	 0.05257130622 
 7652 	 0.05389946052 
 7653 	 0.05521186426 
 7654 	 0.05650819550 
 7655 	 0.05778937496 
 7656 	 0.05905440334 
 7657 	 0.06030593183 
 7658 	 0.06154154518 
 7659 	 0.06276255151 
 7660 	 0.06396934531 
 7661 	 0.06516201184 
 7662 	 0.06634063103 
 7663 	 0.06750686043 
 7664 	 0.06865901353 
 7665 	 0.06979816409 
 7666 	 0.07092481444 
 7667 	 0.07203872469 
 7668 	 0.07314103659 
 7669 	 0.07423127870 
 7670 	 0.07531010162 
 7671 	 0.07637759077 
 7672 	 0.07743458073 
 7673 	 0.07848051500 
 7674 	 0.07951553422 
 7675 	 0.08054201284 
 7676 	 0.08155740281 
 7677 	 0.08256321375 
 7678 	 0.08356017686 
 7679 	 0.08454749119 
 7680 	 0.08552561888 
 7681 	 0.08649485621 
 7682 	 0.08745555772 
 7683 	 0.08840776340 
 7684 	 0.08935233165 
 7685 	 0.09028835481 
 7686 	 0.09121705664 
 7687 	 0.09213864069 
 7688 	 0.09305230899 
 7689 	 0.09395848000 
 7690 	 0.09485792471 
 7691 	 0.09575076238 
 7692 	 0.09663557880 
 7693 	 0.09751468019 
 7694 	 0.09838685162 
 7695 	 0.09925334191 
 7696 	 0.10011354615 
 7697 	 0.10096723472 
 7698 	 0.10181479483 
 7699 	 0.10265794412 
 7700 	 0.10349466059 
 7701 	 -0.00000000001 
 7702 	 -0.00000000020 
 7703 	 0.00000000093 
 7704 	 0.00000002132 
 7705 	 0.00000055748 
 7706 	 0.00000464085 
 7707 	 0.00002092292 
 7708 	 0.00006479124 
 7709 	 0.00015620499 
 7710 	 0.00031607982 
 7711 	 0.00056297064 
 7712 	 0.00091077313 
 7713 	 0.00136932459 
 7714 	 0.00194211408 
 7715 	 0.00262979329 
 7716 	 0.00342965605 
 7717 	 0.00433532459 
 7718 	 0.00533951438 
 7719 	 0.00643465524 
 7720 	 0.00761166019 
 7721 	 0.00886158498 
 7722 	 0.01017545852 
 7723 	 0.01154510305 
 7724 	 0.01296266089 
 7725 	 0.01442034258 
 7726 	 0.01591158929 
 7727 	 0.01742991252 
 7728 	 0.01896981421 
 7729 	 0.02052617374 
 7730 	 0.02209411398 
 7731 	 0.02366948708 
 7732 	 0.02524922778 
 7733 	 0.02682981812 
 7734 	 0.02840818919 
 7735 	 0.02998198624 
 7736 	 0.03154897225 
 7737 	 0.03310750219 
 7738 	 0.03465599959 
 7739 	 0.03619302559 
 7740 	 0.03771749680 
 7741 	 0.03922865229 
 7742 	 0.04072536338 
 7743 	 0.04220672563 
 7744 	 0.04367280822 
 7745 	 0.04512282237 
 7746 	 0.04655675880 
 7747 	 0.04797387445 
 7748 	 0.04937541111 
 7749 	 0.05075965545 
 7750 	 0.05212782544 
 7751 	 0.05347900389 
 7752 	 0.05481432065 
 7753 	 0.05613299133 
 7754 	 0.05743584301 
 7755 	 0.05872256048 
 7756 	 0.05999446449 
 7757 	 0.06125022880 
 7758 	 0.06249129751 
 7759 	 0.06371736433 
 7760 	 0.06492841762 
 7761 	 0.06612646967 
 7762 	 0.06731047972 
 7763 	 0.06848042684 
 7764 	 0.06963678893 
 7765 	 0.07078042290 
 7766 	 0.07191103919 
 7767 	 0.07302943956 
 7768 	 0.07413545190 
 7769 	 0.07522975668 
 7770 	 0.07631250805 
 7771 	 0.07738416296 
 7772 	 0.07844472853 
 7773 	 0.07949387161 
 7774 	 0.08053436309 
 7775 	 0.08156344391 
 7776 	 0.08258265897 
 7777 	 0.08359280269 
 7778 	 0.08459304130 
 7779 	 0.08558385429 
 7780 	 0.08656557379 
 7781 	 0.08753849792 
 7782 	 0.08850278620 
 7783 	 0.08945909448 
 7784 	 0.09040676403 
 7785 	 0.09134703556 
 7786 	 0.09227981899 
 7787 	 0.09320453301 
 7788 	 0.09412160272 
 7789 	 0.09503196159 
 7790 	 0.09593528500 
 7791 	 0.09683050941 
 7792 	 0.09771987668 
 7793 	 0.09860189795 
 7794 	 0.09947887265 
 7795 	 0.10034883464 
 7796 	 0.10121220710 
 7797 	 0.10206984542 
 7798 	 0.10292228672 
 7799 	 0.10376841112 
 7800 	 0.10460857090 
 7801 	 0.00000000002 
 7802 	 -0.00000000009 
 7803 	 -0.00000000033 
 7804 	 0.00000002823 
 7805 	 0.00000064975 
 7806 	 0.00000529378 
 7807 	 0.00002345661 
 7808 	 0.00007160636 
 7809 	 0.00017086224 
 7810 	 0.00034267383 
 7811 	 0.00060599504 
 7812 	 0.00097447470 
 7813 	 0.00145795172 
 7814 	 0.00205871119 
 7815 	 0.00277760912 
 7816 	 0.00361002223 
 7817 	 0.00454982651 
 7818 	 0.00558921493 
 7819 	 0.00671952571 
 7820 	 0.00793192624 
 7821 	 0.00921658948 
 7822 	 0.01056462437 
 7823 	 0.01196767752 
 7824 	 0.01341714022 
 7825 	 0.01490585193 
 7826 	 0.01642670466 
 7827 	 0.01797335309 
 7828 	 0.01954026441 
 7829 	 0.02112227533 
 7830 	 0.02271448216 
 7831 	 0.02431281740 
 7832 	 0.02591419481 
 7833 	 0.02751534565 
 7834 	 0.02911292157 
 7835 	 0.03070481420 
 7836 	 0.03228890546 
 7837 	 0.03386336666 
 7838 	 0.03542633768 
 7839 	 0.03697817091 
 7840 	 0.03851588179 
 7841 	 0.04003950522 
 7842 	 0.04154762208 
 7843 	 0.04304014763 
 7844 	 0.04451629851 
 7845 	 0.04597614516 
 7846 	 0.04741902759 
 7847 	 0.04884544595 
 7848 	 0.05025459352 
 7849 	 0.05164678742 
 7850 	 0.05302212687 
 7851 	 0.05438035305 
 7852 	 0.05572202601 
 7853 	 0.05704706533 
 7854 	 0.05835573225 
 7855 	 0.05964889259 
 7856 	 0.06092558140 
 7857 	 0.06218698174 
 7858 	 0.06343281720 
 7859 	 0.06466384109 
 7860 	 0.06588058287 
 7861 	 0.06708288835 
 7862 	 0.06827111707 
 7863 	 0.06944508363 
 7864 	 0.07060613005 
 7865 	 0.07175370165 
 7866 	 0.07288860561 
 7867 	 0.07401085760 
 7868 	 0.07512067247 
 7869 	 0.07621935245 
 7870 	 0.07730599372 
 7871 	 0.07838148676 
 7872 	 0.07944500242 
 7873 	 0.08049982419 
 7874 	 0.08154287637 
 7875 	 0.08257572754 
 7876 	 0.08359932297 
 7877 	 0.08461273737 
 7878 	 0.08561647425 
 7879 	 0.08661088745 
 7880 	 0.08759626085 
 7881 	 0.08857281760 
 7882 	 0.08954111417 
 7883 	 0.09050061533 
 7884 	 0.09145260999 
 7885 	 0.09239679050 
 7886 	 0.09333273751 
 7887 	 0.09426038981 
 7888 	 0.09518227645 
 7889 	 0.09609626789 
 7890 	 0.09700206409 
 7891 	 0.09790184928 
 7892 	 0.09879442930 
 7893 	 0.09968141546 
 7894 	 0.10056129194 
 7895 	 0.10143448616 
 7896 	 0.10230222666 
 7897 	 0.10316414168 
 7898 	 0.10401971147 
 7899 	 0.10486918956 
 7900 	 0.10571286548 
 7901 	 0.00000000006 
 7902 	 -0.00000000007 
 7903 	 0.00000000355 
 7904 	 0.00000003465 
 7905 	 0.00000075759 
 7906 	 0.00000600975 
 7907 	 0.00002620159 
 7908 	 0.00007897274 
 7909 	 0.00018637544 
 7910 	 0.00037080238 
 7911 	 0.00065129059 
 7912 	 0.00104131545 
 7913 	 0.00154981894 
 7914 	 0.00217936979 
 7915 	 0.00292945176 
 7916 	 0.00379499727 
 7917 	 0.00476917552 
 7918 	 0.00584375447 
 7919 	 0.00700971665 
 7920 	 0.00825714338 
 7921 	 0.00957649332 
 7922 	 0.01095835021 
 7923 	 0.01239432428 
 7924 	 0.01387579138 
 7925 	 0.01539498948 
 7926 	 0.01694500016 
 7927 	 0.01851945649 
 7928 	 0.02011323569 
 7929 	 0.02172022839 
 7930 	 0.02333608568 
 7931 	 0.02495722228 
 7932 	 0.02657981610 
 7933 	 0.02820063054 
 7934 	 0.02981697389 
 7935 	 0.03142630630 
 7936 	 0.03302702440 
 7937 	 0.03461712710 
 7938 	 0.03619516750 
 7939 	 0.03776004169 
 7940 	 0.03931084036 
 7941 	 0.04084636658 
 7942 	 0.04236573070 
 7943 	 0.04386886409 
 7944 	 0.04535509709 
 7945 	 0.04682398827 
 7946 	 0.04827568081 
 7947 	 0.04971078446 
 7948 	 0.05112770765 
 7949 	 0.05252752369 
 7950 	 0.05390969022 
 7951 	 0.05527481102 
 7952 	 0.05662255908 
 7953 	 0.05795386678 
 7954 	 0.05926794149 
 7955 	 0.06056701341 
 7956 	 0.06184922812 
 7957 	 0.06311518132 
 7958 	 0.06436660897 
 7959 	 0.06560275301 
 7960 	 0.06682382204 
 7961 	 0.06803085020 
 7962 	 0.06922311637 
 7963 	 0.07040174407 
 7964 	 0.07156669113 
 7965 	 0.07271846563 
 7966 	 0.07385731121 
 7967 	 0.07498356662 
 7968 	 0.07609780326 
 7969 	 0.07719996232 
 7970 	 0.07829062812 
 7971 	 0.07936885942 
 7972 	 0.08043834254 
 7973 	 0.08149565950 
 7974 	 0.08254238776 
 7975 	 0.08357971810 
 7976 	 0.08460657029 
 7977 	 0.08562347913 
 7978 	 0.08663080634 
 7979 	 0.08762887450 
 7980 	 0.08861789808 
 7981 	 0.08959838675 
 7982 	 0.09056994986 
 7983 	 0.09153382966 
 7984 	 0.09248961276 
 7985 	 0.09343698333 
 7986 	 0.09437603251 
 7987 	 0.09530895100 
 7988 	 0.09623392215 
 7989 	 0.09715032709 
 7990 	 0.09806068596 
 7991 	 0.09896391166 
 7992 	 0.09986107966 
 7993 	 0.10075102829 
 7994 	 0.10163344565 
 7995 	 0.10251209105 
 7996 	 0.10338345395 
 7997 	 0.10424878316 
 7998 	 0.10510771841 
 7999 	 0.10596113656 
 8000 	 0.10680935078 
