 9601 	 0.00000000003 
 9602 	 -0.00000000014 
 9603 	 0.00000000533 
 9604 	 0.00000047627 
 9605 	 0.00000646273 
 9606 	 0.00003609474 
 9607 	 0.00012287684 
 9608 	 0.00030739104 
 9609 	 0.00062720962 
 9610 	 0.00110886260 
 9611 	 0.00176767921 
 9612 	 0.00260675126 
 9613 	 0.00362146414 
 9614 	 0.00480003180 
 9615 	 0.00612758845 
 9616 	 0.00758771308 
 9617 	 0.00916270421 
 9618 	 0.01083515851 
 9619 	 0.01258929821 
 9620 	 0.01440972400 
 9621 	 0.01628296337 
 9622 	 0.01819668713 
 9623 	 0.02014049175 
 9624 	 0.02210451345 
 9625 	 0.02408040210 
 9626 	 0.02606166391 
 9627 	 0.02804218194 
 9628 	 0.03001628059 
 9629 	 0.03197987488 
 9630 	 0.03392948881 
 9631 	 0.03586216286 
 9632 	 0.03777593739 
 9633 	 0.03966810769 
 9634 	 0.04153783972 
 9635 	 0.04338320600 
 9636 	 0.04520363825 
 9637 	 0.04699881942 
 9638 	 0.04876766810 
 9639 	 0.05051156177 
 9640 	 0.05222893750 
 9641 	 0.05391998426 
 9642 	 0.05558615322 
 9643 	 0.05722628989 
 9644 	 0.05884168963 
 9645 	 0.06043296647 
 9646 	 0.06199964600 
 9647 	 0.06354301226 
 9648 	 0.06506326789 
 9649 	 0.06656154184 
 9650 	 0.06803832178 
 9651 	 0.06949339609 
 9652 	 0.07092789455 
 9653 	 0.07234222414 
 9654 	 0.07373724290 
 9655 	 0.07511301842 
 9656 	 0.07647112727 
 9657 	 0.07781124223 
 9658 	 0.07913414706 
 9659 	 0.08044061724 
 9660 	 0.08173114072 
 9661 	 0.08300540119 
 9662 	 0.08426562045 
 9663 	 0.08551047229 
 9664 	 0.08674085201 
 9665 	 0.08795762320 
 9666 	 0.08916032710 
 9667 	 0.09035062212 
 9668 	 0.09152785059 
 9669 	 0.09269428146 
 9670 	 0.09384799101 
 9671 	 0.09498960017 
 9672 	 0.09612146444 
 9673 	 0.09724080372 
 9674 	 0.09835036502 
 9675 	 0.09944919816 
 9676 	 0.10053902925 
 9677 	 0.10161828871 
 9678 	 0.10268819701 
 9679 	 0.10374974211 
 9680 	 0.10480186180 
 9681 	 0.10584472586 
 9682 	 0.10687971438 
 9683 	 0.10790643270 
 9684 	 0.10892458257 
 9685 	 0.10993486197 
 9686 	 0.11093723406 
 9687 	 0.11193214228 
 9688 	 0.11291968841 
 9689 	 0.11389987097 
 9690 	 0.11487328056 
 9691 	 0.11583962018 
 9692 	 0.11679888433 
 9693 	 0.11775132798 
 9694 	 0.11869881572 
 9695 	 0.11963777090 
 9696 	 0.12057342498 
 9697 	 0.12150194429 
 9698 	 0.12242412259 
 9699 	 0.12334022123 
 9700 	 0.12425019537 
 9701 	 0.00000000001 
 9702 	 -0.00000000022 
 9703 	 0.00000000662 
 9704 	 0.00000054098 
 9705 	 0.00000715669 
 9706 	 0.00003935900 
 9707 	 0.00013237230 
 9708 	 0.00032832590 
 9709 	 0.00066494010 
 9710 	 0.00116900249 
 9711 	 0.00185466098 
 9712 	 0.00272436481 
 9713 	 0.00377236886 
 9714 	 0.00498569502 
 9715 	 0.00634873041 
 9716 	 0.00784474944 
 9717 	 0.00945491079 
 9718 	 0.01116153564 
 9719 	 0.01294867759 
 9720 	 0.01480059080 
 9721 	 0.01670372574 
 9722 	 0.01864561853 
 9723 	 0.02061603850 
 9724 	 0.02260481274 
 9725 	 0.02460379199 
 9726 	 0.02660668039 
 9727 	 0.02860708905 
 9728 	 0.03059981171 
 9729 	 0.03258060002 
 9730 	 0.03454606056 
 9731 	 0.03649332448 
 9732 	 0.03842021599 
 9733 	 0.04032565915 
 9734 	 0.04220658090 
 9735 	 0.04406273649 
 9736 	 0.04589309884 
 9737 	 0.04769730170 
 9738 	 0.04947545407 
 9739 	 0.05122670685 
 9740 	 0.05295167697 
 9741 	 0.05464999451 
 9742 	 0.05632229838 
 9743 	 0.05796878107 
 9744 	 0.05958969390 
 9745 	 0.06118660287 
 9746 	 0.06275875297 
 9747 	 0.06430697575 
 9748 	 0.06583234126 
 9749 	 0.06733516067 
 9750 	 0.06881644260 
 9751 	 0.07027566951 
 9752 	 0.07171448947 
 9753 	 0.07313293117 
 9754 	 0.07453190748 
 9755 	 0.07591171717 
 9756 	 0.07727334272 
 9757 	 0.07861787119 
 9758 	 0.07994362248 
 9759 	 0.08125508113 
 9760 	 0.08254882995 
 9761 	 0.08382761347 
 9762 	 0.08509103088 
 9763 	 0.08633938662 
 9764 	 0.08757357876 
 9765 	 0.08879344050 
 9766 	 0.09000048887 
 9767 	 0.09119401290 
 9768 	 0.09237596306 
 9769 	 0.09354539432 
 9770 	 0.09470248668 
 9771 	 0.09584871756 
 9772 	 0.09698371671 
 9773 	 0.09810667884 
 9774 	 0.09921903182 
 9775 	 0.10032283781 
 9776 	 0.10141565477 
 9777 	 0.10249826112 
 9778 	 0.10357311038 
 9779 	 0.10463788577 
 9780 	 0.10569324170 
 9781 	 0.10674025354 
 9782 	 0.10777912229 
 9783 	 0.10880913990 
 9784 	 0.10983099925 
 9785 	 0.11084487031 
 9786 	 0.11185099700 
 9787 	 0.11284965347 
 9788 	 0.11384074682 
 9789 	 0.11482491125 
 9790 	 0.11580186700 
 9791 	 0.11677152333 
 9792 	 0.11773428017 
 9793 	 0.11869197137 
 9794 	 0.11964187314 
 9795 	 0.12058642708 
 9796 	 0.12152471867 
 9797 	 0.12245652644 
 9798 	 0.12338212635 
 9799 	 0.12430151466 
 9800 	 0.12521658202 
 9801 	 0.00000000002 
 9802 	 0.00000000002 
 9803 	 0.00000000848 
 9804 	 0.00000061017 
 9805 	 0.00000791273 
 9806 	 0.00004285765 
 9807 	 0.00014245306 
 9808 	 0.00035007933 
 9809 	 0.00070403914 
 9810 	 0.00123126129 
 9811 	 0.00194397260 
 9812 	 0.00284476362 
 9813 	 0.00392642792 
 9814 	 0.00517485111 
 9815 	 0.00657376101 
 9816 	 0.00810521026 
 9817 	 0.00975021380 
 9818 	 0.01149078309 
 9819 	 0.01331084632 
 9820 	 0.01519388728 
 9821 	 0.01712654183 
 9822 	 0.01909621434 
 9823 	 0.02109289934 
 9824 	 0.02310597027 
 9825 	 0.02512791429 
 9826 	 0.02715195369 
 9827 	 0.02917184279 
 9828 	 0.03118260300 
 9829 	 0.03318013349 
 9830 	 0.03516110555 
 9831 	 0.03712292080 
 9832 	 0.03906321492 
 9833 	 0.04098050327 
 9834 	 0.04287258375 
 9835 	 0.04473917297 
 9836 	 0.04657927239 
 9837 	 0.04839231713 
 9838 	 0.05017895902 
 9839 	 0.05193797162 
 9840 	 0.05367017242 
 9841 	 0.05537530616 
 9842 	 0.05705359937 
 9843 	 0.05870636481 
 9844 	 0.06033366684 
 9845 	 0.06193525855 
 9846 	 0.06351260032 
 9847 	 0.06506581783 
 9848 	 0.06659600019 
 9849 	 0.06810377293 
 9850 	 0.06958894837 
 9851 	 0.07105270279 
 9852 	 0.07249543699 
 9853 	 0.07391813818 
 9854 	 0.07532103079 
 9855 	 0.07670508544 
 9856 	 0.07807070734 
 9857 	 0.07941834228 
 9858 	 0.08074943424 
 9859 	 0.08206333553 
 9860 	 0.08336104292 
 9861 	 0.08464363697 
 9862 	 0.08591048328 
 9863 	 0.08716234122 
 9864 	 0.08840001476 
 9865 	 0.08962385770 
 9866 	 0.09083434576 
 9867 	 0.09203212612 
 9868 	 0.09321772282 
 9869 	 0.09439044398 
 9870 	 0.09555151007 
 9871 	 0.09670149166 
 9872 	 0.09783886921 
 9873 	 0.09896624183 
 9874 	 0.10008339253 
 9875 	 0.10119007927 
 9876 	 0.10228546291 
 9877 	 0.10337388488 
 9878 	 0.10445169001 
 9879 	 0.10551980343 
 9880 	 0.10657910716 
 9881 	 0.10763027439 
 9882 	 0.10867235616 
 9883 	 0.10970599677 
 9884 	 0.11073154896 
 9885 	 0.11174905707 
 9886 	 0.11275901266 
 9887 	 0.11376119559 
 9888 	 0.11475626648 
 9889 	 0.11574399995 
 9890 	 0.11672416515 
 9891 	 0.11769740345 
 9892 	 0.11866546465 
 9893 	 0.11962552703 
 9894 	 0.12057999056 
 9895 	 0.12152821419 
 9896 	 0.12246978460 
 9897 	 0.12340501110 
 9898 	 0.12433390328 
 9899 	 0.12525836095 
 9900 	 0.12617666138 
 9901 	 0.00000000001 
 9902 	 -0.00000000007 
 9903 	 0.00000001002 
 9904 	 0.00000070051 
 9905 	 0.00000874892 
 9906 	 0.00004657539 
 9907 	 0.00015301225 
 9908 	 0.00037288940 
 9909 	 0.00074467138 
 9910 	 0.00129522923 
 9911 	 0.00203601709 
 9912 	 0.00296833769 
 9913 	 0.00408359002 
 9914 	 0.00536708169 
 9915 	 0.00680174984 
 9916 	 0.00836872981 
 9917 	 0.01004879698 
 9918 	 0.01182335392 
 9919 	 0.01367558281 
 9920 	 0.01558959177 
 9921 	 0.01755140932 
 9922 	 0.01954883800 
 9923 	 0.02157092990 
 9924 	 0.02360795862 
 9925 	 0.02565235272 
 9926 	 0.02769713903 
 9927 	 0.02973613061 
 9928 	 0.03176459363 
 9929 	 0.03377844981 
 9930 	 0.03577452062 
 9931 	 0.03775052226 
 9932 	 0.03970354081 
 9933 	 0.04163278674 
 9934 	 0.04353597727 
 9935 	 0.04541256633 
 9936 	 0.04726215586 
 9937 	 0.04908408308 
 9938 	 0.05087856694 
 9939 	 0.05264526200 
 9940 	 0.05438425686 
 9941 	 0.05609620059 
 9942 	 0.05778098395 
 9943 	 0.05943918005 
 9944 	 0.06107213197 
 9945 	 0.06267926126 
 9946 	 0.06426137484 
 9947 	 0.06581938483 
 9948 	 0.06735441894 
 9949 	 0.06886675490 
 9950 	 0.07035608933 
 9951 	 0.07182414084 
 9952 	 0.07327102267 
 9953 	 0.07469761894 
 9954 	 0.07610456193 
 9955 	 0.07749244349 
 9956 	 0.07886212290 
 9957 	 0.08021298285 
 9958 	 0.08154844387 
 9959 	 0.08286544165 
 9960 	 0.08416787712 
 9961 	 0.08545377183 
 9962 	 0.08672417775 
 9963 	 0.08798004647 
 9964 	 0.08922093957 
 9965 	 0.09044863188 
 9966 	 0.09166249011 
 9967 	 0.09286471273 
 9968 	 0.09405346985 
 9969 	 0.09522966953 
 9970 	 0.09639514041 
 9971 	 0.09754745813 
 9972 	 0.09868943728 
 9973 	 0.09982050880 
 9974 	 0.10094140007 
 9975 	 0.10205128633 
 9976 	 0.10315203668 
 9977 	 0.10424305151 
 9978 	 0.10532428497 
 9979 	 0.10639590904 
 9980 	 0.10745974308 
 9981 	 0.10851414802 
 9982 	 0.10955978378 
 9983 	 0.11059720061 
 9984 	 0.11162626361 
 9985 	 0.11264772515 
 9986 	 0.11366128216 
 9987 	 0.11466730117 
 9988 	 0.11566597864 
 9989 	 0.11665686333 
 9990 	 0.11764133711 
 9991 	 0.11861927043 
 9992 	 0.11958959822 
 9993 	 0.12055409178 
 9994 	 0.12151241960 
 9995 	 0.12246388973 
 9996 	 0.12340887232 
 9997 	 0.12434736163 
 9998 	 0.12528133960 
 9999 	 0.12620903105 
 10000 	 0.12712966380 
