 7201 	 0.00000000004 
 7202 	 -0.00000000030 
 7203 	 0.00000000091 
 7204 	 0.00000000255 
 7205 	 0.00000023953 
 7206 	 0.00000228033 
 7207 	 0.00001133278 
 7208 	 0.00003772416 
 7209 	 0.00009634069 
 7210 	 0.00020418883 
 7211 	 0.00037779725 
 7212 	 0.00063117531 
 7213 	 0.00097526458 
 7214 	 0.00141660972 
 7215 	 0.00195771176 
 7216 	 0.00259918617 
 7217 	 0.00333856963 
 7218 	 0.00417081150 
 7219 	 0.00509029317 
 7220 	 0.00609059074 
 7221 	 0.00716490575 
 7222 	 0.00830559185 
 7223 	 0.00950544469 
 7224 	 0.01075736863 
 7225 	 0.01205520503 
 7226 	 0.01339194976 
 7227 	 0.01476204881 
 7228 	 0.01616000923 
 7229 	 0.01758073594 
 7230 	 0.01901975397 
 7231 	 0.02047306761 
 7232 	 0.02193650567 
 7233 	 0.02340673809 
 7234 	 0.02488126267 
 7235 	 0.02635705756 
 7236 	 0.02783161954 
 7237 	 0.02930299980 
 7238 	 0.03076929629 
 7239 	 0.03222885970 
 7240 	 0.03368026230 
 7241 	 0.03512232707 
 7242 	 0.03655453031 
 7243 	 0.03797502558 
 7244 	 0.03938425349 
 7245 	 0.04078046527 
 7246 	 0.04216339267 
 7247 	 0.04353295275 
 7248 	 0.04488854792 
 7249 	 0.04623015338 
 7250 	 0.04755716484 
 7251 	 0.04887053747 
 7252 	 0.05016900924 
 7253 	 0.05145314992 
 7254 	 0.05272297792 
 7255 	 0.05397813437 
 7256 	 0.05521942162 
 7257 	 0.05644620900 
 7258 	 0.05765944384 
 7259 	 0.05885849566 
 7260 	 0.06004487727 
 7261 	 0.06121711634 
 7262 	 0.06237645536 
 7263 	 0.06352273989 
 7264 	 0.06465556413 
 7265 	 0.06577780860 
 7266 	 0.06688713824 
 7267 	 0.06798444005 
 7268 	 0.06906962770 
 7269 	 0.07014356966 
 7270 	 0.07120613599 
 7271 	 0.07225765673 
 7272 	 0.07329854810 
 7273 	 0.07432864386 
 7274 	 0.07534893984 
 7275 	 0.07635858772 
 7276 	 0.07735936711 
 7277 	 0.07834997963 
 7278 	 0.07933071021 
 7279 	 0.08030403154 
 7280 	 0.08126724749 
 7281 	 0.08222155266 
 7282 	 0.08316831030 
 7283 	 0.08410626617 
 7284 	 0.08503586908 
 7285 	 0.08595744435 
 7286 	 0.08687143384 
 7287 	 0.08777727114 
 7288 	 0.08867618310 
 7289 	 0.08956773314 
 7290 	 0.09045137870 
 7291 	 0.09133008513 
 7292 	 0.09220135948 
 7293 	 0.09306562509 
 7294 	 0.09392321528 
 7295 	 0.09477489181 
 7296 	 0.09562057146 
 7297 	 0.09645897635 
 7298 	 0.09729234578 
 7299 	 0.09811944475 
 7300 	 0.09894127962 
 7301 	 0.00000000005 
 7302 	 -0.00000000010 
 7303 	 0.00000000103 
 7304 	 0.00000000250 
 7305 	 0.00000028291 
 7306 	 0.00000265142 
 7307 	 0.00001289239 
 7308 	 0.00004227948 
 7309 	 0.00010665798 
 7310 	 0.00022383652 
 7311 	 0.00041079496 
 7312 	 0.00068193798 
 7313 	 0.00104744824 
 7314 	 0.00151392820 
 7315 	 0.00208337024 
 7316 	 0.00275576751 
 7317 	 0.00352752907 
 7318 	 0.00439375901 
 7319 	 0.00534800269 
 7320 	 0.00638365178 
 7321 	 0.00749313052 
 7322 	 0.00866882544 
 7323 	 0.00990302669 
 7324 	 0.01118863466 
 7325 	 0.01251913047 
 7326 	 0.01388758842 
 7327 	 0.01528815873 
 7328 	 0.01671527140 
 7329 	 0.01816411231 
 7330 	 0.01963013197 
 7331 	 0.02110885491 
 7332 	 0.02259653466 
 7333 	 0.02408968655 
 7334 	 0.02558597722 
 7335 	 0.02708278544 
 7336 	 0.02857691321 
 7337 	 0.03006672078 
 7338 	 0.03155032131 
 7339 	 0.03302625864 
 7340 	 0.03449332795 
 7341 	 0.03595013345 
 7342 	 0.03739596545 
 7343 	 0.03882956014 
 7344 	 0.04025111686 
 7345 	 0.04165866883 
 7346 	 0.04305272842 
 7347 	 0.04443239480 
 7348 	 0.04579781860 
 7349 	 0.04714842643 
 7350 	 0.04848468747 
 7351 	 0.04980598927 
 7352 	 0.05111230706 
 7353 	 0.05240402013 
 7354 	 0.05368068133 
 7355 	 0.05494287672 
 7356 	 0.05619004143 
 7357 	 0.05742355916 
 7358 	 0.05864232944 
 7359 	 0.05984791266 
 7360 	 0.06103884517 
 7361 	 0.06221675118 
 7362 	 0.06338097632 
 7363 	 0.06453217799 
 7364 	 0.06567101463 
 7365 	 0.06679704091 
 7366 	 0.06791092200 
 7367 	 0.06901226521 
 7368 	 0.07010198512 
 7369 	 0.07118003357 
 7370 	 0.07224667542 
 7371 	 0.07330242902 
 7372 	 0.07434700457 
 7373 	 0.07538157478 
 7374 	 0.07640520702 
 7375 	 0.07741965409 
 7376 	 0.07842363868 
 7377 	 0.07941763884 
 7378 	 0.08040383561 
 7379 	 0.08137972656 
 7380 	 0.08234661485 
 7381 	 0.08330556252 
 7382 	 0.08425552287 
 7383 	 0.08519693967 
 7384 	 0.08613015057 
 7385 	 0.08705561516 
 7386 	 0.08797268242 
 7387 	 0.08888266024 
 7388 	 0.08978512052 
 7389 	 0.09067988057 
 7390 	 0.09156902531 
 7391 	 0.09245062977 
 7392 	 0.09332512572 
 7393 	 0.09419251212 
 7394 	 0.09505479324 
 7395 	 0.09591016960 
 7396 	 0.09675827483 
 7397 	 0.09760122365 
 7398 	 0.09843745631 
 7399 	 0.09926933846 
 7400 	 0.10009488343 
 7401 	 0.00000000005 
 7402 	 -0.00000000027 
 7403 	 0.00000000100 
 7404 	 0.00000000379 
 7405 	 0.00000034345 
 7406 	 0.00000306095 
 7407 	 0.00001461250 
 7408 	 0.00004722351 
 7409 	 0.00011776404 
 7410 	 0.00024480444 
 7411 	 0.00044590575 
 7412 	 0.00073524722 
 7413 	 0.00112316720 
 7414 	 0.00161521947 
 7415 	 0.00221322059 
 7416 	 0.00291696981 
 7417 	 0.00372174957 
 7418 	 0.00462213054 
 7419 	 0.00561149972 
 7420 	 0.00668236557 
 7421 	 0.00782714247 
 7422 	 0.00903758462 
 7423 	 0.01030586864 
 7424 	 0.01162509962 
 7425 	 0.01298786127 
 7426 	 0.01438754786 
 7427 	 0.01581831225 
 7428 	 0.01727436014 
 7429 	 0.01875079842 
 7430 	 0.02024305013 
 7431 	 0.02174667996 
 7432 	 0.02325799055 
 7433 	 0.02477408861 
 7434 	 0.02629172041 
 7435 	 0.02780829036 
 7436 	 0.02932139831 
 7437 	 0.03082918176 
 7438 	 0.03232977919 
 7439 	 0.03382168976 
 7440 	 0.03530321214 
 7441 	 0.03677493253 
 7442 	 0.03823392438 
 7443 	 0.03968060183 
 7444 	 0.04111340433 
 7445 	 0.04253227006 
 7446 	 0.04393669346 
 7447 	 0.04532644117 
 7448 	 0.04670095295 
 7449 	 0.04806039940 
 7450 	 0.04940544434 
 7451 	 0.05073443330 
 7452 	 0.05204858707 
 7453 	 0.05334702373 
 7454 	 0.05463091596 
 7455 	 0.05589943308 
 7456 	 0.05715327742 
 7457 	 0.05839227965 
 7458 	 0.05961752770 
 7459 	 0.06082787651 
 7460 	 0.06202452599 
 7461 	 0.06320710215 
 7462 	 0.06437645078 
 7463 	 0.06553292191 
 7464 	 0.06667604867 
 7465 	 0.06780691259 
 7466 	 0.06892478538 
 7467 	 0.07003062347 
 7468 	 0.07112450200 
 7469 	 0.07220657630 
 7470 	 0.07327755618 
 7471 	 0.07433682689 
 7472 	 0.07538601271 
 7473 	 0.07642385908 
 7474 	 0.07745228923 
 7475 	 0.07846994268 
 7476 	 0.07947740647 
 7477 	 0.08047674938 
 7478 	 0.08146555468 
 7479 	 0.08244521337 
 7480 	 0.08341658715 
 7481 	 0.08437877054 
 7482 	 0.08533220812 
 7483 	 0.08627708715 
 7484 	 0.08721436160 
 7485 	 0.08814257859 
 7486 	 0.08906351423 
 7487 	 0.08997761616 
 7488 	 0.09088357797 
 7489 	 0.09178334690 
 7490 	 0.09267545972 
 7491 	 0.09356034920 
 7492 	 0.09443835001 
 7493 	 0.09531064556 
 7494 	 0.09617605097 
 7495 	 0.09703384458 
 7496 	 0.09788650093 
 7497 	 0.09873278909 
 7498 	 0.09957395113 
 7499 	 0.10040872583 
 7500 	 0.10123747982 
 7501 	 -0.00000000003 
 7502 	 -0.00000000012 
 7503 	 0.00000000095 
 7504 	 0.00000000421 
 7505 	 0.00000040535 
 7506 	 0.00000352960 
 7507 	 0.00001651762 
 7508 	 0.00005262923 
 7509 	 0.00012972721 
 7510 	 0.00026717758 
 7511 	 0.00048284963 
 7512 	 0.00079111830 
 7513 	 0.00120198532 
 7514 	 0.00172022912 
 7515 	 0.00234784544 
 7516 	 0.00308315392 
 7517 	 0.00392125989 
 7518 	 0.00485605403 
 7519 	 0.00588041025 
 7520 	 0.00698684786 
 7521 	 0.00816665443 
 7522 	 0.00941171133 
 7523 	 0.01071405597 
 7524 	 0.01206644160 
 7525 	 0.01346110098 
 7526 	 0.01489172483 
 7527 	 0.01635207889 
 7528 	 0.01783650992 
 7529 	 0.01934000424 
 7530 	 0.02085807959 
 7531 	 0.02238616768 
 7532 	 0.02392076667 
 7533 	 0.02545882335 
 7534 	 0.02699740921 
 7535 	 0.02853353794 
 7536 	 0.03006516439 
 7537 	 0.03159024467 
 7538 	 0.03310719640 
 7539 	 0.03461469828 
 7540 	 0.03611133330 
 7541 	 0.03759613105 
 7542 	 0.03906829763 
 7543 	 0.04052700115 
 7544 	 0.04197119789 
 7545 	 0.04340086865 
 7546 	 0.04481540866 
 7547 	 0.04621476216 
 7548 	 0.04759831599 
 7549 	 0.04896693285 
 7550 	 0.05031940850 
 7551 	 0.05165632090 
 7552 	 0.05297765267 
 7553 	 0.05428317726 
 7554 	 0.05557343699 
 7555 	 0.05684828391 
 7556 	 0.05810806741 
 7557 	 0.05935346113 
 7558 	 0.06058363583 
 7559 	 0.06179954377 
 7560 	 0.06300073388 
 7561 	 0.06418895424 
 7562 	 0.06536336491 
 7563 	 0.06652398106 
 7564 	 0.06767227947 
 7565 	 0.06880707999 
 7566 	 0.06992939010 
 7567 	 0.07103946367 
 7568 	 0.07213729248 
 7569 	 0.07322378227 
 7570 	 0.07429848050 
 7571 	 0.07536222973 
 7572 	 0.07641452860 
 7573 	 0.07745727273 
 7574 	 0.07848890597 
 7575 	 0.07951003819 
 7576 	 0.08052280486 
 7577 	 0.08152477317 
 7578 	 0.08251740221 
 7579 	 0.08350144512 
 7580 	 0.08447607720 
 7581 	 0.08544174923 
 7582 	 0.08639870833 
 7583 	 0.08734756385 
 7584 	 0.08828771386 
 7585 	 0.08922053044 
 7586 	 0.09014532997 
 7587 	 0.09106260045 
 7588 	 0.09197318105 
 7589 	 0.09287597976 
 7590 	 0.09377142844 
 7591 	 0.09466007490 
 7592 	 0.09554260290 
 7593 	 0.09641808960 
 7594 	 0.09728615273 
 7595 	 0.09814833046 
 7596 	 0.09900469597 
 7597 	 0.09985529976 
 7598 	 0.10069945407 
 7599 	 0.10153690170 
 7600 	 0.10237097034 
