0.01873817423 	 0.00000000000 	 -0.00000000059 
0.01873817423 	 0.01000000000 	 -0.00000000058 
0.01873817423 	 0.02000000000 	 -0.00000000058 
0.01873817423 	 0.03000000000 	 -0.00000000058 
0.01873817423 	 0.04000000000 	 -0.00000000057 
0.01873817423 	 0.05000000000 	 -0.00000000066 
0.01873817423 	 0.06000000000 	 -0.00000000066 
0.01873817423 	 0.07000000000 	 -0.00000000065 
0.01873817423 	 0.08000000000 	 -0.00000000065 
0.01873817423 	 0.09000000000 	 -0.00000000065 
0.01873817423 	 0.10000000000 	 -0.00000000064 
0.01873817423 	 0.11000000000 	 -0.00000000064 
0.01873817423 	 0.12000000000 	 -0.00000000064 
0.01873817423 	 0.13000000000 	 -0.00000000064 
0.01873817423 	 0.14000000000 	 -0.00000000063 
0.01873817423 	 0.15000000000 	 -0.00000000063 
0.01873817423 	 0.16000000000 	 -0.00000000063 
0.01873817423 	 0.17000000000 	 -0.00000000062 
0.01873817423 	 0.18000000000 	 -0.00000000062 
0.01873817423 	 0.19000000000 	 -0.00000000062 
0.01873817423 	 0.20000000000 	 -0.00000000062 
0.01873817423 	 0.21000000000 	 -0.00000000061 
0.01873817423 	 0.22000000000 	 -0.00000000101 
0.01873817423 	 0.23000000000 	 -0.00000000100 
0.01873817423 	 0.24000000000 	 -0.00000000100 
0.01873817423 	 0.25000000000 	 -0.00000000099 
0.01873817423 	 0.26000000000 	 -0.00000000099 
0.01873817423 	 0.27000000000 	 -0.00000000098 
0.01873817423 	 0.28000000000 	 -0.00000000098 
0.01873817423 	 0.29000000000 	 -0.00000000064 
0.01873817423 	 0.30000000000 	 -0.00000000064 
0.01873817423 	 0.31000000000 	 -0.00000000063 
0.01873817423 	 0.32000000000 	 -0.00000000063 
0.01873817423 	 0.33000000000 	 -0.00000000063 
0.01873817423 	 0.34000000000 	 -0.00000000062 
0.01873817423 	 0.35000000000 	 -0.00000000062 
0.01873817423 	 0.36000000000 	 -0.00000000062 
0.01873817423 	 0.37000000000 	 -0.00000000061 
0.01873817423 	 0.38000000000 	 -0.00000000061 
0.01873817423 	 0.39000000000 	 -0.00000000061 
0.01873817423 	 0.40000000000 	 -0.00000000062 
0.01873817423 	 0.41000000000 	 -0.00000000062 
0.01873817423 	 0.42000000000 	 -0.00000000062 
0.01873817423 	 0.43000000000 	 -0.00000000062 
0.01873817423 	 0.44000000000 	 -0.00000000061 
0.01873817423 	 0.45000000000 	 -0.00000000061 
0.01873817423 	 0.46000000000 	 -0.00000000061 
0.01873817423 	 0.47000000000 	 -0.00000000061 
0.01873817423 	 0.48000000000 	 -0.00000000060 
0.01873817423 	 0.49000000000 	 -0.00000000060 
0.01873817423 	 0.50000000000 	 -0.00000000060 
0.01873817423 	 0.51000000000 	 -0.00000000059 
0.01873817423 	 0.52000000000 	 -0.00000000059 
0.01873817423 	 0.53000000000 	 -0.00000000059 
0.01873817423 	 0.54000000000 	 -0.00000000059 
0.01873817423 	 0.55000000000 	 -0.00000000058 
0.01873817423 	 0.56000000000 	 -0.00000000058 
0.01873817423 	 0.57000000000 	 -0.00000000058 
0.01873817423 	 0.58000000000 	 -0.00000000058 
0.01873817423 	 0.59000000000 	 -0.00000000057 
0.01873817423 	 0.60000000000 	 -0.00000000057 
0.01873817423 	 0.61000000000 	 -0.00000000056 
0.01873817423 	 0.62000000000 	 -0.00000000055 
0.01873817423 	 0.63000000000 	 -0.00000000123 
0.01873817423 	 0.64000000000 	 -0.00000000056 
0.01873817423 	 0.65000000000 	 -0.00000000056 
0.01873817423 	 0.66000000000 	 -0.00000000056 
0.01873817423 	 0.67000000000 	 -0.00000000056 
0.01873817423 	 0.68000000000 	 -0.00000000055 
0.01873817423 	 0.69000000000 	 -0.00000000055 
0.01873817423 	 0.70000000000 	 -0.00000000055 
0.01873817423 	 0.71000000000 	 -0.00000000055 
0.01873817423 	 0.72000000000 	 -0.00000000054 
0.01873817423 	 0.73000000000 	 -0.00000000054 
0.01873817423 	 0.74000000000 	 -0.00000000113 
0.01873817423 	 0.75000000000 	 -0.00000000112 
0.01873817423 	 0.76000000000 	 -0.00000000111 
0.01873817423 	 0.77000000000 	 -0.00000000110 
0.01873817423 	 0.78000000000 	 -0.00000000109 
0.01873817423 	 0.79000000000 	 -0.00000000108 
0.01873817423 	 0.80000000000 	 0.00000000009 
0.01873817423 	 0.81000000000 	 0.00000000009 
0.01873817423 	 0.82000000000 	 0.00000000009 
0.01873817423 	 0.83000000000 	 0.00000000009 
0.01873817423 	 0.84000000000 	 0.00000000009 
0.01873817423 	 0.85000000000 	 0.00000000003 
0.01873817423 	 0.86000000000 	 -0.00000000001 
0.01873817423 	 0.87000000000 	 0.00000000048 
0.01873817423 	 0.88000000000 	 0.00000000054 
0.01873817423 	 0.89000000000 	 0.00000000058 
0.01873817423 	 0.90000000000 	 0.00000000041 
0.01873817423 	 0.91000000000 	 0.00000000025 
0.01873817423 	 0.92000000000 	 0.00000000026 
0.01873817423 	 0.93000000000 	 0.00000000024 
0.01873817423 	 0.94000000000 	 0.00000000023 
0.01873817423 	 0.95000000000 	 0.00000000023 
0.01873817423 	 0.96000000000 	 0.00000000023 
0.01873817423 	 0.97000000000 	 0.00000000022 
0.01873817423 	 0.98000000000 	 0.00000000021 
0.01873817423 	 0.99000000000 	 0.00000000020 
0.01873817423 	 1.00000000000 	 0.00000000020 
0.01873817423 	 1.03620101997 	 0.00000000018 
0.01873817423 	 1.07371255379 	 0.00000000013 
0.01873817423 	 1.11258204340 	 0.00000000008 
0.01873817423 	 1.15285864817 	 0.00000000007 
0.01873817423 	 1.19459330712 	 -0.00000000419 
0.01873817423 	 1.23783880329 	 -0.00000000034 
0.01873817423 	 1.28264983053 	 -0.00000000036 
0.01873817423 	 1.32908306266 	 -0.00000000056 
0.01873817423 	 1.37719722516 	 -0.00000000041 
0.01873817423 	 1.42705316941 	 -0.00000000044 
0.01873817423 	 1.47871394970 	 -0.00000000048 
0.01873817423 	 1.53224490292 	 -0.00000000051 
0.01873817423 	 1.58771373126 	 -0.00000000055 
0.01873817423 	 1.64519058775 	 -0.00000000058 
0.01873817423 	 1.70474816508 	 -0.00000000060 
0.01873817423 	 1.76646178745 	 -0.00000000063 
0.01873817423 	 1.83040950590 	 -0.00000000066 
0.01873817423 	 1.89667219698 	 0.00000000016 
0.01873817423 	 1.96533366506 	 0.00000000014 
0.01873817423 	 2.03648074833 	 -0.00000000103 
0.01873817423 	 2.11020342857 	 -0.00000000121 
0.01873817423 	 2.18659494503 	 -0.00000000108 
0.01873817423 	 2.26575191231 	 -0.00000000111 
0.01873817423 	 2.34777444254 	 -0.00000000040 
0.01873817423 	 2.43276627202 	 0.00000000011 
0.01873817423 	 2.52083489243 	 0.00000000004 
0.01873817423 	 2.61209168671 	 -0.00000000005 
0.01873817423 	 2.70665207003 	 -0.00000000023 
0.01873817423 	 2.80463563568 	 -0.00000000038 
0.01873817423 	 2.90616630634 	 -0.00000000021 
0.01873817423 	 3.01137249084 	 -0.00000000176 
0.01873817423 	 3.12038724653 	 -0.00000000824 
0.01873817423 	 3.23334844756 	 -0.00000000156 
0.01873817423 	 3.35039895929 	 -0.00000000133 
0.01873817423 	 3.47168681893 	 -0.00000000139 
0.01873817423 	 3.59736542280 	 -0.00000000265 
0.01873817423 	 3.72759372031 	 0.00000000007 
0.01873817423 	 3.86253641503 	 0.00000000007 
0.01873817423 	 4.00236417294 	 0.00000000008 
0.01873817423 	 4.14725383830 	 0.00000000010 
0.01873817423 	 4.29738865733 	 0.00000000011 
0.01873817423 	 4.45295850994 	 0.00000000012 
0.01873817423 	 4.61416014990 	 0.00000000011 
0.01873817423 	 4.78119745364 	 0.00000000012 
0.01873817423 	 4.95428167815 	 0.00000000824 
0.01873817423 	 5.13363172813 	 0.00000001295 
0.01873817423 	 5.31947443285 	 0.00000000014 
0.01873817423 	 5.51204483304 	 0.00000000015 
0.01873817423 	 5.71158647813 	 0.00000000024 
0.01873817423 	 5.91835173430 	 0.00000000098 
0.01873817423 	 6.13260210363 	 0.00000000038 
0.01873817423 	 6.35460855487 	 0.00000000042 
0.01873817423 	 6.58465186608 	 0.00000000026 
0.01873817423 	 6.82302297979 	 0.00000001017 
0.01873817423 	 7.07002337096 	 -0.00000000061 
0.01873817423 	 7.32596542822 	 -0.00000001485 
0.01873817423 	 7.59117284900 	 0.00000000023 
0.01873817423 	 7.86598104892 	 0.00000000023 
0.01873817423 	 8.15073758597 	 0.00000000023 
0.01873817423 	 8.44580260011 	 -0.00000000005 
0.01873817423 	 8.75154926872 	 0.00000000009 
0.01873817423 	 9.06836427859 	 0.00000000012 
0.01873817423 	 9.39664831495 	 -0.00000000003 
0.01873817423 	 9.73681656828 	 0.00000000141 
0.01873817423 	 10.08929925933 	 -0.00000000529 
0.01873817423 	 10.45454218333 	 0.00000000074 
0.01873817423 	 10.83300727371 	 -0.00000000256 
0.01873817423 	 11.22517318638 	 -0.00000000366 
0.01873817423 	 11.63153590510 	 -0.00000000537 
0.01873817423 	 12.05260936871 	 -0.00000000011 
0.01873817423 	 12.48892612118 	 -0.00000000140 
0.01873817423 	 12.94103798513 	 -0.00000000206 
0.01873817423 	 13.40951675969 	 -0.00000000535 
0.01873817423 	 13.89495494373 	 -0.00000001089 
0.01873817423 	 14.39796648516 	 -0.00000007250 
0.01873817423 	 14.91918755746 	 -0.00000000840 
0.01873817423 	 15.45927736419 	 -0.00000001040 
0.01873817423 	 16.01891897281 	 -0.00000000783 
0.01873817423 	 16.59882017849 	 -0.00000003721 
0.01873817423 	 17.19971439928 	 0.00000000038 
0.01873817423 	 17.82236160377 	 0.00000000454 
0.01873817423 	 18.46754927215 	 0.00000001982 
0.01873817423 	 19.13609339219 	 0.00000001216 
0.01873817423 	 19.82883949127 	 0.00000001158 
0.01873817423 	 20.54666370572 	 -0.00000000137 
0.01873817423 	 21.29047388890 	 -0.00000000075 
0.01873817423 	 22.06121075937 	 -0.00000000665 
0.01873817423 	 22.85984909069 	 0.00000000037 
0.01873817423 	 23.68739894419 	 0.00000001223 
0.01873817423 	 24.54490694646 	 0.00000001085 
0.01873817423 	 25.43345761305 	 0.00000000370 
0.01873817423 	 26.35417472006 	 0.00000000179 
0.01873817423 	 27.30822272546 	 0.00000000152 
0.01873817423 	 28.29680824175 	 -0.00000000038 
0.01873817423 	 29.32118156207 	 -0.00000000055 
0.01873817423 	 30.38263824141 	 -0.00000000023 
0.01873817423 	 31.48252073520 	 0.00000000046 
0.01873817423 	 32.62222009712 	 -0.00000001419 
0.01873817423 	 33.80317773840 	 -0.00000003383 
0.01873817423 	 35.02688725083 	 0.00000001059 
0.01873817423 	 36.29489629577 	 -0.00000002073 
0.01873817423 	 37.60880856147 	 -0.00000001249 
0.01873817423 	 38.97028579134 	 -0.00000000450 
0.01873817423 	 40.38104988560 	 -0.00000000343 
0.01873817423 	 41.84288507902 	 0.00000000216 
0.01873817423 	 43.35764019746 	 0.00000002113 
0.01873817423 	 44.92723099621 	 0.00000003759 
0.01873817423 	 46.55364258280 	 0.00000006454 
0.01873817423 	 48.23893192773 	 0.00000002665 
0.01873817423 	 49.98523046589 	 -0.00000001432 
0.01873817423 	 51.79474679231 	 0.00000010040 
0.01873817423 	 53.66976945540 	 0.00000011198 
0.01873817423 	 55.61266985137 	 0.00000034916 
0.01873817423 	 57.62590522338 	 0.00000052208 
0.01873817423 	 59.71202176930 	 0.00000073153 
0.01873817423 	 61.87365786196 	 0.00000099417 
0.01873817423 	 64.11354738598 	 0.00000142957 
0.01873817423 	 66.43452319540 	 0.00000191482 
0.01873817423 	 68.83952069645 	 0.00000285723 
0.01873817423 	 71.33158156008 	 0.00000382719 
0.01873817423 	 73.91385756879 	 0.00000527782 
0.01873817423 	 76.58961460288 	 0.00000705313 
0.01873817423 	 79.36223677079 	 0.00000932869 
0.01873817423 	 82.23523068918 	 0.00001251356 
0.01873817423 	 85.21222991780 	 0.00001678144 
0.01873817423 	 88.29699955494 	 0.00002204014 
0.01873817423 	 91.49344099933 	 0.00002869921 
0.01873817423 	 94.80559688429 	 0.00003697927 
0.01873817423 	 98.23765619059 	 0.00004764928 
0.01873817423 	 101.79395954438 	 0.00006121100 
0.01873817423 	 105.47900470692 	 0.00007807185 
0.01873817423 	 109.29745226298 	 0.00009869790 
0.01873817423 	 113.25413151528 	 0.00012377960 
0.01873817423 	 117.35404659222 	 0.00015473056 
0.01873817423 	 121.60238277674 	 0.00019248365 
0.01873817423 	 126.00451306433 	 0.00023748044 
0.01873817423 	 130.56600495838 	 0.00029172979 
0.01873817423 	 135.29262751160 	 0.00035650429 
0.01873817423 	 140.19035862226 	 0.00043302653 
0.01873817423 	 145.26539259468 	 0.00052320445 
0.01873817423 	 150.52414797329 	 0.00062873886 
0.01873817423 	 155.97327566040 	 0.00075195414 
0.01873817423 	 161.61966732774 	 0.00089456907 
0.01873817423 	 167.47046413260 	 0.00105963392 
0.01873817423 	 173.53306574945 	 0.00124858217 
0.01873817423 	 179.81513972851 	 0.00146435397 
0.01873817423 	 186.32463119316 	 0.00170981920 
0.01873817423 	 193.06977288832 	 0.00198716195 
0.01873817423 	 200.05909559272 	 0.00229936736 
0.01873817423 	 207.30143890792 	 0.00264927130 
0.01873817423 	 214.80596243813 	 0.00303969773 
0.01873817423 	 222.58215737454 	 0.00347357951 
0.01873817423 	 230.63985849915 	 0.00395357490 
0.01873817423 	 238.98925662311 	 0.00448236002 
0.01873817423 	 247.64091147530 	 0.00506256736 
0.01873817423 	 256.60576505760 	 0.00569677420 
0.01873817423 	 265.89515548347 	 0.00638741556 
0.01873817423 	 275.52083131769 	 0.00713663969 
0.01873817423 	 285.49496643503 	 0.00794687599 
0.01873817423 	 295.83017541695 	 0.00881964311 
0.01873817423 	 306.53952950565 	 0.00975652021 
0.01873817423 	 317.63657313561 	 0.01075895859 
0.01873817423 	 329.13534106365 	 0.01182810200 
0.01873817423 	 341.05037611911 	 0.01296496566 
0.01873817423 	 353.39674759658 	 0.01417014307 
0.01873817423 	 366.19007031450 	 0.01544377856 
0.01873817423 	 379.44652436364 	 0.01678596976 
0.01873817423 	 393.18287557058 	 0.01819655404 
0.01873817423 	 407.41649670190 	 0.01967461086 
0.01873817423 	 422.16538943608 	 0.02122048309 
0.01873817423 	 437.44820713071 	 0.02283193597 
0.01873817423 	 453.28427841392 	 0.02450821873 
0.01873817423 	 469.69363162995 	 0.02624738873 
0.01873817423 	 486.69702016948 	 0.02804851030 
0.01873817423 	 504.31594871714 	 0.02990914254 
0.01873817423 	 522.57270044903 	 0.03182731431 
0.01873817423 	 541.49036521501 	 0.03380066702 
0.01873817423 	 561.09286874100 	 0.03582709840 
0.01873817423 	 581.40500288865 	 0.03790424767 
0.01873817423 	 602.45245701027 	 0.04002960837 
0.01873817423 	 624.26185043890 	 0.04220093729 
0.01873817423 	 646.86076615463 	 0.04441599520 
0.01873817423 	 670.27778566954 	 0.04667294815 
0.01873817423 	 694.54252517561 	 0.04896813142 
0.01873817423 	 719.68567300115 	 0.05130015722 
0.01873817423 	 745.73902842330 	 0.05366713256 
0.01873817423 	 772.73554188543 	 0.05606709701 
0.01873817423 	 800.70935667059 	 0.05849793546 
0.01873817423 	 829.69585208349 	 0.06095995318 
0.01873817423 	 859.73168819576 	 0.06345130574 
0.01873817423 	 890.85485221102 	 0.06596969227 
0.01873817423 	 923.10470650840 	 0.06851512581 
0.01873817423 	 956.52203842531 	 0.07108693150 
0.01873817423 	 991.14911184236 	 0.07368527730 
0.01873817423 	 1027.02972063577 	 0.07631021220 
0.01873817423 	 1064.20924406472 	 0.07896128228 
0.01873817423 	 1102.73470416390 	 0.08163953866 
0.01873817423 	 1142.65482521357 	 0.08434480518 
0.01873817423 	 1184.02009536266 	 0.08707763472 
0.01873817423 	 1226.88283048257 	 0.08984065951 
0.01873817423 	 1271.29724033264 	 0.09263224110 
0.01873817423 	 1317.31949712075 	 0.09545556691 
0.01873817423 	 1365.00780654601 	 0.09831034056 
0.01873817423 	 1414.42248141323 	 0.10119988476 
0.01873817423 	 1465.62601791225 	 0.10412226643 
0.01873817423 	 1518.68317465873 	 0.10708206760 
0.01873817423 	 1573.66105459626 	 0.11007743457 
0.01873817423 	 1630.62918986345 	 0.11311267261 
0.01873817423 	 1689.65962973324 	 0.11618794729 
0.01873817423 	 1750.82703173573 	 0.11930467656 
0.01873817423 	 1814.20875607977 	 0.12246278523 
0.01873817423 	 1879.88496349267 	 0.12566631825 
0.01873817423 	 1947.93871660183 	 0.12891401717 
0.01873817423 	 2018.45608498650 	 0.13220798521 
0.01873817423 	 2091.52625403246 	 0.13554942282 
0.01873817423 	 2167.24163772744 	 0.13894023079 
0.01873817423 	 2245.69799553977 	 0.14237998534 
0.01873817423 	 2326.99455352823 	 0.14587167722 
0.01873817423 	 2411.23412983612 	 0.14941536687 
0.01873817423 	 2498.52326472839 	 0.15301160310 
0.01873817423 	 2588.97235533627 	 0.15666240209 
0.01873817423 	 2682.69579527972 	 0.16036889761 
0.01873817423 	 2779.81211934445 	 0.16413160790 
0.01873817423 	 2880.44415339630 	 0.16795129680 
0.01873817423 	 2984.71916972271 	 0.17182896709 
0.01873817423 	 3092.76904799777 	 0.17576509103 
0.01873817423 	 3204.73044207429 	 0.17976311965 
0.01873817423 	 3320.74495281390 	 0.18382181690 
0.01873817423 	 3440.95930717388 	 0.18794360420 
0.01873817423 	 3565.52554377701 	 0.19212695237 
0.01873817423 	 3694.60120519930 	 0.19637429080 
0.01873817423 	 3828.34953721869 	 0.20068772353 
0.01873817423 	 3966.93969527677 	 0.20506670903 
0.01873817423 	 4110.54695841470 	 0.20951245718 
0.01873817423 	 4259.35295095366 	 0.21402487753 
0.01873817423 	 4413.54587220053 	 0.21860753930 
0.01873817423 	 4573.32073446906 	 0.22325868870 
0.01873817423 	 4738.87960971766 	 0.22797970118 
0.01873817423 	 4910.43188511573 	 0.23277153531 
0.01873817423 	 5088.19452786179 	 0.23763513506 
0.01873817423 	 5272.39235958825 	 0.24257220908 
0.01873817423 	 5463.25834069991 	 0.24758346836 
0.01873817423 	 5661.03386500583 	 0.25266916500 
0.01873817423 	 5865.96906501720 	 0.25782860472 
0.01873817423 	 6078.32312829723 	 0.26306450828 
0.01873817423 	 6298.36462526327 	 0.26837593522 
0.01873817423 	 6526.37184885573 	 0.27376514833 
0.01873817423 	 6762.63316650331 	 0.27923126411 
0.01873817423 	 7007.44738482975 	 0.28477576183 
0.01873817423 	 7261.12412756334 	 0.29039940457 
0.01873817423 	 7523.98422712716 	 0.29610454941 
0.01873817423 	 7796.36013040524 	 0.30188785298 
0.01873817423 	 8078.59631919787 	 0.30775114368 
0.01873817423 	 8371.04974589791 	 0.31369695907 
0.01873817423 	 8674.09028493891 	 0.31972262569 
0.01873817423 	 8988.10120058618 	 0.32582964197 
0.01873817423 	 9313.47963166233 	 0.33201842750 
0.01873817423 	 9650.63709382046 	 0.33828976010 
0.01873817423 	 10000.00000000000 	 0.34464135470 
