0.02009233003 	 0.00000000000 	 -0.00000000012 
0.02009233003 	 0.01000000000 	 -0.00000000013 
0.02009233003 	 0.02000000000 	 -0.00000000013 
0.02009233003 	 0.03000000000 	 -0.00000000042 
0.02009233003 	 0.04000000000 	 -0.00000000041 
0.02009233003 	 0.05000000000 	 -0.00000000041 
0.02009233003 	 0.06000000000 	 -0.00000000041 
0.02009233003 	 0.07000000000 	 -0.00000000041 
0.02009233003 	 0.08000000000 	 -0.00000000041 
0.02009233003 	 0.09000000000 	 -0.00000000041 
0.02009233003 	 0.10000000000 	 -0.00000000041 
0.02009233003 	 0.11000000000 	 -0.00000000040 
0.02009233003 	 0.12000000000 	 -0.00000000040 
0.02009233003 	 0.13000000000 	 -0.00000000040 
0.02009233003 	 0.14000000000 	 -0.00000000040 
0.02009233003 	 0.15000000000 	 -0.00000000040 
0.02009233003 	 0.16000000000 	 -0.00000000040 
0.02009233003 	 0.17000000000 	 -0.00000000040 
0.02009233003 	 0.18000000000 	 -0.00000000040 
0.02009233003 	 0.19000000000 	 -0.00000000039 
0.02009233003 	 0.20000000000 	 -0.00000000039 
0.02009233003 	 0.21000000000 	 -0.00000000371 
0.02009233003 	 0.22000000000 	 -0.00000000371 
0.02009233003 	 0.23000000000 	 -0.00000000371 
0.02009233003 	 0.24000000000 	 -0.00000000371 
0.02009233003 	 0.25000000000 	 -0.00000000370 
0.02009233003 	 0.26000000000 	 -0.00000000370 
0.02009233003 	 0.27000000000 	 -0.00000000369 
0.02009233003 	 0.28000000000 	 -0.00000000365 
0.02009233003 	 0.29000000000 	 -0.00000000365 
0.02009233003 	 0.30000000000 	 -0.00000000364 
0.02009233003 	 0.31000000000 	 -0.00000000363 
0.02009233003 	 0.32000000000 	 -0.00000000363 
0.02009233003 	 0.33000000000 	 -0.00000000361 
0.02009233003 	 0.34000000000 	 -0.00000000184 
0.02009233003 	 0.35000000000 	 -0.00000000185 
0.02009233003 	 0.36000000000 	 -0.00000000187 
0.02009233003 	 0.37000000000 	 -0.00000000038 
0.02009233003 	 0.38000000000 	 -0.00000000038 
0.02009233003 	 0.39000000000 	 -0.00000000038 
0.02009233003 	 0.40000000000 	 -0.00000000037 
0.02009233003 	 0.41000000000 	 -0.00000000037 
0.02009233003 	 0.42000000000 	 -0.00000000037 
0.02009233003 	 0.43000000000 	 -0.00000000037 
0.02009233003 	 0.44000000000 	 -0.00000000037 
0.02009233003 	 0.45000000000 	 -0.00000000037 
0.02009233003 	 0.46000000000 	 -0.00000000037 
0.02009233003 	 0.47000000000 	 -0.00000000037 
0.02009233003 	 0.48000000000 	 -0.00000000037 
0.02009233003 	 0.49000000000 	 -0.00000000037 
0.02009233003 	 0.50000000000 	 -0.00000000037 
0.02009233003 	 0.51000000000 	 -0.00000000037 
0.02009233003 	 0.52000000000 	 -0.00000000037 
0.02009233003 	 0.53000000000 	 -0.00000000037 
0.02009233003 	 0.54000000000 	 -0.00000000037 
0.02009233003 	 0.55000000000 	 -0.00000000037 
0.02009233003 	 0.56000000000 	 -0.00000000096 
0.02009233003 	 0.57000000000 	 -0.00000000095 
0.02009233003 	 0.58000000000 	 -0.00000000094 
0.02009233003 	 0.59000000000 	 -0.00000000094 
0.02009233003 	 0.60000000000 	 -0.00000000063 
0.02009233003 	 0.61000000000 	 -0.00000000063 
0.02009233003 	 0.62000000000 	 -0.00000000062 
0.02009233003 	 0.63000000000 	 -0.00000000062 
0.02009233003 	 0.64000000000 	 -0.00000000093 
0.02009233003 	 0.65000000000 	 -0.00000000092 
0.02009233003 	 0.66000000000 	 -0.00000000092 
0.02009233003 	 0.67000000000 	 -0.00000000091 
0.02009233003 	 0.68000000000 	 -0.00000000091 
0.02009233003 	 0.69000000000 	 -0.00000000091 
0.02009233003 	 0.70000000000 	 -0.00000000090 
0.02009233003 	 0.71000000000 	 -0.00000000090 
0.02009233003 	 0.72000000000 	 -0.00000000089 
0.02009233003 	 0.73000000000 	 -0.00000000089 
0.02009233003 	 0.74000000000 	 -0.00000000088 
0.02009233003 	 0.75000000000 	 -0.00000000088 
0.02009233003 	 0.76000000000 	 0.00000000026 
0.02009233003 	 0.77000000000 	 0.00000000025 
0.02009233003 	 0.78000000000 	 0.00000000026 
0.02009233003 	 0.79000000000 	 -0.00000000004 
0.02009233003 	 0.80000000000 	 -0.00000000007 
0.02009233003 	 0.81000000000 	 -0.00000000007 
0.02009233003 	 0.82000000000 	 0.00000000058 
0.02009233003 	 0.83000000000 	 0.00000000112 
0.02009233003 	 0.84000000000 	 0.00000000057 
0.02009233003 	 0.85000000000 	 0.00000000057 
0.02009233003 	 0.86000000000 	 0.00000000056 
0.02009233003 	 0.87000000000 	 0.00000000056 
0.02009233003 	 0.88000000000 	 0.00000000055 
0.02009233003 	 0.89000000000 	 0.00000000055 
0.02009233003 	 0.90000000000 	 0.00000000055 
0.02009233003 	 0.91000000000 	 0.00000000054 
0.02009233003 	 0.92000000000 	 0.00000000054 
0.02009233003 	 0.93000000000 	 0.00000000054 
0.02009233003 	 0.94000000000 	 0.00000000053 
0.02009233003 	 0.95000000000 	 0.00000000053 
0.02009233003 	 0.96000000000 	 0.00000000053 
0.02009233003 	 0.97000000000 	 0.00000000052 
0.02009233003 	 0.98000000000 	 0.00000000052 
0.02009233003 	 0.99000000000 	 0.00000000052 
0.02009233003 	 1.00000000000 	 0.00000000052 
0.02009233003 	 1.03620101997 	 0.00000000051 
0.02009233003 	 1.07371255379 	 0.00000000030 
0.02009233003 	 1.11258204340 	 0.00000000031 
0.02009233003 	 1.15285864817 	 0.00000000031 
0.02009233003 	 1.19459330712 	 0.00000000032 
0.02009233003 	 1.23783880329 	 -0.00000000054 
0.02009233003 	 1.28264983053 	 0.00000000015 
0.02009233003 	 1.32908306266 	 -0.00000000037 
0.02009233003 	 1.37719722516 	 -0.00000000040 
0.02009233003 	 1.42705316941 	 -0.00000000066 
0.02009233003 	 1.47871394970 	 -0.00000000069 
0.02009233003 	 1.53224490292 	 -0.00000000071 
0.02009233003 	 1.58771373126 	 -0.00000000072 
0.02009233003 	 1.64519058775 	 -0.00000000073 
0.02009233003 	 1.70474816508 	 -0.00000000075 
0.02009233003 	 1.76646178745 	 -0.00000000077 
0.02009233003 	 1.83040950590 	 -0.00000000080 
0.02009233003 	 1.89667219698 	 -0.00000000085 
0.02009233003 	 1.96533366506 	 -0.00000000091 
0.02009233003 	 2.03648074833 	 -0.00000000106 
0.02009233003 	 2.11020342857 	 -0.00000000105 
0.02009233003 	 2.18659494503 	 -0.00000000046 
0.02009233003 	 2.26575191231 	 -0.00000000047 
0.02009233003 	 2.34777444254 	 -0.00000000048 
0.02009233003 	 2.43276627202 	 -0.00000000051 
0.02009233003 	 2.52083489243 	 0.00000000014 
0.02009233003 	 2.61209168671 	 -0.00000000418 
0.02009233003 	 2.70665207003 	 -0.00000000488 
0.02009233003 	 2.80463563568 	 -0.00000000474 
0.02009233003 	 2.90616630634 	 -0.00000000248 
0.02009233003 	 3.01137249084 	 -0.00000000263 
0.02009233003 	 3.12038724653 	 -0.00000000271 
0.02009233003 	 3.23334844756 	 -0.00000000142 
0.02009233003 	 3.35039895929 	 0.00000000087 
0.02009233003 	 3.47168681893 	 0.00000000163 
0.02009233003 	 3.59736542280 	 0.00000000129 
0.02009233003 	 3.72759372031 	 0.00000000119 
0.02009233003 	 3.86253641503 	 -0.00000000169 
0.02009233003 	 4.00236417294 	 -0.00000000187 
0.02009233003 	 4.14725383830 	 -0.00000000180 
0.02009233003 	 4.29738865733 	 0.00000000022 
0.02009233003 	 4.45295850994 	 0.00000000006 
0.02009233003 	 4.61416014990 	 0.00000000016 
0.02009233003 	 4.78119745364 	 0.00000000177 
0.02009233003 	 4.95428167815 	 0.00000000027 
0.02009233003 	 5.13363172813 	 0.00000000033 
0.02009233003 	 5.31947443285 	 0.00000000028 
0.02009233003 	 5.51204483304 	 0.00000000148 
0.02009233003 	 5.71158647813 	 0.00000000104 
0.02009233003 	 5.91835173430 	 0.00000000071 
0.02009233003 	 6.13260210363 	 0.00000000084 
0.02009233003 	 6.35460855487 	 0.00000000135 
0.02009233003 	 6.58465186608 	 0.00000000281 
0.02009233003 	 6.82302297979 	 0.00000000009 
0.02009233003 	 7.07002337096 	 0.00000000029 
0.02009233003 	 7.32596542822 	 0.00000000012 
0.02009233003 	 7.59117284900 	 0.00000000019 
0.02009233003 	 7.86598104892 	 0.00000000108 
0.02009233003 	 8.15073758597 	 0.00000000100 
0.02009233003 	 8.44580260011 	 0.00000000364 
0.02009233003 	 8.75154926872 	 -0.00000001390 
0.02009233003 	 9.06836427859 	 -0.00000001987 
0.02009233003 	 9.39664831495 	 -0.00000000046 
0.02009233003 	 9.73681656828 	 -0.00000000653 
0.02009233003 	 10.08929925933 	 -0.00000000569 
0.02009233003 	 10.45454218333 	 0.00000001178 
0.02009233003 	 10.83300727371 	 0.00000000920 
0.02009233003 	 11.22517318638 	 0.00000003387 
0.02009233003 	 11.63153590510 	 0.00000002297 
0.02009233003 	 12.05260936871 	 0.00000002165 
0.02009233003 	 12.48892612118 	 0.00000000939 
0.02009233003 	 12.94103798513 	 -0.00000001411 
0.02009233003 	 13.40951675969 	 -0.00000001349 
0.02009233003 	 13.89495494373 	 -0.00000001203 
0.02009233003 	 14.39796648516 	 -0.00000000449 
0.02009233003 	 14.91918755746 	 -0.00000000463 
0.02009233003 	 15.45927736419 	 -0.00000000263 
0.02009233003 	 16.01891897281 	 -0.00000000263 
0.02009233003 	 16.59882017849 	 0.00000002585 
0.02009233003 	 17.19971439928 	 0.00000001278 
0.02009233003 	 17.82236160377 	 -0.00000000009 
0.02009233003 	 18.46754927215 	 -0.00000000065 
0.02009233003 	 19.13609339219 	 -0.00000000135 
0.02009233003 	 19.82883949127 	 -0.00000000228 
0.02009233003 	 20.54666370572 	 -0.00000000183 
0.02009233003 	 21.29047388890 	 -0.00000000220 
0.02009233003 	 22.06121075937 	 0.00000000658 
0.02009233003 	 22.85984909069 	 0.00000000975 
0.02009233003 	 23.68739894419 	 0.00000000406 
0.02009233003 	 24.54490694646 	 -0.00000000666 
0.02009233003 	 25.43345761305 	 -0.00000000795 
0.02009233003 	 26.35417472006 	 -0.00000000153 
0.02009233003 	 27.30822272546 	 -0.00000000217 
0.02009233003 	 28.29680824175 	 -0.00000000151 
0.02009233003 	 29.32118156207 	 0.00000000192 
0.02009233003 	 30.38263824141 	 -0.00000001299 
0.02009233003 	 31.48252073520 	 -0.00000001661 
0.02009233003 	 32.62222009712 	 0.00000000159 
0.02009233003 	 33.80317773840 	 -0.00000002085 
0.02009233003 	 35.02688725083 	 0.00000000074 
0.02009233003 	 36.29489629577 	 -0.00000000261 
0.02009233003 	 37.60880856147 	 0.00000000400 
0.02009233003 	 38.97028579134 	 -0.00000000556 
0.02009233003 	 40.38104988560 	 0.00000001088 
0.02009233003 	 41.84288507902 	 0.00000005078 
0.02009233003 	 43.35764019746 	 0.00000006860 
0.02009233003 	 44.92723099621 	 0.00000003365 
0.02009233003 	 46.55364258280 	 0.00000005577 
0.02009233003 	 48.23893192773 	 0.00000012500 
0.02009233003 	 49.98523046589 	 0.00000015145 
0.02009233003 	 51.79474679231 	 0.00000039448 
0.02009233003 	 53.66976945540 	 0.00000058193 
0.02009233003 	 55.61266985137 	 0.00000081185 
0.02009233003 	 57.62590522338 	 0.00000110753 
0.02009233003 	 59.71202176930 	 0.00000157022 
0.02009233003 	 61.87365786196 	 0.00000207854 
0.02009233003 	 64.11354738598 	 0.00000310601 
0.02009233003 	 66.43452319540 	 0.00000407953 
0.02009233003 	 68.83952069645 	 0.00000568564 
0.02009233003 	 71.33158156008 	 0.00000756727 
0.02009233003 	 73.91385756879 	 0.00000997064 
0.02009233003 	 76.58961460288 	 0.00001330398 
0.02009233003 	 79.36223677079 	 0.00001776520 
0.02009233003 	 82.23523068918 	 0.00002322352 
0.02009233003 	 85.21222991780 	 0.00003014876 
0.02009233003 	 88.29699955494 	 0.00003886009 
0.02009233003 	 91.49344099933 	 0.00004988959 
0.02009233003 	 94.80559688429 	 0.00006389904 
0.02009233003 	 98.23765619059 	 0.00008127947 
0.02009233003 	 101.79395954438 	 0.00010249147 
0.02009233003 	 105.47900470692 	 0.00012822396 
0.02009233003 	 109.29745226298 	 0.00016000339 
0.02009233003 	 113.25413151528 	 0.00019864937 
0.02009233003 	 117.35404659222 	 0.00024461150 
0.02009233003 	 121.60238277674 	 0.00029993842 
0.02009233003 	 126.00451306433 	 0.00036589691 
0.02009233003 	 130.56600495838 	 0.00044371081 
0.02009233003 	 135.29262751160 	 0.00053523726 
0.02009233003 	 140.19035862226 	 0.00064235449 
0.02009233003 	 145.26539259468 	 0.00076715879 
0.02009233003 	 150.52414797329 	 0.00091166494 
0.02009233003 	 155.97327566040 	 0.00107838200 
0.02009233003 	 161.61966732774 	 0.00126918803 
0.02009233003 	 167.47046413260 	 0.00148683128 
0.02009233003 	 173.53306574945 	 0.00173452255 
0.02009233003 	 179.81513972851 	 0.00201398386 
0.02009233003 	 186.32463119316 	 0.00232834905 
0.02009233003 	 193.06977288832 	 0.00268044618 
0.02009233003 	 200.05909559272 	 0.00307307609 
0.02009233003 	 207.30143890792 	 0.00350918586 
0.02009233003 	 214.80596243813 	 0.00399135286 
0.02009233003 	 222.58215737454 	 0.00452232037 
0.02009233003 	 230.63985849915 	 0.00510469878 
0.02009233003 	 238.98925662311 	 0.00574097976 
0.02009233003 	 247.64091147530 	 0.00643362137 
0.02009233003 	 256.60576505760 	 0.00718477978 
0.02009233003 	 265.89515548347 	 0.00799685234 
0.02009233003 	 275.52083131769 	 0.00887131466 
0.02009233003 	 285.49496643503 	 0.00980979001 
0.02009233003 	 295.83017541695 	 0.01081370405 
0.02009233003 	 306.53952950565 	 0.01188420089 
0.02009233003 	 317.63657313561 	 0.01302223687 
0.02009233003 	 329.13534106365 	 0.01422845668 
0.02009233003 	 341.05037611911 	 0.01550302304 
0.02009233003 	 353.39674759658 	 0.01684597735 
0.02009233003 	 366.19007031450 	 0.01825717413 
0.02009233003 	 379.44652436364 	 0.01973593231 
0.02009233003 	 393.18287557058 	 0.02128191815 
0.02009233003 	 407.41649670190 	 0.02289356947 
0.02009233003 	 422.16538943608 	 0.02456992939 
0.02009233003 	 437.44820713071 	 0.02630905375 
0.02009233003 	 453.28427841392 	 0.02811004972 
0.02009233003 	 469.69363162995 	 0.02997042102 
0.02009233003 	 486.69702016948 	 0.03188825235 
0.02009233003 	 504.31594871714 	 0.03386116851 
0.02009233003 	 522.57270044903 	 0.03588710461 
0.02009233003 	 541.49036521501 	 0.03796367413 
0.02009233003 	 561.09286874100 	 0.04008836877 
0.02009233003 	 581.40500288865 	 0.04225902775 
0.02009233003 	 602.45245701027 	 0.04447330059 
0.02009233003 	 624.26185043890 	 0.04672954041 
0.02009233003 	 646.86076615463 	 0.04902391883 
0.02009233003 	 670.27778566954 	 0.05135513675 
0.02009233003 	 694.54252517561 	 0.05372126733 
0.02009233003 	 719.68567300115 	 0.05612036659 
0.02009233003 	 745.73902842330 	 0.05855071017 
0.02009233003 	 772.73554188543 	 0.06101139124 
0.02009233003 	 800.70935667059 	 0.06350188858 
0.02009233003 	 829.69585208349 	 0.06601934946 
0.02009233003 	 859.73168819576 	 0.06856383708 
0.02009233003 	 890.85485221102 	 0.07113466375 
0.02009233003 	 923.10470650840 	 0.07373206660 
0.02009233003 	 956.52203842531 	 0.07635597780 
0.02009233003 	 991.14911184236 	 0.07900594920 
0.02009233003 	 1027.02972063577 	 0.08168322136 
0.02009233003 	 1064.20924406472 	 0.08438737223 
0.02009233003 	 1102.73470416390 	 0.08711900697 
0.02009233003 	 1142.65482521357 	 0.08988092157 
0.02009233003 	 1184.02009536266 	 0.09267183357 
0.02009233003 	 1226.88283048257 	 0.09549332503 
0.02009233003 	 1271.29724033264 	 0.09834671343 
0.02009233003 	 1317.31949712075 	 0.10123493926 
0.02009233003 	 1365.00780654601 	 0.10415580129 
0.02009233003 	 1414.42248141323 	 0.10711426091 
0.02009233003 	 1465.62601791225 	 0.11010809539 
0.02009233003 	 1518.68317465873 	 0.11314175535 
0.02009233003 	 1573.66105459626 	 0.11621534474 
0.02009233003 	 1630.62918986345 	 0.11933031902 
0.02009233003 	 1689.65962973324 	 0.12248672094 
0.02009233003 	 1750.82703173573 	 0.12568838807 
0.02009233003 	 1814.20875607977 	 0.12893420319 
0.02009233003 	 1879.88496349267 	 0.13222622461 
0.02009233003 	 1947.93871660183 	 0.13556563117 
0.02009233003 	 2018.45608498650 	 0.13895434931 
0.02009233003 	 2091.52625403246 	 0.14239195363 
0.02009233003 	 2167.24163772744 	 0.14588152756 
0.02009233003 	 2245.69799553977 	 0.14942237513 
0.02009233003 	 2326.99455352823 	 0.15301690402 
0.02009233003 	 2411.23412983612 	 0.15666535289 
0.02009233003 	 2498.52326472839 	 0.16036944359 
0.02009233003 	 2588.97235533627 	 0.16412971339 
0.02009233003 	 2682.69579527972 	 0.16794687593 
0.02009233003 	 2779.81211934445 	 0.17182196929 
0.02009233003 	 2880.44415339630 	 0.17575548278 
0.02009233003 	 2984.71916972271 	 0.17975077614 
0.02009233003 	 3092.76904799777 	 0.18380680321 
0.02009233003 	 3204.73044207429 	 0.18792576443 
0.02009233003 	 3320.74495281390 	 0.19210625220 
0.02009233003 	 3440.95930717388 	 0.19635056710 
0.02009233003 	 3565.52554377701 	 0.20066110051 
0.02009233003 	 3694.60120519930 	 0.20503702406 
0.02009233003 	 3828.34953721869 	 0.20947984682 
0.02009233003 	 3966.93969527677 	 0.21398910166 
0.02009233003 	 4110.54695841470 	 0.21856851799 
0.02009233003 	 4259.35295095366 	 0.22321648223 
0.02009233003 	 4413.54587220053 	 0.22793423711 
0.02009233003 	 4573.32073446906 	 0.23272275017 
0.02009233003 	 4738.87960971766 	 0.23758301400 
0.02009233003 	 4910.43188511573 	 0.24251662041 
0.02009233003 	 5088.19452786179 	 0.24752434089 
0.02009233003 	 5272.39235958825 	 0.25260646658 
0.02009233003 	 5463.25834069991 	 0.25776238269 
0.02009233003 	 5661.03386500583 	 0.26299374559 
0.02009233003 	 5865.96906501720 	 0.26830230696 
0.02009233003 	 6078.32312829723 	 0.27368783687 
0.02009233003 	 6298.36462526327 	 0.27915014625 
0.02009233003 	 6526.37184885573 	 0.28469096159 
0.02009233003 	 6762.63316650331 	 0.29031075486 
0.02009233003 	 7007.44738482975 	 0.29601022853 
0.02009233003 	 7261.12412756334 	 0.30179133942 
0.02009233003 	 7523.98422712716 	 0.30765067234 
0.02009233003 	 7796.36013040524 	 0.31359243999 
0.02009233003 	 8078.59631919787 	 0.31961405746 
0.02009233003 	 8371.04974589791 	 0.32571698909 
0.02009233003 	 8674.09028493891 	 0.33190173491 
0.02009233003 	 8988.10120058618 	 0.33816889745 
0.02009233003 	 9313.47963166233 	 0.34451605460 
0.02009233003 	 9650.63709382046 	 0.35095000154 
0.02009233003 	 10000.00000000000 	 0.35746483009 
