0.30538555088 	 0.00000000000 	 0.00373719235 
0.30538555088 	 0.01000000000 	 0.00388856674 
0.30538555088 	 0.02000000000 	 0.00404365100 
0.30538555088 	 0.03000000000 	 0.00419866747 
0.30538555088 	 0.04000000000 	 0.00435780174 
0.30538555088 	 0.05000000000 	 0.00451842867 
0.30538555088 	 0.06000000000 	 0.00468169886 
0.30538555088 	 0.07000000000 	 0.00484464949 
0.30538555088 	 0.08000000000 	 0.00501173535 
0.30538555088 	 0.09000000000 	 0.00518030495 
0.30538555088 	 0.10000000000 	 0.00535137801 
0.30538555088 	 0.11000000000 	 0.00552425974 
0.30538555088 	 0.12000000000 	 0.00569944959 
0.30538555088 	 0.13000000000 	 0.00587782942 
0.30538555088 	 0.14000000000 	 0.00605505550 
0.30538555088 	 0.15000000000 	 0.00623337396 
0.30538555088 	 0.16000000000 	 0.00641816920 
0.30538555088 	 0.17000000000 	 0.00660218337 
0.30538555088 	 0.18000000000 	 0.00678570840 
0.30538555088 	 0.19000000000 	 0.00697593219 
0.30538555088 	 0.20000000000 	 0.00716590399 
0.30538555088 	 0.21000000000 	 0.00735601654 
0.30538555088 	 0.22000000000 	 0.00754809802 
0.30538555088 	 0.23000000000 	 0.00774291350 
0.30538555088 	 0.24000000000 	 0.00793801051 
0.30538555088 	 0.25000000000 	 0.00813443370 
0.30538555088 	 0.26000000000 	 0.00833113605 
0.30538555088 	 0.27000000000 	 0.00853056675 
0.30538555088 	 0.28000000000 	 0.00873492529 
0.30538555088 	 0.29000000000 	 0.00893809802 
0.30538555088 	 0.30000000000 	 0.00913787526 
0.30538555088 	 0.31000000000 	 0.00934575159 
0.30538555088 	 0.32000000000 	 0.00955285083 
0.30538555088 	 0.33000000000 	 0.00976102040 
0.30538555088 	 0.34000000000 	 0.00996912234 
0.30538555088 	 0.35000000000 	 0.01017717167 
0.30538555088 	 0.36000000000 	 0.01038855267 
0.30538555088 	 0.37000000000 	 0.01060163397 
0.30538555088 	 0.38000000000 	 0.01081512398 
0.30538555088 	 0.39000000000 	 0.01102996364 
0.30538555088 	 0.40000000000 	 0.01124570676 
0.30538555088 	 0.41000000000 	 0.01145826457 
0.30538555088 	 0.42000000000 	 0.01167484196 
0.30538555088 	 0.43000000000 	 0.01189303944 
0.30538555088 	 0.44000000000 	 0.01211273028 
0.30538555088 	 0.45000000000 	 0.01233620173 
0.30538555088 	 0.46000000000 	 0.01255767074 
0.30538555088 	 0.47000000000 	 0.01277279964 
0.30538555088 	 0.48000000000 	 0.01299550328 
0.30538555088 	 0.49000000000 	 0.01321922476 
0.30538555088 	 0.50000000000 	 0.01345037392 
0.30538555088 	 0.51000000000 	 0.01367515248 
0.30538555088 	 0.52000000000 	 0.01389173366 
0.30538555088 	 0.53000000000 	 0.01412504022 
0.30538555088 	 0.54000000000 	 0.01435165687 
0.30538555088 	 0.55000000000 	 0.01457842810 
0.30538555088 	 0.56000000000 	 0.01480696926 
0.30538555088 	 0.57000000000 	 0.01503607087 
0.30538555088 	 0.58000000000 	 0.01526635879 
0.30538555088 	 0.59000000000 	 0.01549921403 
0.30538555088 	 0.60000000000 	 0.01573059270 
0.30538555088 	 0.61000000000 	 0.01596223567 
0.30538555088 	 0.62000000000 	 0.01619324513 
0.30538555088 	 0.63000000000 	 0.01641837009 
0.30538555088 	 0.64000000000 	 0.01665339653 
0.30538555088 	 0.65000000000 	 0.01688859822 
0.30538555088 	 0.66000000000 	 0.01712257507 
0.30538555088 	 0.67000000000 	 0.01735723471 
0.30538555088 	 0.68000000000 	 0.01759293220 
0.30538555088 	 0.69000000000 	 0.01782631250 
0.30538555088 	 0.70000000000 	 0.01806079685 
0.30538555088 	 0.71000000000 	 0.01829616009 
0.30538555088 	 0.72000000000 	 0.01853062610 
0.30538555088 	 0.73000000000 	 0.01876844403 
0.30538555088 	 0.74000000000 	 0.01900339010 
0.30538555088 	 0.75000000000 	 0.01924178534 
0.30538555088 	 0.76000000000 	 0.01947948836 
0.30538555088 	 0.77000000000 	 0.01971608828 
0.30538555088 	 0.78000000000 	 0.01995355869 
0.30538555088 	 0.79000000000 	 0.02019416015 
0.30538555088 	 0.80000000000 	 0.02043204577 
0.30538555088 	 0.81000000000 	 0.02067054770 
0.30538555088 	 0.82000000000 	 0.02090950857 
0.30538555088 	 0.83000000000 	 0.02114878573 
0.30538555088 	 0.84000000000 	 0.02138604580 
0.30538555088 	 0.85000000000 	 0.02162636803 
0.30538555088 	 0.86000000000 	 0.02186759497 
0.30538555088 	 0.87000000000 	 0.02210939802 
0.30538555088 	 0.88000000000 	 0.02234331154 
0.30538555088 	 0.89000000000 	 0.02258743453 
0.30538555088 	 0.90000000000 	 0.02282809836 
0.30538555088 	 0.91000000000 	 0.02306751272 
0.30538555088 	 0.92000000000 	 0.02330758166 
0.30538555088 	 0.93000000000 	 0.02354772990 
0.30538555088 	 0.94000000000 	 0.02378883198 
0.30538555088 	 0.95000000000 	 0.02402684164 
0.30538555088 	 0.96000000000 	 0.02427658025 
0.30538555088 	 0.97000000000 	 0.02451694699 
0.30538555088 	 0.98000000000 	 0.02475760473 
0.30538555088 	 0.99000000000 	 0.02499846627 
0.30538555088 	 1.00000000000 	 0.02523946557 
0.30538555088 	 1.03620101997 	 0.02610796940 
0.30538555088 	 1.07371255379 	 0.02701105639 
0.30538555088 	 1.11258204340 	 0.02794222943 
0.30538555088 	 1.15285864817 	 0.02890603258 
0.30538555088 	 1.19459330712 	 0.02990988171 
0.30538555088 	 1.23783880329 	 0.03094361285 
0.30538555088 	 1.28264983053 	 0.03201032173 
0.30538555088 	 1.32908306266 	 0.03311346189 
0.30538555088 	 1.37719722516 	 0.03425121588 
0.30538555088 	 1.42705316941 	 0.03542234595 
0.30538555088 	 1.47871394970 	 0.03662709126 
0.30538555088 	 1.53224490292 	 0.03787234768 
0.30538555088 	 1.58771373126 	 0.03916162047 
0.30538555088 	 1.64519058775 	 0.04047247361 
0.30538555088 	 1.70474816508 	 0.04182299147 
0.30538555088 	 1.76646178745 	 0.04321370011 
0.30538555088 	 1.83040950590 	 0.04464035703 
0.30538555088 	 1.89667219698 	 0.04610248852 
0.30538555088 	 1.96533366506 	 0.04760088620 
0.30538555088 	 2.03648074833 	 0.04913600329 
0.30538555088 	 2.11020342857 	 0.05070635762 
0.30538555088 	 2.18659494503 	 0.05231287532 
0.30538555088 	 2.26575191231 	 0.05395474849 
0.30538555088 	 2.34777444254 	 0.05563088451 
0.30538555088 	 2.43276627202 	 0.05734658463 
0.30538555088 	 2.52083489243 	 0.05909014055 
0.30538555088 	 2.61209168671 	 0.06086433377 
0.30538555088 	 2.70665207003 	 0.06266874544 
0.30538555088 	 2.80463563568 	 0.06450907520 
0.30538555088 	 2.90616630634 	 0.06638137291 
0.30538555088 	 3.01137249084 	 0.06828429510 
0.30538555088 	 3.12038724653 	 0.07021729327 
0.30538555088 	 3.23334844756 	 0.07217923071 
0.30538555088 	 3.35039895929 	 0.07417018969 
0.30538555088 	 3.47168681893 	 0.07618931392 
0.30538555088 	 3.59736542280 	 0.07823651701 
0.30538555088 	 3.72759372031 	 0.08031748326 
0.30538555088 	 3.86253641503 	 0.08240918193 
0.30538555088 	 4.00236417294 	 0.08453535986 
0.30538555088 	 4.14725383830 	 0.08668668472 
0.30538555088 	 4.29738865733 	 0.08886351291 
0.30538555088 	 4.45295850994 	 0.09106622393 
0.30538555088 	 4.61416014990 	 0.09329297984 
0.30538555088 	 4.78119745364 	 0.09554537397 
0.30538555088 	 4.95428167815 	 0.09782313311 
0.30538555088 	 5.13363172813 	 0.10012556635 
0.30538555088 	 5.31947443285 	 0.10245481310 
0.30538555088 	 5.51204483304 	 0.10480869118 
0.30538555088 	 5.71158647813 	 0.10718929208 
0.30538555088 	 5.91835173430 	 0.10959530201 
0.30538555088 	 6.13260210363 	 0.11202949253 
0.30538555088 	 6.35460855487 	 0.11449049231 
0.30538555088 	 6.58465186608 	 0.11698276187 
0.30538555088 	 6.82302297979 	 0.11950328117 
0.30538555088 	 7.07002337096 	 0.12205298625 
0.30538555088 	 7.32596542822 	 0.12463441794 
0.30538555088 	 7.59117284900 	 0.12724789083 
0.30538555088 	 7.86598104892 	 0.12989466000 
0.30538555088 	 8.15073758597 	 0.13257481948 
0.30538555088 	 8.44580260011 	 0.13529032866 
0.30538555088 	 8.75154926872 	 0.13804114641 
0.30538555088 	 9.06836427859 	 0.14083080471 
0.30538555088 	 9.39664831495 	 0.14365686957 
0.30538555088 	 9.73681656828 	 0.14652173774 
0.30538555088 	 10.08929925933 	 0.14942677095 
0.30538555088 	 10.45454218333 	 0.15237247854 
0.30538555088 	 10.83300727371 	 0.15536139932 
0.30538555088 	 11.22517318638 	 0.15839216897 
0.30538555088 	 11.63153590510 	 0.16146769372 
0.30538555088 	 12.05260936871 	 0.16458682503 
0.30538555088 	 12.48892612118 	 0.16775581778 
0.30538555088 	 12.94103798513 	 0.17096998194 
0.30538555088 	 13.40951675969 	 0.17423177698 
0.30538555088 	 13.89495494373 	 0.17754194913 
0.30538555088 	 14.39796648516 	 0.18090288999 
0.30538555088 	 14.91918755746 	 0.18431274893 
0.30538555088 	 15.45927736419 	 0.18777598558 
0.30538555088 	 16.01891897281 	 0.19129085032 
0.30538555088 	 16.59882017849 	 0.19486130061 
0.30538555088 	 17.19971439928 	 0.19848446781 
0.30538555088 	 17.82236160377 	 0.20216260984 
0.30538555088 	 18.46754927215 	 0.20589646851 
0.30538555088 	 19.13609339219 	 0.20968811789 
0.30538555088 	 19.82883949127 	 0.21353829828 
0.30538555088 	 20.54666370572 	 0.21744749342 
0.30538555088 	 21.29047388890 	 0.22141951569 
0.30538555088 	 22.06121075937 	 0.22544868524 
0.30538555088 	 22.85984909069 	 0.22953685559 
0.30538555088 	 23.68739894419 	 0.23369233056 
0.30538555088 	 24.54490694646 	 0.23790997209 
0.30538555088 	 25.43345761305 	 0.24219109623 
0.30538555088 	 26.35417472006 	 0.24653681532 
0.30538555088 	 27.30822272546 	 0.25094809263 
0.30538555088 	 28.29680824175 	 0.25542500267 
0.30538555088 	 29.32118156207 	 0.25997234301 
0.30538555088 	 30.38263824141 	 0.26458615271 
0.30538555088 	 31.48252073520 	 0.26926815799 
0.30538555088 	 32.62222009712 	 0.27401975443 
0.30538555088 	 33.80317773840 	 0.27884144251 
0.30538555088 	 35.02688725083 	 0.28373613927 
0.30538555088 	 36.29489629577 	 0.28870101353 
0.30538555088 	 37.60880856147 	 0.29374149883 
0.30538555088 	 38.97028579134 	 0.29885482253 
0.30538555088 	 40.38104988560 	 0.30404041003 
0.30538555088 	 41.84288507902 	 0.30930051219 
0.30538555088 	 43.35764019746 	 0.31463573589 
0.30538555088 	 44.92723099621 	 0.32004662098 
0.30538555088 	 46.55364258280 	 0.32553341688 
0.30538555088 	 48.23893192773 	 0.33109764554 
0.30538555088 	 49.98523046589 	 0.33674084199 
0.30538555088 	 51.79474679231 	 0.34245685706 
0.30538555088 	 53.66976945540 	 0.34825250612 
0.30538555088 	 55.61266985137 	 0.35412680121 
0.30538555088 	 57.62590522338 	 0.36007950909 
0.30538555088 	 59.71202176930 	 0.36611111709 
0.30538555088 	 61.87365786196 	 0.37222121013 
0.30538555088 	 64.11354738598 	 0.37841150412 
0.30538555088 	 66.43452319540 	 0.38467697431 
0.30538555088 	 68.83952069645 	 0.39102548781 
0.30538555088 	 71.33158156008 	 0.39745209046 
0.30538555088 	 73.91385756879 	 0.40395765142 
0.30538555088 	 76.58961460288 	 0.41053779724 
0.30538555088 	 79.36223677079 	 0.41720257022 
0.30538555088 	 82.23523068918 	 0.42394067617 
0.30538555088 	 85.21222991780 	 0.43075307409 
0.30538555088 	 88.29699955494 	 0.43764535457 
0.30538555088 	 91.49344099933 	 0.44461474301 
0.30538555088 	 94.80559688429 	 0.45165887467 
0.30538555088 	 98.23765619059 	 0.45877791411 
0.30538555088 	 101.79395954438 	 0.46597106096 
0.30538555088 	 105.47900470692 	 0.47323366533 
0.30538555088 	 109.29745226298 	 0.48056949966 
0.30538555088 	 113.25413151528 	 0.48797526848 
0.30538555088 	 117.35404659222 	 0.49545004792 
0.30538555088 	 121.60238277674 	 0.50299090398 
0.30538555088 	 126.00451306433 	 0.51059737909 
0.30538555088 	 130.56600495838 	 0.51826715679 
0.30538555088 	 135.29262751160 	 0.52599829706 
0.30538555088 	 140.19035862226 	 0.53378855983 
0.30538555088 	 145.26539259468 	 0.54163669011 
0.30538555088 	 150.52414797329 	 0.54953884235 
0.30538555088 	 155.97327566040 	 0.55749385042 
0.30538555088 	 161.61966732774 	 0.56549863882 
0.30538555088 	 167.47046413260 	 0.57355028501 
0.30538555088 	 173.53306574945 	 0.58164599026 
0.30538555088 	 179.81513972851 	 0.58978155468 
0.30538555088 	 186.32463119316 	 0.59795441526 
0.30538555088 	 193.06977288832 	 0.60616097456 
0.30538555088 	 200.05909559272 	 0.61439822184 
0.30538555088 	 207.30143890792 	 0.62266158627 
0.30538555088 	 214.80596243813 	 0.63094728295 
0.30538555088 	 222.58215737454 	 0.63925076084 
0.30538555088 	 230.63985849915 	 0.64756838470 
0.30538555088 	 238.98925662311 	 0.65589552249 
0.30538555088 	 247.64091147530 	 0.66422719014 
0.30538555088 	 256.60576505760 	 0.67255857730 
0.30538555088 	 265.89515548347 	 0.68088571729 
0.30538555088 	 275.52083131769 	 0.68920198487 
0.30538555088 	 285.49496643503 	 0.69750344095 
0.30538555088 	 295.83017541695 	 0.70578346655 
0.30538555088 	 306.53952950565 	 0.71403788519 
0.30538555088 	 317.63657313561 	 0.72226076536 
0.30538555088 	 329.13534106365 	 0.73044621534 
0.30538555088 	 341.05037611911 	 0.73858827354 
0.30538555088 	 353.39674759658 	 0.74668074532 
0.30538555088 	 366.19007031450 	 0.75471801366 
0.30538555088 	 379.44652436364 	 0.76269501500 
0.30538555088 	 393.18287557058 	 0.77060428075 
0.30538555088 	 407.41649670190 	 0.77844030066 
0.30538555088 	 422.16538943608 	 0.78619643482 
0.30538555088 	 437.44820713071 	 0.79386761271 
0.30538555088 	 453.28427841392 	 0.80144731366 
0.30538555088 	 469.69363162995 	 0.80892939413 
0.30538555088 	 486.69702016948 	 0.81630700947 
0.30538555088 	 504.31594871714 	 0.82357665049 
0.30538555088 	 522.57270044903 	 0.83072950997 
0.30538555088 	 541.49036521501 	 0.83776250804 
0.30538555088 	 561.09286874100 	 0.84466725511 
0.30538555088 	 581.40500288865 	 0.85144128123 
0.30538555088 	 602.45245701027 	 0.85807825274 
0.30538555088 	 624.26185043890 	 0.86457308621 
0.30538555088 	 646.86076615463 	 0.87092108449 
0.30538555088 	 670.27778566954 	 0.87711820142 
0.30538555088 	 694.54252517561 	 0.88315891843 
0.30538555088 	 719.68567300115 	 0.88904001030 
0.30538555088 	 745.73902842330 	 0.89475856499 
0.30538555088 	 772.73554188543 	 0.90031084023 
0.30538555088 	 800.70935667059 	 0.90569391512 
0.30538555088 	 829.69585208349 	 0.91090514901 
0.30538555088 	 859.73168819576 	 0.91594247236 
0.30538555088 	 890.85485221102 	 0.92080376435 
0.30538555088 	 923.10470650840 	 0.92548770165 
0.30538555088 	 956.52203842531 	 0.92999336968 
0.30538555088 	 991.14911184236 	 0.93432046771 
0.30538555088 	 1027.02972063577 	 0.93846859418 
0.30538555088 	 1064.20924406472 	 0.94243806326 
0.30538555088 	 1102.73470416390 	 0.94622955652 
0.30538555088 	 1142.65482521357 	 0.94984409292 
0.30538555088 	 1184.02009536266 	 0.95328338374 
0.30538555088 	 1226.88283048257 	 0.95654934069 
0.30538555088 	 1271.29724033264 	 0.95964428953 
0.30538555088 	 1317.31949712075 	 0.96257091920 
0.30538555088 	 1365.00780654601 	 0.96533231428 
0.30538555088 	 1414.42248141323 	 0.96793188908 
0.30538555088 	 1465.62601791225 	 0.97037355021 
0.30538555088 	 1518.68317465873 	 0.97266141425 
0.30538555088 	 1573.66105459626 	 0.97479975597 
0.30538555088 	 1630.62918986345 	 0.97679333736 
0.30538555088 	 1689.65962973324 	 0.97864701682 
0.30538555088 	 1750.82703173573 	 0.98036575173 
0.30538555088 	 1814.20875607977 	 0.98195491243 
0.30538555088 	 1879.88496349267 	 0.98341992582 
0.30538555088 	 1947.93871660183 	 0.98476644644 
0.30538555088 	 2018.45608498650 	 0.98600014118 
0.30538555088 	 2091.52625403246 	 0.98712647144 
0.30538555088 	 2167.24163772744 	 0.98815131696 
0.30538555088 	 2245.69799553977 	 0.98908040513 
0.30538555088 	 2326.99455352823 	 0.98991954484 
0.30538555088 	 2411.23412983612 	 0.99067430876 
0.30538555088 	 2498.52326472839 	 0.99135031130 
0.30538555088 	 2588.97235533627 	 0.99195298873 
0.30538555088 	 2682.69579527972 	 0.99248760228 
0.30538555088 	 2779.81211934445 	 0.99295945406 
0.30538555088 	 2880.44415339630 	 0.99337355374 
0.30538555088 	 2984.71916972271 	 0.99373475770 
0.30538555088 	 3092.76904799777 	 0.99404771282 
0.30538555088 	 3204.73044207429 	 0.99431681503 
0.30538555088 	 3320.74495281390 	 0.99454629563 
0.30538555088 	 3440.95930717388 	 0.99474015099 
0.30538555088 	 3565.52554377701 	 0.99490273350 
0.30538555088 	 3694.60120519930 	 0.99503634100 
0.30538555088 	 3828.34953721869 	 0.99514483541 
0.30538555088 	 3966.93969527677 	 0.99523126377 
0.30538555088 	 4110.54695841470 	 0.99529846602 
0.30538555088 	 4259.35295095366 	 0.99534908459 
0.30538555088 	 4413.54587220053 	 0.99538541325 
0.30538555088 	 4573.32073446906 	 0.99540959994 
0.30538555088 	 4738.87960971766 	 0.99542352726 
0.30538555088 	 4910.43188511573 	 0.99542897480 
0.30538555088 	 5088.19452786179 	 0.99542751313 
0.30538555088 	 5272.39235958825 	 0.99542051831 
0.30538555088 	 5463.25834069991 	 0.99540916808 
0.30538555088 	 5661.03386500583 	 0.99539451021 
0.30538555088 	 5865.96906501720 	 0.99537746766 
0.30538555088 	 6078.32312829723 	 0.99535882558 
0.30538555088 	 6298.36462526327 	 0.99533923511 
0.30538555088 	 6526.37184885573 	 0.99531925694 
0.30538555088 	 6762.63316650331 	 0.99529933335 
0.30538555088 	 7007.44738482975 	 0.99527983563 
0.30538555088 	 7261.12412756334 	 0.99526105741 
0.30538555088 	 7523.98422712716 	 0.99524324782 
0.30538555088 	 7796.36013040524 	 0.99522652385 
0.30538555088 	 8078.59631919787 	 0.99521107987 
0.30538555088 	 8371.04974589791 	 0.99519691937 
0.30538555088 	 8674.09028493891 	 0.99518409883 
0.30538555088 	 8988.10120058618 	 0.99517261709 
0.30538555088 	 9313.47963166233 	 0.99516245124 
0.30538555088 	 9650.63709382046 	 0.99515358776 
0.30538555088 	 10000.00000000000 	 0.99514597174 
