0.00932603347 	 0.00000000000 	 0.00000248731 
0.00932603347 	 0.01000000000 	 0.00000250466 
0.00932603347 	 0.02000000000 	 0.00000252207 
0.00932603347 	 0.03000000000 	 0.00000253955 
0.00932603347 	 0.04000000000 	 0.00000255701 
0.00932603347 	 0.05000000000 	 0.00000257445 
0.00932603347 	 0.06000000000 	 0.00000259193 
0.00932603347 	 0.07000000000 	 0.00000260943 
0.00932603347 	 0.08000000000 	 0.00000262697 
0.00932603347 	 0.09000000000 	 0.00000264453 
0.00932603347 	 0.10000000000 	 0.00000266213 
0.00932603347 	 0.11000000000 	 0.00000267979 
0.00932603347 	 0.12000000000 	 0.00000269750 
0.00932603347 	 0.13000000000 	 0.00000271525 
0.00932603347 	 0.14000000000 	 0.00000273305 
0.00932603347 	 0.15000000000 	 0.00000275090 
0.00932603347 	 0.16000000000 	 0.00000276880 
0.00932603347 	 0.17000000000 	 0.00000278675 
0.00932603347 	 0.18000000000 	 0.00000280477 
0.00932603347 	 0.19000000000 	 0.00000282284 
0.00932603347 	 0.20000000000 	 0.00000284098 
0.00932603347 	 0.21000000000 	 0.00000285918 
0.00932603347 	 0.22000000000 	 0.00000287745 
0.00932603347 	 0.23000000000 	 0.00000289579 
0.00932603347 	 0.24000000000 	 0.00000291419 
0.00932603347 	 0.25000000000 	 0.00000293267 
0.00932603347 	 0.26000000000 	 0.00000295122 
0.00932603347 	 0.27000000000 	 0.00000296985 
0.00932603347 	 0.28000000000 	 0.00000298855 
0.00932603347 	 0.29000000000 	 0.00000300733 
0.00932603347 	 0.30000000000 	 0.00000303044 
0.00932603347 	 0.31000000000 	 0.00000304937 
0.00932603347 	 0.32000000000 	 0.00000306827 
0.00932603347 	 0.33000000000 	 0.00000308714 
0.00932603347 	 0.34000000000 	 0.00000310614 
0.00932603347 	 0.35000000000 	 0.00000312531 
0.00932603347 	 0.36000000000 	 0.00000314446 
0.00932603347 	 0.37000000000 	 0.00000316356 
0.00932603347 	 0.38000000000 	 0.00000318296 
0.00932603347 	 0.39000000000 	 0.00000320246 
0.00932603347 	 0.40000000000 	 0.00000322208 
0.00932603347 	 0.41000000000 	 0.00000324178 
0.00932603347 	 0.42000000000 	 0.00000326152 
0.00932603347 	 0.43000000000 	 0.00000328145 
0.00932603347 	 0.44000000000 	 0.00000330153 
0.00932603347 	 0.45000000000 	 0.00000332173 
0.00932603347 	 0.46000000000 	 0.00000333452 
0.00932603347 	 0.47000000000 	 0.00000335624 
0.00932603347 	 0.48000000000 	 0.00000337798 
0.00932603347 	 0.49000000000 	 0.00000339977 
0.00932603347 	 0.50000000000 	 0.00000342165 
0.00932603347 	 0.51000000000 	 0.00000344365 
0.00932603347 	 0.52000000000 	 0.00000346565 
0.00932603347 	 0.53000000000 	 0.00000348771 
0.00932603347 	 0.54000000000 	 0.00000350986 
0.00932603347 	 0.55000000000 	 0.00000353207 
0.00932603347 	 0.56000000000 	 0.00000355431 
0.00932603347 	 0.57000000000 	 0.00000357661 
0.00932603347 	 0.58000000000 	 0.00000359898 
0.00932603347 	 0.59000000000 	 0.00000362139 
0.00932603347 	 0.60000000000 	 0.00000364392 
0.00932603347 	 0.61000000000 	 0.00000366652 
0.00932603347 	 0.62000000000 	 0.00000368915 
0.00932603347 	 0.63000000000 	 0.00000371182 
0.00932603347 	 0.64000000000 	 0.00000373455 
0.00932603347 	 0.65000000000 	 0.00000375737 
0.00932603347 	 0.66000000000 	 0.00000378026 
0.00932603347 	 0.67000000000 	 0.00000380324 
0.00932603347 	 0.68000000000 	 0.00000382629 
0.00932603347 	 0.69000000000 	 0.00000384943 
0.00932603347 	 0.70000000000 	 0.00000387265 
0.00932603347 	 0.71000000000 	 0.00000389596 
0.00932603347 	 0.72000000000 	 0.00000391936 
0.00932603347 	 0.73000000000 	 0.00000394284 
0.00932603347 	 0.74000000000 	 0.00000396640 
0.00932603347 	 0.75000000000 	 0.00000399006 
0.00932603347 	 0.76000000000 	 0.00000401383 
0.00932603347 	 0.77000000000 	 0.00000403769 
0.00932603347 	 0.78000000000 	 0.00000406164 
0.00932603347 	 0.79000000000 	 0.00000408570 
0.00932603347 	 0.80000000000 	 0.00000410989 
0.00932603347 	 0.81000000000 	 0.00000413416 
0.00932603347 	 0.82000000000 	 0.00000415856 
0.00932603347 	 0.83000000000 	 0.00000418305 
0.00932603347 	 0.84000000000 	 0.00000420765 
0.00932603347 	 0.85000000000 	 0.00000423238 
0.00932603347 	 0.86000000000 	 0.00000425718 
0.00932603347 	 0.87000000000 	 0.00000428208 
0.00932603347 	 0.88000000000 	 0.00000430708 
0.00932603347 	 0.89000000000 	 0.00000433788 
0.00932603347 	 0.90000000000 	 0.00000436338 
0.00932603347 	 0.91000000000 	 0.00000438900 
0.00932603347 	 0.92000000000 	 0.00000441473 
0.00932603347 	 0.93000000000 	 0.00000444057 
0.00932603347 	 0.94000000000 	 0.00000446653 
0.00932603347 	 0.95000000000 	 0.00000449260 
0.00932603347 	 0.96000000000 	 0.00000451878 
0.00932603347 	 0.97000000000 	 0.00000454508 
0.00932603347 	 0.98000000000 	 0.00000457151 
0.00932603347 	 0.99000000000 	 0.00000459805 
0.00932603347 	 1.00000000000 	 0.00000462471 
0.00932603347 	 1.03620101997 	 0.00000472226 
0.00932603347 	 1.07371255379 	 0.00000482090 
0.00932603347 	 1.11258204340 	 0.00000493425 
0.00932603347 	 1.15285864817 	 0.00000505307 
0.00932603347 	 1.19459330712 	 0.00000517765 
0.00932603347 	 1.23783880329 	 0.00000530865 
0.00932603347 	 1.28264983053 	 0.00000544694 
0.00932603347 	 1.32908306266 	 0.00000559182 
0.00932603347 	 1.37719722516 	 0.00000574450 
0.00932603347 	 1.42705316941 	 0.00000590636 
0.00932603347 	 1.47871394970 	 0.00000607756 
0.00932603347 	 1.53224490292 	 0.00000625887 
0.00932603347 	 1.58771373126 	 0.00000645108 
0.00932603347 	 1.64519058775 	 0.00000665506 
0.00932603347 	 1.70474816508 	 0.00000687075 
0.00932603347 	 1.76646178745 	 0.00000710305 
0.00932603347 	 1.83040950590 	 0.00000734945 
0.00932603347 	 1.89667219698 	 0.00000761060 
0.00932603347 	 1.96533366506 	 0.00000788894 
0.00932603347 	 2.03648074833 	 0.00000818249 
0.00932603347 	 2.11020342857 	 0.00000850503 
0.00932603347 	 2.18659494503 	 0.00000884745 
0.00932603347 	 2.26575191231 	 0.00000921138 
0.00932603347 	 2.34777444254 	 0.00000959897 
0.00932603347 	 2.43276627202 	 0.00001001438 
0.00932603347 	 2.52083489243 	 0.00001046088 
0.00932603347 	 2.61209168671 	 0.00001094695 
0.00932603347 	 2.70665207003 	 0.00001146538 
0.00932603347 	 2.80463563568 	 0.00001202022 
0.00932603347 	 2.90616630634 	 0.00001261550 
0.00932603347 	 3.01137249084 	 0.00001325450 
0.00932603347 	 3.12038724653 	 0.00001396032 
0.00932603347 	 3.23334844756 	 0.00001471539 
0.00932603347 	 3.35039895929 	 0.00001552706 
0.00932603347 	 3.47168681893 	 0.00001640248 
0.00932603347 	 3.59736542280 	 0.00001734697 
0.00932603347 	 3.72759372031 	 0.00001838809 
0.00932603347 	 3.86253641503 	 0.00001950995 
0.00932603347 	 4.00236417294 	 0.00002072310 
0.00932603347 	 4.14725383830 	 0.00002203852 
0.00932603347 	 4.29738865733 	 0.00002346630 
0.00932603347 	 4.45295850994 	 0.00002503279 
0.00932603347 	 4.61416014990 	 0.00002673338 
0.00932603347 	 4.78119745364 	 0.00002858481 
0.00932603347 	 4.95428167815 	 0.00003060894 
0.00932603347 	 5.13363172813 	 0.00003282583 
0.00932603347 	 5.31947443285 	 0.00003524274 
0.00932603347 	 5.51204483304 	 0.00003789302 
0.00932603347 	 5.71158647813 	 0.00004079908 
0.00932603347 	 5.91835173430 	 0.00004397945 
0.00932603347 	 6.13260210363 	 0.00004747415 
0.00932603347 	 6.35460855487 	 0.00005132067 
0.00932603347 	 6.58465186608 	 0.00005553596 
0.00932603347 	 6.82302297979 	 0.00006019272 
0.00932603347 	 7.07002337096 	 0.00006530667 
0.00932603347 	 7.32596542822 	 0.00007096169 
0.00932603347 	 7.59117284900 	 0.00007718367 
0.00932603347 	 7.86598104892 	 0.00008403073 
0.00932603347 	 8.15073758597 	 0.00009162906 
0.00932603347 	 8.44580260011 	 0.00009999029 
0.00932603347 	 8.75154926872 	 0.00010925047 
0.00932603347 	 9.06836427859 	 0.00011948139 
0.00932603347 	 9.39664831495 	 0.00013078299 
0.00932603347 	 9.73681656828 	 0.00014335008 
0.00932603347 	 10.08929925933 	 0.00015724455 
0.00932603347 	 10.45454218333 	 0.00017257609 
0.00932603347 	 10.83300727371 	 0.00018967082 
0.00932603347 	 11.22517318638 	 0.00020853003 
0.00932603347 	 11.63153590510 	 0.00022947343 
0.00932603347 	 12.05260936871 	 0.00025260268 
0.00932603347 	 12.48892612118 	 0.00027835719 
0.00932603347 	 12.94103798513 	 0.00030672163 
0.00932603347 	 13.40951675969 	 0.00033839212 
0.00932603347 	 13.89495494373 	 0.00037331047 
0.00932603347 	 14.39796648516 	 0.00041216689 
0.00932603347 	 14.91918755746 	 0.00045504347 
0.00932603347 	 15.45927736419 	 0.00050254987 
0.00932603347 	 16.01891897281 	 0.00055520624 
0.00932603347 	 16.59882017849 	 0.00061333837 
0.00932603347 	 17.19971439928 	 0.00067766320 
0.00932603347 	 17.82236160377 	 0.00074861130 
0.00932603347 	 18.46754927215 	 0.00082718054 
0.00932603347 	 19.13609339219 	 0.00091386852 
0.00932603347 	 19.82883949127 	 0.00100938769 
0.00932603347 	 20.54666370572 	 0.00111458090 
0.00932603347 	 21.29047388890 	 0.00123018825 
0.00932603347 	 22.06121075937 	 0.00135753319 
0.00932603347 	 22.85984909069 	 0.00149728428 
0.00932603347 	 23.68739894419 	 0.00165064939 
0.00932603347 	 24.54490694646 	 0.00181872646 
0.00932603347 	 25.43345761305 	 0.00200292385 
0.00932603347 	 26.35417472006 	 0.00220390504 
0.00932603347 	 27.30822272546 	 0.00242402657 
0.00932603347 	 28.29680824175 	 0.00266370251 
0.00932603347 	 29.32118156207 	 0.00292467247 
0.00932603347 	 30.38263824141 	 0.00320849867 
0.00932603347 	 31.48252073520 	 0.00351660737 
0.00932603347 	 32.62222009712 	 0.00385067061 
0.00932603347 	 33.80317773840 	 0.00421223568 
0.00932603347 	 35.02688725083 	 0.00460303154 
0.00932603347 	 36.29489629577 	 0.00502485625 
0.00932603347 	 37.60880856147 	 0.00547911308 
0.00932603347 	 38.97028579134 	 0.00596788790 
0.00932603347 	 40.38104988560 	 0.00649297241 
0.00932603347 	 41.84288507902 	 0.00705540861 
0.00932603347 	 43.35764019746 	 0.00765727636 
0.00932603347 	 44.92723099621 	 0.00830018711 
0.00932603347 	 46.55364258280 	 0.00898569865 
0.00932603347 	 48.23893192773 	 0.00971527594 
0.00932603347 	 49.98523046589 	 0.01049061231 
0.00932603347 	 51.79474679231 	 0.01131288701 
0.00932603347 	 53.66976945540 	 0.01218334486 
0.00932603347 	 55.61266985137 	 0.01310323325 
0.00932603347 	 57.62590522338 	 0.01407358091 
0.00932603347 	 59.71202176930 	 0.01509521228 
0.00932603347 	 61.87365786196 	 0.01616936271 
0.00932603347 	 64.11354738598 	 0.01729598133 
0.00932603347 	 66.43452319540 	 0.01847656229 
0.00932603347 	 68.83952069645 	 0.01971047647 
0.00932603347 	 71.33158156008 	 0.02099826784 
0.00932603347 	 73.91385756879 	 0.02233986083 
0.00932603347 	 76.58961460288 	 0.02373550530 
0.00932603347 	 79.36223677079 	 0.02518456573 
0.00932603347 	 82.23523068918 	 0.02668658104 
0.00932603347 	 85.21222991780 	 0.02824101816 
0.00932603347 	 88.29699955494 	 0.02984703194 
0.00932603347 	 91.49344099933 	 0.03150375471 
0.00932603347 	 94.80559688429 	 0.03321028341 
0.00932603347 	 98.23765619059 	 0.03496548085 
0.00932603347 	 101.79395954438 	 0.03676791290 
0.00932603347 	 105.47900470692 	 0.03861704906 
0.00932603347 	 109.29745226298 	 0.04051029114 
0.00932603347 	 113.25413151528 	 0.04244679111 
0.00932603347 	 117.35404659222 	 0.04442504643 
0.00932603347 	 121.60238277674 	 0.04644338003 
0.00932603347 	 126.00451306433 	 0.04850142262 
0.00932603347 	 130.56600495838 	 0.05059642926 
0.00932603347 	 135.29262751160 	 0.05272747766 
0.00932603347 	 140.19035862226 	 0.05489313416 
0.00932603347 	 145.26539259468 	 0.05709286649 
0.00932603347 	 150.52414797329 	 0.05932540915 
0.00932603347 	 155.97327566040 	 0.06158910016 
0.00932603347 	 161.61966732774 	 0.06388405987 
0.00932603347 	 167.47046413260 	 0.06620931943 
0.00932603347 	 173.53306574945 	 0.06856367876 
0.00932603347 	 179.81513972851 	 0.07094721655 
0.00932603347 	 186.32463119316 	 0.07335974865 
0.00932603347 	 193.06977288832 	 0.07580155814 
0.00932603347 	 200.05909559272 	 0.07827221073 
0.00932603347 	 207.30143890792 	 0.08077273151 
0.00932603347 	 214.80596243813 	 0.08330394693 
0.00932603347 	 222.58215737454 	 0.08586439437 
0.00932603347 	 230.63985849915 	 0.08845545878 
0.00932603347 	 238.98925662311 	 0.09107950206 
0.00932603347 	 247.64091147530 	 0.09373588167 
0.00932603347 	 256.60576505760 	 0.09642514800 
0.00932603347 	 265.89515548347 	 0.09914994085 
0.00932603347 	 275.52083131769 	 0.10191095054 
0.00932603347 	 285.49496643503 	 0.10470846480 
0.00932603347 	 295.83017541695 	 0.10754441933 
0.00932603347 	 306.53952950565 	 0.11041900777 
0.00932603347 	 317.63657313561 	 0.11333390502 
0.00932603347 	 329.13534106365 	 0.11629041652 
0.00932603347 	 341.05037611911 	 0.11929090960 
0.00932603347 	 353.39674759658 	 0.12233428145 
0.00932603347 	 366.19007031450 	 0.12542342682 
0.00932603347 	 379.44652436364 	 0.12855877950 
0.00932603347 	 393.18287557058 	 0.13174213513 
0.00932603347 	 407.41649670190 	 0.13497324779 
0.00932603347 	 422.16538943608 	 0.13825546641 
0.00932603347 	 437.44820713071 	 0.14158705661 
0.00932603347 	 453.28427841392 	 0.14497070946 
0.00932603347 	 469.69363162995 	 0.14840614190 
0.00932603347 	 486.69702016948 	 0.15189564831 
0.00932603347 	 504.31594871714 	 0.15544181507 
0.00932603347 	 522.57270044903 	 0.15904260185 
0.00932603347 	 541.49036521501 	 0.16270113368 
0.00932603347 	 561.09286874100 	 0.16641652307 
0.00932603347 	 581.40500288865 	 0.17019027729 
0.00932603347 	 602.45245701027 	 0.17402379263 
0.00932603347 	 624.26185043890 	 0.17791757532 
0.00932603347 	 646.86076615463 	 0.18187313215 
0.00932603347 	 670.27778566954 	 0.18589189866 
0.00932603347 	 694.54252517561 	 0.18997561626 
0.00932603347 	 719.68567300115 	 0.19412151299 
0.00932603347 	 745.73902842330 	 0.19833144512 
0.00932603347 	 772.73554188543 	 0.20261103234 
0.00932603347 	 800.70935667059 	 0.20695477524 
0.00932603347 	 829.69585208349 	 0.21136815883 
0.00932603347 	 859.73168819576 	 0.21584900195 
0.00932603347 	 890.85485221102 	 0.22039937343 
0.00932603347 	 923.10470650840 	 0.22502114550 
0.00932603347 	 956.52203842531 	 0.22971489060 
0.00932603347 	 991.14911184236 	 0.23447927905 
0.00932603347 	 1027.02972063577 	 0.23931511433 
0.00932603347 	 1064.20924406472 	 0.24422545082 
0.00932603347 	 1102.73470416390 	 0.24921056819 
0.00932603347 	 1142.65482521357 	 0.25427180306 
0.00932603347 	 1184.02009536266 	 0.25940630023 
0.00932603347 	 1226.88283048257 	 0.26462266733 
0.00932603347 	 1271.29724033264 	 0.26991443819 
0.00932603347 	 1317.31949712075 	 0.27528267928 
0.00932603347 	 1365.00780654601 	 0.28072951201 
0.00932603347 	 1414.42248141323 	 0.28625565779 
0.00932603347 	 1465.62601791225 	 0.29186154207 
0.00932603347 	 1518.68317465873 	 0.29754664925 
0.00932603347 	 1573.66105459626 	 0.30331156967 
0.00932603347 	 1630.62918986345 	 0.30916226804 
0.00932603347 	 1689.65962973324 	 0.31509199499 
0.00932603347 	 1750.82703173573 	 0.32110307127 
0.00932603347 	 1814.20875607977 	 0.32719691295 
0.00932603347 	 1879.88496349267 	 0.33337341120 
0.00932603347 	 1947.93871660183 	 0.33962890267 
0.00932603347 	 2018.45608498650 	 0.34597237640 
0.00932603347 	 2091.52625403246 	 0.35239767148 
0.00932603347 	 2167.24163772744 	 0.35890610290 
0.00932603347 	 2245.69799553977 	 0.36549869905 
0.00932603347 	 2326.99455352823 	 0.37216989618 
0.00932603347 	 2411.23412983612 	 0.37892824134 
0.00932603347 	 2498.52326472839 	 0.38576750987 
0.00932603347 	 2588.97235533627 	 0.39268754916 
0.00932603347 	 2682.69579527972 	 0.39969007194 
0.00932603347 	 2779.81211934445 	 0.40677606918 
0.00932603347 	 2880.44415339630 	 0.41394024960 
0.00932603347 	 2984.71916972271 	 0.42118604952 
0.00932603347 	 3092.76904799777 	 0.42850966070 
0.00932603347 	 3204.73044207429 	 0.43591045949 
0.00932603347 	 3320.74495281390 	 0.44339042523 
0.00932603347 	 3440.95930717388 	 0.45094653996 
0.00932603347 	 3565.52554377701 	 0.45857806739 
0.00932603347 	 3694.60120519930 	 0.46628065045 
0.00932603347 	 3828.34953721869 	 0.47405767787 
0.00932603347 	 3966.93969527677 	 0.48190364401 
0.00932603347 	 4110.54695841470 	 0.48981833125 
0.00932603347 	 4259.35295095366 	 0.49779993979 
0.00932603347 	 4413.54587220053 	 0.50584598691 
0.00932603347 	 4573.32073446906 	 0.51395425087 
0.00932603347 	 4738.87960971766 	 0.52212273500 
0.00932603347 	 4910.43188511573 	 0.53034946697 
0.00932603347 	 5088.19452786179 	 0.53863089192 
0.00932603347 	 5272.39235958825 	 0.54696460197 
0.00932603347 	 5463.25834069991 	 0.55534786101 
0.00932603347 	 5661.03386500583 	 0.56377785740 
0.00932603347 	 5865.96906501720 	 0.57224935989 
0.00932603347 	 6078.32312829723 	 0.58076047434 
0.00932603347 	 6298.36462526327 	 0.58930736850 
0.00932603347 	 6526.37184885573 	 0.59788629584 
0.00932603347 	 6762.63316650331 	 0.60649321606 
0.00932603347 	 7007.44738482975 	 0.61512369484 
0.00932603347 	 7261.12412756334 	 0.62377330257 
0.00932603347 	 7523.98422712716 	 0.63243802274 
0.00932603347 	 7796.36013040524 	 0.64111312798 
0.00932603347 	 8078.59631919787 	 0.64979334831 
0.00932603347 	 8371.04974589791 	 0.65847386585 
0.00932603347 	 8674.09028493891 	 0.66715007102 
0.00932603347 	 8988.10120058618 	 0.67581552056 
0.00932603347 	 9313.47963166233 	 0.68446586098 
0.00932603347 	 9650.63709382046 	 0.69309459080 
0.00932603347 	 10000.00000000000 	 0.70169682174 
