0.08697490026 	 0.00000000000 	 -0.00000012109 
0.08697490026 	 0.01000000000 	 0.00000000195 
0.08697490026 	 0.02000000000 	 0.00000000260 
0.08697490026 	 0.03000000000 	 0.00000000290 
0.08697490026 	 0.04000000000 	 0.00000000628 
0.08697490026 	 0.05000000000 	 0.00000000615 
0.08697490026 	 0.06000000000 	 0.00000000460 
0.08697490026 	 0.07000000000 	 0.00000003016 
0.08697490026 	 0.08000000000 	 0.00000003119 
0.08697490026 	 0.09000000000 	 -0.00000001630 
0.08697490026 	 0.10000000000 	 0.00000000430 
0.08697490026 	 0.11000000000 	 -0.00000011418 
0.08697490026 	 0.12000000000 	 -0.00000011354 
0.08697490026 	 0.13000000000 	 -0.00000002110 
0.08697490026 	 0.14000000000 	 -0.00000002078 
0.08697490026 	 0.15000000000 	 -0.00000001997 
0.08697490026 	 0.16000000000 	 -0.00000001754 
0.08697490026 	 0.17000000000 	 -0.00000001967 
0.08697490026 	 0.18000000000 	 -0.00000002721 
0.08697490026 	 0.19000000000 	 -0.00000002157 
0.08697490026 	 0.20000000000 	 -0.00000001773 
0.08697490026 	 0.21000000000 	 -0.00000001756 
0.08697490026 	 0.22000000000 	 -0.00000002842 
0.08697490026 	 0.23000000000 	 -0.00000002809 
0.08697490026 	 0.24000000000 	 -0.00000002706 
0.08697490026 	 0.25000000000 	 -0.00000001274 
0.08697490026 	 0.26000000000 	 0.00000000088 
0.08697490026 	 0.27000000000 	 -0.00000002804 
0.08697490026 	 0.28000000000 	 -0.00000001493 
0.08697490026 	 0.29000000000 	 -0.00000001842 
0.08697490026 	 0.30000000000 	 -0.00000002141 
0.08697490026 	 0.31000000000 	 -0.00000002001 
0.08697490026 	 0.32000000000 	 -0.00000000597 
0.08697490026 	 0.33000000000 	 -0.00000000584 
0.08697490026 	 0.34000000000 	 -0.00000002029 
0.08697490026 	 0.35000000000 	 -0.00000001976 
0.08697490026 	 0.36000000000 	 -0.00000001279 
0.08697490026 	 0.37000000000 	 -0.00000000795 
0.08697490026 	 0.38000000000 	 -0.00000000860 
0.08697490026 	 0.39000000000 	 -0.00000000827 
0.08697490026 	 0.40000000000 	 -0.00000000791 
0.08697490026 	 0.41000000000 	 -0.00000000457 
0.08697490026 	 0.42000000000 	 -0.00000000487 
0.08697490026 	 0.43000000000 	 -0.00000000503 
0.08697490026 	 0.44000000000 	 0.00000001265 
0.08697490026 	 0.45000000000 	 -0.00000001523 
0.08697490026 	 0.46000000000 	 -0.00000001539 
0.08697490026 	 0.47000000000 	 -0.00000001862 
0.08697490026 	 0.48000000000 	 -0.00000001866 
0.08697490026 	 0.49000000000 	 -0.00000001872 
0.08697490026 	 0.50000000000 	 -0.00000001879 
0.08697490026 	 0.51000000000 	 -0.00000001893 
0.08697490026 	 0.52000000000 	 -0.00000000622 
0.08697490026 	 0.53000000000 	 0.00000000080 
0.08697490026 	 0.54000000000 	 -0.00000000900 
0.08697490026 	 0.55000000000 	 -0.00000000912 
0.08697490026 	 0.56000000000 	 -0.00000001414 
0.08697490026 	 0.57000000000 	 -0.00000001428 
0.08697490026 	 0.58000000000 	 -0.00000001438 
0.08697490026 	 0.59000000000 	 -0.00000001448 
0.08697490026 	 0.60000000000 	 -0.00000000404 
0.08697490026 	 0.61000000000 	 -0.00000000353 
0.08697490026 	 0.62000000000 	 0.00000003565 
0.08697490026 	 0.63000000000 	 0.00000003623 
0.08697490026 	 0.64000000000 	 0.00000003719 
0.08697490026 	 0.65000000000 	 0.00000003797 
0.08697490026 	 0.66000000000 	 0.00000003868 
0.08697490026 	 0.67000000000 	 -0.00000000015 
0.08697490026 	 0.68000000000 	 -0.00000000984 
0.08697490026 	 0.69000000000 	 -0.00000000665 
0.08697490026 	 0.70000000000 	 -0.00000000296 
0.08697490026 	 0.71000000000 	 -0.00000000155 
0.08697490026 	 0.72000000000 	 -0.00000000947 
0.08697490026 	 0.73000000000 	 -0.00000000967 
0.08697490026 	 0.74000000000 	 -0.00000000987 
0.08697490026 	 0.75000000000 	 -0.00000000950 
0.08697490026 	 0.76000000000 	 -0.00000000965 
0.08697490026 	 0.77000000000 	 -0.00000000988 
0.08697490026 	 0.78000000000 	 -0.00000000128 
0.08697490026 	 0.79000000000 	 -0.00000001554 
0.08697490026 	 0.80000000000 	 -0.00000000628 
0.08697490026 	 0.81000000000 	 -0.00000000555 
0.08697490026 	 0.82000000000 	 0.00000022030 
0.08697490026 	 0.83000000000 	 -0.00000001199 
0.08697490026 	 0.84000000000 	 0.00000000692 
0.08697490026 	 0.85000000000 	 -0.00000000854 
0.08697490026 	 0.86000000000 	 -0.00000000854 
0.08697490026 	 0.87000000000 	 0.00000000421 
0.08697490026 	 0.88000000000 	 0.00000000451 
0.08697490026 	 0.89000000000 	 0.00000000467 
0.08697490026 	 0.90000000000 	 0.00000000461 
0.08697490026 	 0.91000000000 	 -0.00000001642 
0.08697490026 	 0.92000000000 	 -0.00000002400 
0.08697490026 	 0.93000000000 	 0.00000003696 
0.08697490026 	 0.94000000000 	 -0.00000000913 
0.08697490026 	 0.95000000000 	 0.00000002603 
0.08697490026 	 0.96000000000 	 -0.00000000295 
0.08697490026 	 0.97000000000 	 -0.00000000586 
0.08697490026 	 0.98000000000 	 -0.00000001636 
0.08697490026 	 0.99000000000 	 -0.00000001665 
0.08697490026 	 1.00000000000 	 0.00000003952 
0.08697490026 	 1.03620101997 	 -0.00000002425 
0.08697490026 	 1.07371255379 	 -0.00000000839 
0.08697490026 	 1.11258204340 	 0.00000004946 
0.08697490026 	 1.15285864817 	 0.00000001020 
0.08697490026 	 1.19459330712 	 -0.00000002272 
0.08697490026 	 1.23783880329 	 0.00000001657 
0.08697490026 	 1.28264983053 	 0.00000005355 
0.08697490026 	 1.32908306266 	 0.00000004941 
0.08697490026 	 1.37719722516 	 -0.00000001099 
0.08697490026 	 1.42705316941 	 -0.00000000529 
0.08697490026 	 1.47871394970 	 -0.00000003293 
0.08697490026 	 1.53224490292 	 -0.00000001054 
0.08697490026 	 1.58771373126 	 -0.00000001093 
0.08697490026 	 1.64519058775 	 -0.00000001462 
0.08697490026 	 1.70474816508 	 -0.00000002618 
0.08697490026 	 1.76646178745 	 -0.00000003216 
0.08697490026 	 1.83040950590 	 -0.00000003665 
0.08697490026 	 1.89667219698 	 -0.00000000942 
0.08697490026 	 1.96533366506 	 -0.00000004368 
0.08697490026 	 2.03648074833 	 -0.00000000763 
0.08697490026 	 2.11020342857 	 0.00000000416 
0.08697490026 	 2.18659494503 	 0.00000005979 
0.08697490026 	 2.26575191231 	 -0.00000000714 
0.08697490026 	 2.34777444254 	 -0.00000001289 
0.08697490026 	 2.43276627202 	 0.00000005159 
0.08697490026 	 2.52083489243 	 0.00000004373 
0.08697490026 	 2.61209168671 	 0.00000004439 
0.08697490026 	 2.70665207003 	 0.00000001149 
0.08697490026 	 2.80463563568 	 0.00000003890 
0.08697490026 	 2.90616630634 	 -0.00000000171 
0.08697490026 	 3.01137249084 	 0.00000004335 
0.08697490026 	 3.12038724653 	 0.00000004466 
0.08697490026 	 3.23334844756 	 0.00000004381 
0.08697490026 	 3.35039895929 	 0.00000002532 
0.08697490026 	 3.47168681893 	 0.00000006600 
0.08697490026 	 3.59736542280 	 0.00000003041 
0.08697490026 	 3.72759372031 	 0.00000006102 
0.08697490026 	 3.86253641503 	 -0.00000007499 
0.08697490026 	 4.00236417294 	 0.00000001654 
0.08697490026 	 4.14725383830 	 0.00000012242 
0.08697490026 	 4.29738865733 	 0.00000012310 
0.08697490026 	 4.45295850994 	 0.00000011813 
0.08697490026 	 4.61416014990 	 0.00000009035 
0.08697490026 	 4.78119745364 	 -0.00000001532 
0.08697490026 	 4.95428167815 	 0.00000018137 
0.08697490026 	 5.13363172813 	 0.00000027510 
0.08697490026 	 5.31947443285 	 0.00000020927 
0.08697490026 	 5.51204483304 	 0.00000040964 
0.08697490026 	 5.71158647813 	 0.00000043659 
0.08697490026 	 5.91835173430 	 0.00000047613 
0.08697490026 	 6.13260210363 	 0.00000082924 
0.08697490026 	 6.35460855487 	 0.00000070983 
0.08697490026 	 6.58465186608 	 0.00000100320 
0.08697490026 	 6.82302297979 	 0.00000131134 
0.08697490026 	 7.07002337096 	 0.00000151314 
0.08697490026 	 7.32596542822 	 0.00000176073 
0.08697490026 	 7.59117284900 	 0.00000221796 
0.08697490026 	 7.86598104892 	 0.00000256080 
0.08697490026 	 8.15073758597 	 0.00000330384 
0.08697490026 	 8.44580260011 	 0.00000388913 
0.08697490026 	 8.75154926872 	 0.00000482779 
0.08697490026 	 9.06836427859 	 0.00000572035 
0.08697490026 	 9.39664831495 	 0.00000701190 
0.08697490026 	 9.73681656828 	 0.00000829035 
0.08697490026 	 10.08929925933 	 0.00001018269 
0.08697490026 	 10.45454218333 	 0.00001245772 
0.08697490026 	 10.83300727371 	 0.00001481893 
0.08697490026 	 11.22517318638 	 0.00001784253 
0.08697490026 	 11.63153590510 	 0.00002169898 
0.08697490026 	 12.05260936871 	 0.00002598747 
0.08697490026 	 12.48892612118 	 0.00003116835 
0.08697490026 	 12.94103798513 	 0.00003726306 
0.08697490026 	 13.40951675969 	 0.00004465441 
0.08697490026 	 13.89495494373 	 0.00005338547 
0.08697490026 	 14.39796648516 	 0.00006350089 
0.08697490026 	 14.91918755746 	 0.00007546215 
0.08697490026 	 15.45927736419 	 0.00008955748 
0.08697490026 	 16.01891897281 	 0.00010614046 
0.08697490026 	 16.59882017849 	 0.00012546738 
0.08697490026 	 17.19971439928 	 0.00014805854 
0.08697490026 	 17.82236160377 	 0.00017453422 
0.08697490026 	 18.46754927215 	 0.00020461918 
0.08697490026 	 19.13609339219 	 0.00024017540 
0.08697490026 	 19.82883949127 	 0.00028140640 
0.08697490026 	 20.54666370572 	 0.00032891906 
0.08697490026 	 21.29047388890 	 0.00038327566 
0.08697490026 	 22.06121075937 	 0.00044533471 
0.08697490026 	 22.85984909069 	 0.00051688094 
0.08697490026 	 23.68739894419 	 0.00059889808 
0.08697490026 	 24.54490694646 	 0.00069106739 
0.08697490026 	 25.43345761305 	 0.00079638661 
0.08697490026 	 26.35417472006 	 0.00091538844 
0.08697490026 	 27.30822272546 	 0.00104997189 
0.08697490026 	 28.29680824175 	 0.00120053903 
0.08697490026 	 29.32118156207 	 0.00137054229 
0.08697490026 	 30.38263824141 	 0.00156043654 
0.08697490026 	 31.48252073520 	 0.00177204043 
0.08697490026 	 32.62222009712 	 0.00200777305 
0.08697490026 	 33.80317773840 	 0.00226952618 
0.08697490026 	 35.02688725083 	 0.00255903808 
0.08697490026 	 36.29489629577 	 0.00287825477 
0.08697490026 	 37.60880856147 	 0.00322965422 
0.08697490026 	 38.97028579134 	 0.00361534900 
0.08697490026 	 40.38104988560 	 0.00403779462 
0.08697490026 	 41.84288507902 	 0.00449856837 
0.08697490026 	 43.35764019746 	 0.00500054365 
0.08697490026 	 44.92723099621 	 0.00554514772 
0.08697490026 	 46.55364258280 	 0.00613482497 
0.08697490026 	 48.23893192773 	 0.00677146839 
0.08697490026 	 49.98523046589 	 0.00745815888 
0.08697490026 	 51.79474679231 	 0.00819486077 
0.08697490026 	 53.66976945540 	 0.00898454188 
0.08697490026 	 55.61266985137 	 0.00982924477 
0.08697490026 	 57.62590522338 	 0.01072993315 
0.08697490026 	 59.71202176930 	 0.01168785277 
0.08697490026 	 61.87365786196 	 0.01270449952 
0.08697490026 	 64.11354738598 	 0.01378076386 
0.08697490026 	 66.43452319540 	 0.01491733750 
0.08697490026 	 68.83952069645 	 0.01611464146 
0.08697490026 	 71.33158156008 	 0.01737368716 
0.08697490026 	 73.91385756879 	 0.01869474633 
0.08697490026 	 76.58961460288 	 0.02007777057 
0.08697490026 	 79.36223677079 	 0.02152159962 
0.08697490026 	 82.23523068918 	 0.02302664409 
0.08697490026 	 85.21222991780 	 0.02459242905 
0.08697490026 	 88.29699955494 	 0.02621771912 
0.08697490026 	 91.49344099933 	 0.02790177946 
0.08697490026 	 94.80559688429 	 0.02964336107 
0.08697490026 	 98.23765619059 	 0.03144021930 
0.08697490026 	 101.79395954438 	 0.03329207713 
0.08697490026 	 105.47900470692 	 0.03519666557 
0.08697490026 	 109.29745226298 	 0.03715271681 
0.08697490026 	 113.25413151528 	 0.03915742211 
0.08697490026 	 117.35404659222 	 0.04120921786 
0.08697490026 	 121.60238277674 	 0.04330595217 
0.08697490026 	 126.00451306433 	 0.04544597042 
0.08697490026 	 130.56600495838 	 0.04762729821 
0.08697490026 	 135.29262751160 	 0.04984775603 
0.08697490026 	 140.19035862226 	 0.05210608049 
0.08697490026 	 145.26539259468 	 0.05439944972 
0.08697490026 	 150.52414797329 	 0.05672619597 
0.08697490026 	 155.97327566040 	 0.05908479770 
0.08697490026 	 161.61966732774 	 0.06147351453 
0.08697490026 	 167.47046413260 	 0.06389141984 
0.08697490026 	 173.53306574945 	 0.06633794940 
0.08697490026 	 179.81513972851 	 0.06881211874 
0.08697490026 	 186.32463119316 	 0.07131161806 
0.08697490026 	 193.06977288832 	 0.07383688534 
0.08697490026 	 200.05909559272 	 0.07638742654 
0.08697490026 	 207.30143890792 	 0.07896292537 
0.08697490026 	 214.80596243813 	 0.08156329017 
0.08697490026 	 222.58215737454 	 0.08418972819 
0.08697490026 	 230.63985849915 	 0.08684211809 
0.08697490026 	 238.98925662311 	 0.08952027766 
0.08697490026 	 247.64091147530 	 0.09222534862 
0.08697490026 	 256.60576505760 	 0.09495880756 
0.08697490026 	 265.89515548347 	 0.09772018577 
0.08697490026 	 275.52083131769 	 0.10051195566 
0.08697490026 	 285.49496643503 	 0.10333468169 
0.08697490026 	 295.83017541695 	 0.10618946830 
0.08697490026 	 306.53952950565 	 0.10907823145 
0.08697490026 	 317.63657313561 	 0.11200053586 
0.08697490026 	 329.13534106365 	 0.11495908564 
0.08697490026 	 341.05037611911 	 0.11795382630 
0.08697490026 	 353.39674759658 	 0.12098773662 
0.08697490026 	 366.19007031450 	 0.12406200736 
0.08697490026 	 379.44652436364 	 0.12717706876 
0.08697490026 	 393.18287557058 	 0.13033452028 
0.08697490026 	 407.41649670190 	 0.13353585115 
0.08697490026 	 422.16538943608 	 0.13678116076 
0.08697490026 	 437.44820713071 	 0.14007233753 
0.08697490026 	 453.28427841392 	 0.14341129047 
0.08697490026 	 469.69363162995 	 0.14679777544 
0.08697490026 	 486.69702016948 	 0.15023343569 
0.08697490026 	 504.31594871714 	 0.15371966710 
0.08697490026 	 522.57270044903 	 0.15725803406 
0.08697490026 	 541.49036521501 	 0.16084807181 
0.08697490026 	 561.09286874100 	 0.16449143276 
0.08697490026 	 581.40500288865 	 0.16819062315 
0.08697490026 	 602.45245701027 	 0.17194506083 
0.08697490026 	 624.26185043890 	 0.17575573125 
0.08697490026 	 646.86076615463 	 0.17962378798 
0.08697490026 	 670.27778566954 	 0.18354982741 
0.08697490026 	 694.54252517561 	 0.18753452187 
0.08697490026 	 719.68567300115 	 0.19158337139 
0.08697490026 	 745.73902842330 	 0.19569189991 
0.08697490026 	 772.73554188543 	 0.19986174825 
0.08697490026 	 800.70935667059 	 0.20409487938 
0.08697490026 	 829.69585208349 	 0.20839295510 
0.08697490026 	 859.73168819576 	 0.21275666172 
0.08697490026 	 890.85485221102 	 0.21718518695 
0.08697490026 	 923.10470650840 	 0.22167855230 
0.08697490026 	 956.52203842531 	 0.22624422523 
0.08697490026 	 991.14911184236 	 0.23087578533 
0.08697490026 	 1027.02972063577 	 0.23557653887 
0.08697490026 	 1064.20924406472 	 0.24034719019 
0.08697490026 	 1102.73470416390 	 0.24518751792 
0.08697490026 	 1142.65482521357 	 0.25010285198 
0.08697490026 	 1184.02009536266 	 0.25509070593 
0.08697490026 	 1226.88283048257 	 0.26015222115 
0.08697490026 	 1271.29724033264 	 0.26528604446 
0.08697490026 	 1317.31949712075 	 0.27049572057 
0.08697490026 	 1365.00780654601 	 0.27578003974 
0.08697490026 	 1414.42248141323 	 0.28114093314 
0.08697490026 	 1465.62601791225 	 0.28657807191 
0.08697490026 	 1518.68317465873 	 0.29209175975 
0.08697490026 	 1573.66105459626 	 0.29768449147 
0.08697490026 	 1630.62918986345 	 0.30335811227 
0.08697490026 	 1689.65962973324 	 0.30910836951 
0.08697490026 	 1750.82703173573 	 0.31493769158 
0.08697490026 	 1814.20875607977 	 0.32084887146 
0.08697490026 	 1879.88496349267 	 0.32683887731 
0.08697490026 	 1947.93871660183 	 0.33290910855 
0.08697490026 	 2018.45608498650 	 0.33905891623 
0.08697490026 	 2091.52625403246 	 0.34529241887 
0.08697490026 	 2167.24163772744 	 0.35160587785 
0.08697490026 	 2245.69799553977 	 0.35800099586 
0.08697490026 	 2326.99455352823 	 0.36447962496 
0.08697490026 	 2411.23412983612 	 0.37103641952 
0.08697490026 	 2498.52326472839 	 0.37767884250 
0.08697490026 	 2588.97235533627 	 0.38439867933 
0.08697490026 	 2682.69579527972 	 0.39120051567 
0.08697490026 	 2779.81211934445 	 0.39808130014 
0.08697490026 	 2880.44415339630 	 0.40504328752 
0.08697490026 	 2984.71916972271 	 0.41208604729 
0.08697490026 	 3092.76904799777 	 0.41920670379 
0.08697490026 	 3204.73044207429 	 0.42640669330 
0.08697490026 	 3320.74495281390 	 0.43368722264 
0.08697490026 	 3440.95930717388 	 0.44104097708 
0.08697490026 	 3565.52554377701 	 0.44847024343 
0.08697490026 	 3694.60120519930 	 0.45597405218 
0.08697490026 	 3828.34953721869 	 0.46355176845 
0.08697490026 	 3966.93969527677 	 0.47120311072 
0.08697490026 	 4110.54695841470 	 0.47892467586 
0.08697490026 	 4259.35295095366 	 0.48671500556 
0.08697490026 	 4413.54587220053 	 0.49457175032 
0.08697490026 	 4573.32073446906 	 0.50249384075 
0.08697490026 	 4738.87960971766 	 0.51047964684 
0.08697490026 	 4910.43188511573 	 0.51852665996 
0.08697490026 	 5088.19452786179 	 0.52663239637 
0.08697490026 	 5272.39235958825 	 0.53479708747 
0.08697490026 	 5463.25834069991 	 0.54301463742 
0.08697490026 	 5661.03386500583 	 0.55128251658 
0.08697490026 	 5865.96906501720 	 0.55959835086 
0.08697490026 	 6078.32312829723 	 0.56795926070 
0.08697490026 	 6298.36462526327 	 0.57636196140 
0.08697490026 	 6526.37184885573 	 0.58480355752 
0.08697490026 	 6762.63316650331 	 0.59328018301 
0.08697490026 	 7007.44738482975 	 0.60178714289 
0.08697490026 	 7261.12412756334 	 0.61032130627 
0.08697490026 	 7523.98422712716 	 0.61887868591 
0.08697490026 	 7796.36013040524 	 0.62745498786 
0.08697490026 	 8078.59631919787 	 0.63604528315 
0.08697490026 	 8371.04974589791 	 0.64464512741 
0.08697490026 	 8674.09028493891 	 0.65324938394 
0.08697490026 	 8988.10120058618 	 0.66185360651 
0.08697490026 	 9313.47963166233 	 0.67045295456 
0.08697490026 	 9650.63709382046 	 0.67904228384 
0.08697490026 	 10000.00000000000 	 0.68761535138 
