0.61359072734 	 0.00000000000 	 0.02426629207 
0.61359072734 	 0.01000000000 	 0.02516488442 
0.61359072734 	 0.02000000000 	 0.02605251072 
0.61359072734 	 0.03000000000 	 0.02693351690 
0.61359072734 	 0.04000000000 	 0.02780887061 
0.61359072734 	 0.05000000000 	 0.02867103806 
0.61359072734 	 0.06000000000 	 0.02953045525 
0.61359072734 	 0.07000000000 	 0.03038518697 
0.61359072734 	 0.08000000000 	 0.03123338126 
0.61359072734 	 0.09000000000 	 0.03207891637 
0.61359072734 	 0.10000000000 	 0.03290725303 
0.61359072734 	 0.11000000000 	 0.03373497148 
0.61359072734 	 0.12000000000 	 0.03456071315 
0.61359072734 	 0.13000000000 	 0.03537196316 
0.61359072734 	 0.14000000000 	 0.03617970185 
0.61359072734 	 0.15000000000 	 0.03697816794 
0.61359072734 	 0.16000000000 	 0.03778073706 
0.61359072734 	 0.17000000000 	 0.03854968138 
0.61359072734 	 0.18000000000 	 0.03935774049 
0.61359072734 	 0.19000000000 	 0.04013801981 
0.61359072734 	 0.20000000000 	 0.04090488242 
0.61359072734 	 0.21000000000 	 0.04167527824 
0.61359072734 	 0.22000000000 	 0.04243634488 
0.61359072734 	 0.23000000000 	 0.04319442973 
0.61359072734 	 0.24000000000 	 0.04394381638 
0.61359072734 	 0.25000000000 	 0.04468688109 
0.61359072734 	 0.26000000000 	 0.04541714035 
0.61359072734 	 0.27000000000 	 0.04615732766 
0.61359072734 	 0.28000000000 	 0.04687865793 
0.61359072734 	 0.29000000000 	 0.04760129179 
0.61359072734 	 0.30000000000 	 0.04832682901 
0.61359072734 	 0.31000000000 	 0.04903537441 
0.61359072734 	 0.32000000000 	 0.04974292863 
0.61359072734 	 0.33000000000 	 0.05044566390 
0.61359072734 	 0.34000000000 	 0.05114038872 
0.61359072734 	 0.35000000000 	 0.05182274013 
0.61359072734 	 0.36000000000 	 0.05251088586 
0.61359072734 	 0.37000000000 	 0.05320142703 
0.61359072734 	 0.38000000000 	 0.05387895110 
0.61359072734 	 0.39000000000 	 0.05455350889 
0.61359072734 	 0.40000000000 	 0.05521917544 
0.61359072734 	 0.41000000000 	 0.05588253846 
0.61359072734 	 0.42000000000 	 0.05653943776 
0.61359072734 	 0.43000000000 	 0.05719315171 
0.61359072734 	 0.44000000000 	 0.05783534661 
0.61359072734 	 0.45000000000 	 0.05847918495 
0.61359072734 	 0.46000000000 	 0.05912317421 
0.61359072734 	 0.47000000000 	 0.05975703941 
0.61359072734 	 0.48000000000 	 0.06038490195 
0.61359072734 	 0.49000000000 	 0.06101205010 
0.61359072734 	 0.50000000000 	 0.06163351757 
0.61359072734 	 0.51000000000 	 0.06224983358 
0.61359072734 	 0.52000000000 	 0.06286536202 
0.61359072734 	 0.53000000000 	 0.06347519087 
0.61359072734 	 0.54000000000 	 0.06408040482 
0.61359072734 	 0.55000000000 	 0.06468250566 
0.61359072734 	 0.56000000000 	 0.06528043920 
0.61359072734 	 0.57000000000 	 0.06587438320 
0.61359072734 	 0.58000000000 	 0.06646439402 
0.61359072734 	 0.59000000000 	 0.06704859925 
0.61359072734 	 0.60000000000 	 0.06763072526 
0.61359072734 	 0.61000000000 	 0.06820821550 
0.61359072734 	 0.62000000000 	 0.06878247279 
0.61359072734 	 0.63000000000 	 0.06934460555 
0.61359072734 	 0.64000000000 	 0.06991688705 
0.61359072734 	 0.65000000000 	 0.07047804600 
0.61359072734 	 0.66000000000 	 0.07103733031 
0.61359072734 	 0.67000000000 	 0.07159221069 
0.61359072734 	 0.68000000000 	 0.07214412744 
0.61359072734 	 0.69000000000 	 0.07269630792 
0.61359072734 	 0.70000000000 	 0.07324100958 
0.61359072734 	 0.71000000000 	 0.07376755658 
0.61359072734 	 0.72000000000 	 0.07431619507 
0.61359072734 	 0.73000000000 	 0.07483992764 
0.61359072734 	 0.74000000000 	 0.07535791812 
0.61359072734 	 0.75000000000 	 0.07591120822 
0.61359072734 	 0.76000000000 	 0.07642523084 
0.61359072734 	 0.77000000000 	 0.07695527232 
0.61359072734 	 0.78000000000 	 0.07747335984 
0.61359072734 	 0.79000000000 	 0.07798852467 
0.61359072734 	 0.80000000000 	 0.07849505374 
0.61359072734 	 0.81000000000 	 0.07900494116 
0.61359072734 	 0.82000000000 	 0.07951384660 
0.61359072734 	 0.83000000000 	 0.08001647333 
0.61359072734 	 0.84000000000 	 0.08051463696 
0.61359072734 	 0.85000000000 	 0.08101115140 
0.61359072734 	 0.86000000000 	 0.08150480882 
0.61359072734 	 0.87000000000 	 0.08199558805 
0.61359072734 	 0.88000000000 	 0.08247814607 
0.61359072734 	 0.89000000000 	 0.08296919886 
0.61359072734 	 0.90000000000 	 0.08345823365 
0.61359072734 	 0.91000000000 	 0.08393180000 
0.61359072734 	 0.92000000000 	 0.08441338208 
0.61359072734 	 0.93000000000 	 0.08488795565 
0.61359072734 	 0.94000000000 	 0.08535935916 
0.61359072734 	 0.95000000000 	 0.08582864668 
0.61359072734 	 0.96000000000 	 0.08627547825 
0.61359072734 	 0.97000000000 	 0.08673835953 
0.61359072734 	 0.98000000000 	 0.08719859800 
0.61359072734 	 0.99000000000 	 0.08766224023 
0.61359072734 	 1.00000000000 	 0.08811619896 
0.61359072734 	 1.03620101997 	 0.08974293332 
0.61359072734 	 1.07371255379 	 0.09139217713 
0.61359072734 	 1.11258204340 	 0.09307338809 
0.61359072734 	 1.15285864817 	 0.09477410396 
0.61359072734 	 1.19459330712 	 0.09649539568 
0.61359072734 	 1.23783880329 	 0.09824431011 
0.61359072734 	 1.28264983053 	 0.10001610238 
0.61359072734 	 1.32908306266 	 0.10181348039 
0.61359072734 	 1.37719722516 	 0.10362649369 
0.61359072734 	 1.42705316941 	 0.10546640658 
0.61359072734 	 1.47871394970 	 0.10734046607 
0.61359072734 	 1.53224490292 	 0.10922556768 
0.61359072734 	 1.58771373126 	 0.11112200877 
0.61359072734 	 1.64519058775 	 0.11306085632 
0.61359072734 	 1.70474816508 	 0.11499917470 
0.61359072734 	 1.76646178745 	 0.11696841925 
0.61359072734 	 1.83040950590 	 0.11897632864 
0.61359072734 	 1.89667219698 	 0.12098637881 
0.61359072734 	 1.96533366506 	 0.12302184938 
0.61359072734 	 2.03648074833 	 0.12507660760 
0.61359072734 	 2.11020342857 	 0.12716900769 
0.61359072734 	 2.18659494503 	 0.12927048690 
0.61359072734 	 2.26575191231 	 0.13139586810 
0.61359072734 	 2.34777444254 	 0.13354353609 
0.61359072734 	 2.43276627202 	 0.13570106583 
0.61359072734 	 2.52083489243 	 0.13789736239 
0.61359072734 	 2.61209168671 	 0.14011199174 
0.61359072734 	 2.70665207003 	 0.14236783082 
0.61359072734 	 2.80463563568 	 0.14462105073 
0.61359072734 	 2.90616630634 	 0.14691331922 
0.61359072734 	 3.01137249084 	 0.14924546389 
0.61359072734 	 3.12038724653 	 0.15159088516 
0.61359072734 	 3.23334844756 	 0.15396375758 
0.61359072734 	 3.35039895929 	 0.15636637581 
0.61359072734 	 3.47168681893 	 0.15879574695 
0.61359072734 	 3.59736542280 	 0.16125841425 
0.61359072734 	 3.72759372031 	 0.16373750574 
0.61359072734 	 3.86253641503 	 0.16627174418 
0.61359072734 	 4.00236417294 	 0.16882891376 
0.61359072734 	 4.14725383830 	 0.17142009333 
0.61359072734 	 4.29738865733 	 0.17403122565 
0.61359072734 	 4.45295850994 	 0.17670230776 
0.61359072734 	 4.61416014990 	 0.17939737366 
0.61359072734 	 4.78119745364 	 0.18211861808 
0.61359072734 	 4.95428167815 	 0.18489993530 
0.61359072734 	 5.13363172813 	 0.18770886260 
0.61359072734 	 5.31947443285 	 0.19055927836 
0.61359072734 	 5.51204483304 	 0.19344996023 
0.61359072734 	 5.71158647813 	 0.19637118819 
0.61359072734 	 5.91835173430 	 0.19934496394 
0.61359072734 	 6.13260210363 	 0.20236264442 
0.61359072734 	 6.35460855487 	 0.20542470370 
0.61359072734 	 6.58465186608 	 0.20853186117 
0.61359072734 	 6.82302297979 	 0.21168505206 
0.61359072734 	 7.07002337096 	 0.21488534039 
0.61359072734 	 7.32596542822 	 0.21813281047 
0.61359072734 	 7.59117284900 	 0.22143618757 
0.61359072734 	 7.86598104892 	 0.22478308489 
0.61359072734 	 8.15073758597 	 0.22818067252 
0.61359072734 	 8.44580260011 	 0.23162721917 
0.61359072734 	 8.75154926872 	 0.23512597917 
0.61359072734 	 9.06836427859 	 0.23867870924 
0.61359072734 	 9.39664831495 	 0.24227574263 
0.61359072734 	 9.73681656828 	 0.24593757066 
0.61359072734 	 10.08929925933 	 0.24965331595 
0.61359072734 	 10.45454218333 	 0.25342855311 
0.61359072734 	 10.83300727371 	 0.25725968981 
0.61359072734 	 11.22517318638 	 0.26115191684 
0.61359072734 	 11.63153590510 	 0.26509954695 
0.61359072734 	 12.05260936871 	 0.26910678294 
0.61359072734 	 12.48892612118 	 0.27317039329 
0.61359072734 	 12.94103798513 	 0.27729892183 
0.61359072734 	 13.40951675969 	 0.28148969087 
0.61359072734 	 13.89495494373 	 0.28574316672 
0.61359072734 	 14.39796648516 	 0.29006380422 
0.61359072734 	 14.91918755746 	 0.29444671255 
0.61359072734 	 15.45927736419 	 0.29889553246 
0.61359072734 	 16.01891897281 	 0.30340627614 
0.61359072734 	 16.59882017849 	 0.30798816134 
0.61359072734 	 17.19971439928 	 0.31263660946 
0.61359072734 	 17.82236160377 	 0.31735353687 
0.61359072734 	 18.46754927215 	 0.32214089025 
0.61359072734 	 19.13609339219 	 0.32699571122 
0.61359072734 	 19.82883949127 	 0.33192384234 
0.61359072734 	 20.54666370572 	 0.33692030731 
0.61359072734 	 21.29047388890 	 0.34198797475 
0.61359072734 	 22.06121075937 	 0.34712708462 
0.61359072734 	 22.85984909069 	 0.35233935180 
0.61359072734 	 23.68739894419 	 0.35762503582 
0.61359072734 	 24.54490694646 	 0.36298587108 
0.61359072734 	 25.43345761305 	 0.36841842442 
0.61359072734 	 26.35417472006 	 0.37392536159 
0.61359072734 	 27.30822272546 	 0.37950686252 
0.61359072734 	 28.29680824175 	 0.38516342981 
0.61359072734 	 29.32118156207 	 0.39089529788 
0.61359072734 	 30.38263824141 	 0.39670131151 
0.61359072734 	 31.48252073520 	 0.40258314022 
0.61359072734 	 32.62222009712 	 0.40854028730 
0.61359072734 	 33.80317773840 	 0.41457327482 
0.61359072734 	 35.02688725083 	 0.42068206393 
0.61359072734 	 36.29489629577 	 0.42686613437 
0.61359072734 	 37.60880856147 	 0.43312518397 
0.61359072734 	 38.97028579134 	 0.43945919879 
0.61359072734 	 40.38104988560 	 0.44586741791 
0.61359072734 	 41.84288507902 	 0.45234984263 
0.61359072734 	 43.35764019746 	 0.45890191057 
0.61359072734 	 44.92723099621 	 0.46553226224 
0.61359072734 	 46.55364258280 	 0.47223785273 
0.61359072734 	 48.23893192773 	 0.47900849744 
0.61359072734 	 49.98523046589 	 0.48585190137 
0.61359072734 	 51.79474679231 	 0.49276930446 
0.61359072734 	 53.66976945540 	 0.49975169567 
0.61359072734 	 55.61266985137 	 0.50680358246 
0.61359072734 	 57.62590522338 	 0.51392045107 
0.61359072734 	 59.71202176930 	 0.52110049127 
0.61359072734 	 61.87365786196 	 0.52834735290 
0.61359072734 	 64.11354738598 	 0.53565405699 
0.61359072734 	 66.43452319540 	 0.54301701460 
0.61359072734 	 68.83952069645 	 0.55044254816 
0.61359072734 	 71.33158156008 	 0.55792375981 
0.61359072734 	 73.91385756879 	 0.56545742248 
0.61359072734 	 76.58961460288 	 0.57304244963 
0.61359072734 	 79.36223677079 	 0.58067616562 
0.61359072734 	 82.23523068918 	 0.58835694585 
0.61359072734 	 85.21222991780 	 0.59608098126 
0.61359072734 	 88.29699955494 	 0.60384558318 
0.61359072734 	 91.49344099933 	 0.61164675929 
0.61359072734 	 94.80559688429 	 0.61948184431 
0.61359072734 	 98.23765619059 	 0.62734809987 
0.61359072734 	 101.79395954438 	 0.63524136603 
0.61359072734 	 105.47900470692 	 0.64315805423 
0.61359072734 	 109.29745226298 	 0.65109363043 
0.61359072734 	 113.25413151528 	 0.65904465839 
0.61359072734 	 117.35404659222 	 0.66700718884 
0.61359072734 	 121.60238277674 	 0.67497636249 
0.61359072734 	 126.00451306433 	 0.68294744004 
0.61359072734 	 130.56600495838 	 0.69091666454 
0.61359072734 	 135.29262751160 	 0.69887822054 
0.61359072734 	 140.19035862226 	 0.70682764841 
0.61359072734 	 145.26539259468 	 0.71475951733 
0.61359072734 	 150.52414797329 	 0.72266925057 
0.61359072734 	 155.97327566040 	 0.73055120426 
0.61359072734 	 161.61966732774 	 0.73840027604 
0.61359072734 	 167.47046413260 	 0.74621064627 
0.61359072734 	 173.53306574945 	 0.75397723992 
0.61359072734 	 179.81513972851 	 0.76169238462 
0.61359072734 	 186.32463119316 	 0.76935254545 
0.61359072734 	 193.06977288832 	 0.77695090221 
0.61359072734 	 200.05909559272 	 0.78448214093 
0.61359072734 	 207.30143890792 	 0.79193974330 
0.61359072734 	 214.80596243813 	 0.79931871705 
0.61359072734 	 222.58215737454 	 0.80661287154 
0.61359072734 	 230.63985849915 	 0.81381688352 
0.61359072734 	 238.98925662311 	 0.82092334376 
0.61359072734 	 247.64091147530 	 0.82792844215 
0.61359072734 	 256.60576505760 	 0.83482582417 
0.61359072734 	 265.89515548347 	 0.84160868177 
0.61359072734 	 275.52083131769 	 0.84827326703 
0.61359072734 	 285.49496643503 	 0.85481441121 
0.61359072734 	 295.83017541695 	 0.86122685983 
0.61359072734 	 306.53952950565 	 0.86750523979 
0.61359072734 	 317.63657313561 	 0.87364538010 
0.61359072734 	 329.13534106365 	 0.87964266815 
0.61359072734 	 341.05037611911 	 0.88549233902 
0.61359072734 	 353.39674759658 	 0.89119109984 
0.61359072734 	 366.19007031450 	 0.89673515143 
0.61359072734 	 379.44652436364 	 0.90212174793 
0.61359072734 	 393.18287557058 	 0.90734758045 
0.61359072734 	 407.41649670190 	 0.91240999717 
0.61359072734 	 422.16538943608 	 0.91730660279 
0.61359072734 	 437.44820713071 	 0.92203546202 
0.61359072734 	 453.28427841392 	 0.92659505307 
0.61359072734 	 469.69363162995 	 0.93098439730 
0.61359072734 	 486.69702016948 	 0.93520266847 
0.61359072734 	 504.31594871714 	 0.93924955337 
0.61359072734 	 522.57270044903 	 0.94312525198 
0.61359072734 	 541.49036521501 	 0.94683010179 
0.61359072734 	 561.09286874100 	 0.95036490095 
0.61359072734 	 581.40500288865 	 0.95373100755 
0.61359072734 	 602.45245701027 	 0.95693019143 
0.61359072734 	 624.26185043890 	 0.95996447726 
0.61359072734 	 646.86076615463 	 0.96283629837 
0.61359072734 	 670.27778566954 	 0.96554842672 
0.61359072734 	 694.54252517561 	 0.96810400580 
0.61359072734 	 719.68567300115 	 0.97050655070 
0.61359072734 	 745.73902842330 	 0.97275988629 
0.61359072734 	 772.73554188543 	 0.97486804124 
0.61359072734 	 800.70935667059 	 0.97683557580 
0.61359072734 	 829.69585208349 	 0.97866678817 
0.61359072734 	 859.73168819576 	 0.98036665271 
0.61359072734 	 890.85485221102 	 0.98193998393 
0.61359072734 	 923.10470650840 	 0.98339195172 
0.61359072734 	 956.52203842531 	 0.98472799183 
0.61359072734 	 991.14911184236 	 0.98595377312 
0.61359072734 	 1027.02972063577 	 0.98707410463 
0.61359072734 	 1064.20924406472 	 0.98809479071 
0.61359072734 	 1102.73470416390 	 0.98902133745 
0.61359072734 	 1142.65482521357 	 0.98985924573 
0.61359072734 	 1184.02009536266 	 0.99061395234 
0.61359072734 	 1226.88283048257 	 0.99129088284 
0.61359072734 	 1271.29724033264 	 0.99189529468 
0.61359072734 	 1317.31949712075 	 0.99243233965 
0.61359072734 	 1365.00780654601 	 0.99290710745 
0.61359072734 	 1414.42248141323 	 0.99332452586 
0.61359072734 	 1465.62601791225 	 0.99368933306 
0.61359072734 	 1518.68317465873 	 0.99400601651 
0.61359072734 	 1573.66105459626 	 0.99427892252 
0.61359072734 	 1630.62918986345 	 0.99451226895 
0.61359072734 	 1689.65962973324 	 0.99470988841 
0.61359072734 	 1750.82703173573 	 0.99487606527 
0.61359072734 	 1814.20875607977 	 0.99501317563 
0.61359072734 	 1879.88496349267 	 0.99512500204 
0.61359072734 	 1947.93871660183 	 0.99521456496 
0.61359072734 	 2018.45608498650 	 0.99528468111 
0.61359072734 	 2091.52625403246 	 0.99533787486 
0.61359072734 	 2167.24163772744 	 0.99537656696 
0.61359072734 	 2245.69799553977 	 0.99540285026 
0.61359072734 	 2326.99455352823 	 0.99541866698 
0.61359072734 	 2411.23412983612 	 0.99542577894 
0.61359072734 	 2498.52326472839 	 0.99542575833 
0.61359072734 	 2588.97235533627 	 0.99541993214 
0.61359072734 	 2682.69579527972 	 0.99540959072 
0.61359072734 	 2779.81211934445 	 0.99539576345 
0.61359072734 	 2880.44415339630 	 0.99537938123 
0.61359072734 	 2984.71916972271 	 0.99536124156 
0.61359072734 	 3092.76904799777 	 0.99534202497 
0.61359072734 	 3204.73044207429 	 0.99532230984 
0.61359072734 	 3320.74495281390 	 0.99530253953 
0.61359072734 	 3440.95930717388 	 0.99528309827 
0.61359072734 	 3565.52554377701 	 0.99526433308 
0.61359072734 	 3694.60120519930 	 0.99524644389 
0.61359072734 	 3828.34953721869 	 0.99522961397 
0.61359072734 	 3966.93969527677 	 0.99521400599 
0.61359072734 	 4110.54695841470 	 0.99519963554 
0.61359072734 	 4259.35295095366 	 0.99518663643 
0.61359072734 	 4413.54587220053 	 0.99517492670 
0.61359072734 	 4573.32073446906 	 0.99516453437 
0.61359072734 	 4738.87960971766 	 0.99515544928 
0.61359072734 	 4910.43188511573 	 0.99514758597 
0.61359072734 	 5088.19452786179 	 0.99514091384 
0.61359072734 	 5272.39235958825 	 0.99513535080 
0.61359072734 	 5463.25834069991 	 0.99513080724 
0.61359072734 	 5661.03386500583 	 0.99512722173 
0.61359072734 	 5865.96906501720 	 0.99512448886 
0.61359072734 	 6078.32312829723 	 0.99512252204 
0.61359072734 	 6298.36462526327 	 0.99512123996 
0.61359072734 	 6526.37184885573 	 0.99512059958 
0.61359072734 	 6762.63316650331 	 0.99512048679 
0.61359072734 	 7007.44738482975 	 0.99512084179 
0.61359072734 	 7261.12412756334 	 0.99512160572 
0.61359072734 	 7523.98422712716 	 0.99512269721 
0.61359072734 	 7796.36013040524 	 0.99512407652 
0.61359072734 	 8078.59631919787 	 0.99512567503 
0.61359072734 	 8371.04974589791 	 0.99512744935 
0.61359072734 	 8674.09028493891 	 0.99512935894 
0.61359072734 	 8988.10120058618 	 0.99513136510 
0.61359072734 	 9313.47963166233 	 0.99513343449 
0.61359072734 	 9650.63709382046 	 0.99513553552 
0.61359072734 	 10000.00000000000 	 0.99513764372 
