0.00305385551 	 0.00000000000 	 0.00000152984 
0.00305385551 	 0.01000000000 	 0.00000153329 
0.00305385551 	 0.02000000000 	 0.00000153677 
0.00305385551 	 0.03000000000 	 0.00000154025 
0.00305385551 	 0.04000000000 	 0.00000154373 
0.00305385551 	 0.05000000000 	 0.00000154722 
0.00305385551 	 0.06000000000 	 0.00000155072 
0.00305385551 	 0.07000000000 	 0.00000155422 
0.00305385551 	 0.08000000000 	 0.00000155773 
0.00305385551 	 0.09000000000 	 0.00000156125 
0.00305385551 	 0.10000000000 	 0.00000156477 
0.00305385551 	 0.11000000000 	 0.00000156830 
0.00305385551 	 0.12000000000 	 0.00000157184 
0.00305385551 	 0.13000000000 	 0.00000157539 
0.00305385551 	 0.14000000000 	 0.00000157894 
0.00305385551 	 0.15000000000 	 0.00000158250 
0.00305385551 	 0.16000000000 	 0.00000158607 
0.00305385551 	 0.17000000000 	 0.00000158964 
0.00305385551 	 0.18000000000 	 0.00000159322 
0.00305385551 	 0.19000000000 	 0.00000159681 
0.00305385551 	 0.20000000000 	 0.00000160040 
0.00305385551 	 0.21000000000 	 0.00000160400 
0.00305385551 	 0.22000000000 	 0.00000160761 
0.00305385551 	 0.23000000000 	 0.00000161122 
0.00305385551 	 0.24000000000 	 0.00000161484 
0.00305385551 	 0.25000000000 	 0.00000161847 
0.00305385551 	 0.26000000000 	 0.00000162210 
0.00305385551 	 0.27000000000 	 0.00000162574 
0.00305385551 	 0.28000000000 	 0.00000162939 
0.00305385551 	 0.29000000000 	 0.00000163304 
0.00305385551 	 0.30000000000 	 0.00000163670 
0.00305385551 	 0.31000000000 	 0.00000164037 
0.00305385551 	 0.32000000000 	 0.00000164404 
0.00305385551 	 0.33000000000 	 0.00000164772 
0.00305385551 	 0.34000000000 	 0.00000165141 
0.00305385551 	 0.35000000000 	 0.00000165510 
0.00305385551 	 0.36000000000 	 0.00000165880 
0.00305385551 	 0.37000000000 	 0.00000166250 
0.00305385551 	 0.38000000000 	 0.00000166622 
0.00305385551 	 0.39000000000 	 0.00000166405 
0.00305385551 	 0.40000000000 	 0.00000166820 
0.00305385551 	 0.41000000000 	 0.00000167235 
0.00305385551 	 0.42000000000 	 0.00000167649 
0.00305385551 	 0.43000000000 	 0.00000168063 
0.00305385551 	 0.44000000000 	 0.00000168477 
0.00305385551 	 0.45000000000 	 0.00000168891 
0.00305385551 	 0.46000000000 	 0.00000169304 
0.00305385551 	 0.47000000000 	 0.00000169718 
0.00305385551 	 0.48000000000 	 0.00000170131 
0.00305385551 	 0.49000000000 	 0.00000170545 
0.00305385551 	 0.50000000000 	 0.00000170959 
0.00305385551 	 0.51000000000 	 0.00000171373 
0.00305385551 	 0.52000000000 	 0.00000171787 
0.00305385551 	 0.53000000000 	 0.00000172202 
0.00305385551 	 0.54000000000 	 0.00000172616 
0.00305385551 	 0.55000000000 	 0.00000173031 
0.00305385551 	 0.56000000000 	 0.00000173446 
0.00305385551 	 0.57000000000 	 0.00000173861 
0.00305385551 	 0.58000000000 	 0.00000174277 
0.00305385551 	 0.59000000000 	 0.00000174693 
0.00305385551 	 0.60000000000 	 0.00000175109 
0.00305385551 	 0.61000000000 	 0.00000175526 
0.00305385551 	 0.62000000000 	 0.00000175943 
0.00305385551 	 0.63000000000 	 0.00000176360 
0.00305385551 	 0.64000000000 	 0.00000176777 
0.00305385551 	 0.65000000000 	 0.00000177818 
0.00305385551 	 0.66000000000 	 0.00000178213 
0.00305385551 	 0.67000000000 	 0.00000178610 
0.00305385551 	 0.68000000000 	 0.00000179007 
0.00305385551 	 0.69000000000 	 0.00000179405 
0.00305385551 	 0.70000000000 	 0.00000179804 
0.00305385551 	 0.71000000000 	 0.00000180203 
0.00305385551 	 0.72000000000 	 0.00000180604 
0.00305385551 	 0.73000000000 	 0.00000181005 
0.00305385551 	 0.74000000000 	 0.00000181406 
0.00305385551 	 0.75000000000 	 0.00000181808 
0.00305385551 	 0.76000000000 	 0.00000182210 
0.00305385551 	 0.77000000000 	 0.00000182614 
0.00305385551 	 0.78000000000 	 0.00000183018 
0.00305385551 	 0.79000000000 	 0.00000183423 
0.00305385551 	 0.80000000000 	 0.00000183523 
0.00305385551 	 0.81000000000 	 0.00000183953 
0.00305385551 	 0.82000000000 	 0.00000184384 
0.00305385551 	 0.83000000000 	 0.00000184818 
0.00305385551 	 0.84000000000 	 0.00000185251 
0.00305385551 	 0.85000000000 	 0.00000185682 
0.00305385551 	 0.86000000000 	 0.00000186114 
0.00305385551 	 0.87000000000 	 0.00000186547 
0.00305385551 	 0.88000000000 	 0.00000186980 
0.00305385551 	 0.89000000000 	 0.00000187413 
0.00305385551 	 0.90000000000 	 0.00000187846 
0.00305385551 	 0.91000000000 	 0.00000188279 
0.00305385551 	 0.92000000000 	 0.00000188714 
0.00305385551 	 0.93000000000 	 0.00000189148 
0.00305385551 	 0.94000000000 	 0.00000189583 
0.00305385551 	 0.95000000000 	 0.00000190018 
0.00305385551 	 0.96000000000 	 0.00000190454 
0.00305385551 	 0.97000000000 	 0.00000190890 
0.00305385551 	 0.98000000000 	 0.00000191327 
0.00305385551 	 0.99000000000 	 0.00000191764 
0.00305385551 	 1.00000000000 	 0.00000192202 
0.00305385551 	 1.03620101997 	 0.00000193789 
0.00305385551 	 1.07371255379 	 0.00000195453 
0.00305385551 	 1.11258204340 	 0.00000197186 
0.00305385551 	 1.15285864817 	 0.00000198966 
0.00305385551 	 1.19459330712 	 0.00000200813 
0.00305385551 	 1.23783880329 	 0.00000202721 
0.00305385551 	 1.28264983053 	 0.00000204705 
0.00305385551 	 1.32908306266 	 0.00000206768 
0.00305385551 	 1.37719722516 	 0.00000208930 
0.00305385551 	 1.42705316941 	 0.00000211195 
0.00305385551 	 1.47871394970 	 0.00000213560 
0.00305385551 	 1.53224490292 	 0.00000216033 
0.00305385551 	 1.58771373126 	 0.00000218612 
0.00305385551 	 1.64519058775 	 0.00000221310 
0.00305385551 	 1.70474816508 	 0.00000224127 
0.00305385551 	 1.76646178745 	 0.00000227081 
0.00305385551 	 1.83040950590 	 0.00000230171 
0.00305385551 	 1.89667219698 	 0.00000232990 
0.00305385551 	 1.96533366506 	 0.00000236664 
0.00305385551 	 2.03648074833 	 0.00000240491 
0.00305385551 	 2.11020342857 	 0.00000244464 
0.00305385551 	 2.18659494503 	 0.00000248608 
0.00305385551 	 2.26575191231 	 0.00000252928 
0.00305385551 	 2.34777444254 	 0.00000257424 
0.00305385551 	 2.43276627202 	 0.00000261954 
0.00305385551 	 2.52083489243 	 0.00000266989 
0.00305385551 	 2.61209168671 	 0.00000272262 
0.00305385551 	 2.70665207003 	 0.00000277785 
0.00305385551 	 2.80463563568 	 0.00000283564 
0.00305385551 	 2.90616630634 	 0.00000289624 
0.00305385551 	 3.01137249084 	 0.00000295990 
0.00305385551 	 3.12038724653 	 0.00000302686 
0.00305385551 	 3.23334844756 	 0.00000309736 
0.00305385551 	 3.35039895929 	 0.00000317165 
0.00305385551 	 3.47168681893 	 0.00000324998 
0.00305385551 	 3.59736542280 	 0.00000333277 
0.00305385551 	 3.72759372031 	 0.00000341649 
0.00305385551 	 3.86253641503 	 0.00000351370 
0.00305385551 	 4.00236417294 	 0.00000361616 
0.00305385551 	 4.14725383830 	 0.00000372411 
0.00305385551 	 4.29738865733 	 0.00000383791 
0.00305385551 	 4.45295850994 	 0.00000395806 
0.00305385551 	 4.61416014990 	 0.00000408508 
0.00305385551 	 4.78119745364 	 0.00000421963 
0.00305385551 	 4.95428167815 	 0.00000436236 
0.00305385551 	 5.13363172813 	 0.00000451398 
0.00305385551 	 5.31947443285 	 0.00000467536 
0.00305385551 	 5.51204483304 	 0.00000484288 
0.00305385551 	 5.71158647813 	 0.00000503003 
0.00305385551 	 5.91835173430 	 0.00000522703 
0.00305385551 	 6.13260210363 	 0.00000543687 
0.00305385551 	 6.35460855487 	 0.00000566156 
0.00305385551 	 6.58465186608 	 0.00000590143 
0.00305385551 	 6.82302297979 	 0.00000615973 
0.00305385551 	 7.07002337096 	 0.00000643960 
0.00305385551 	 7.32596542822 	 0.00000673766 
0.00305385551 	 7.59117284900 	 0.00000705697 
0.00305385551 	 7.86598104892 	 0.00000739991 
0.00305385551 	 8.15073758597 	 0.00000776859 
0.00305385551 	 8.44580260011 	 0.00000817540 
0.00305385551 	 8.75154926872 	 0.00000861022 
0.00305385551 	 9.06836427859 	 0.00000907679 
0.00305385551 	 9.39664831495 	 0.00000957983 
0.00305385551 	 9.73681656828 	 0.00001012384 
0.00305385551 	 10.08929925933 	 0.00001072604 
0.00305385551 	 10.45454218333 	 0.00001137390 
0.00305385551 	 10.83300727371 	 0.00001207337 
0.00305385551 	 11.22517318638 	 0.00001283140 
0.00305385551 	 11.63153590510 	 0.00001365451 
0.00305385551 	 12.05260936871 	 0.00001456567 
0.00305385551 	 12.48892612118 	 0.00001555253 
0.00305385551 	 12.94103798513 	 0.00001662505 
0.00305385551 	 13.40951675969 	 0.00001779439 
0.00305385551 	 13.89495494373 	 0.00001907444 
0.00305385551 	 14.39796648516 	 0.00002048093 
0.00305385551 	 14.91918755746 	 0.00002201670 
0.00305385551 	 15.45927736419 	 0.00002369576 
0.00305385551 	 16.01891897281 	 0.00002555481 
0.00305385551 	 16.59882017849 	 0.00002758624 
0.00305385551 	 17.19971439928 	 0.00002982181 
0.00305385551 	 17.82236160377 	 0.00003229054 
0.00305385551 	 18.46754927215 	 0.00003500312 
0.00305385551 	 19.13609339219 	 0.00003799536 
0.00305385551 	 19.82883949127 	 0.00004130599 
0.00305385551 	 20.54666370572 	 0.00004495140 
0.00305385551 	 21.29047388890 	 0.00004899856 
0.00305385551 	 22.06121075937 	 0.00005346502 
0.00305385551 	 22.85984909069 	 0.00005841580 
0.00305385551 	 23.68739894419 	 0.00006390072 
0.00305385551 	 24.54490694646 	 0.00006996648 
0.00305385551 	 25.43345761305 	 0.00007672745 
0.00305385551 	 26.35417472006 	 0.00008420055 
0.00305385551 	 27.30822272546 	 0.00009252538 
0.00305385551 	 28.29680824175 	 0.00010175495 
0.00305385551 	 29.32118156207 	 0.00011201850 
0.00305385551 	 30.38263824141 	 0.00012345909 
0.00305385551 	 31.48252073520 	 0.00013615723 
0.00305385551 	 32.62222009712 	 0.00015030931 
0.00305385551 	 33.80317773840 	 0.00016602329 
0.00305385551 	 35.02688725083 	 0.00018353487 
0.00305385551 	 36.29489629577 	 0.00020300932 
0.00305385551 	 37.60880856147 	 0.00022467931 
0.00305385551 	 38.97028579134 	 0.00024882471 
0.00305385551 	 40.38104988560 	 0.00027565431 
0.00305385551 	 41.84288507902 	 0.00030556852 
0.00305385551 	 43.35764019746 	 0.00033877153 
0.00305385551 	 44.92723099621 	 0.00037582021 
0.00305385551 	 46.55364258280 	 0.00041686584 
0.00305385551 	 48.23893192773 	 0.00046253989 
0.00305385551 	 49.98523046589 	 0.00051326417 
0.00305385551 	 51.79474679231 	 0.00056943156 
0.00305385551 	 53.66976945540 	 0.00063196591 
0.00305385551 	 55.61266985137 	 0.00070111455 
0.00305385551 	 57.62590522338 	 0.00077796821 
0.00305385551 	 59.71202176930 	 0.00086285584 
0.00305385551 	 61.87365786196 	 0.00095659342 
0.00305385551 	 64.11354738598 	 0.00106021582 
0.00305385551 	 66.43452319540 	 0.00117452128 
0.00305385551 	 68.83952069645 	 0.00130045111 
0.00305385551 	 71.33158156008 	 0.00143911432 
0.00305385551 	 73.91385756879 	 0.00159187394 
0.00305385551 	 76.58961460288 	 0.00175951243 
0.00305385551 	 79.36223677079 	 0.00194333431 
0.00305385551 	 82.23523068918 	 0.00214483489 
0.00305385551 	 85.21222991780 	 0.00236533450 
0.00305385551 	 88.29699955494 	 0.00260593519 
0.00305385551 	 91.49344099933 	 0.00286827710 
0.00305385551 	 94.80559688429 	 0.00315440265 
0.00305385551 	 98.23765619059 	 0.00346514531 
0.00305385551 	 101.79395954438 	 0.00380252412 
0.00305385551 	 105.47900470692 	 0.00416830818 
0.00305385551 	 109.29745226298 	 0.00456375885 
0.00305385551 	 113.25413151528 	 0.00499113267 
0.00305385551 	 117.35404659222 	 0.00545196616 
0.00305385551 	 121.60238277674 	 0.00594809680 
0.00305385551 	 126.00451306433 	 0.00648092117 
0.00305385551 	 130.56600495838 	 0.00705262428 
0.00305385551 	 135.29262751160 	 0.00766447914 
0.00305385551 	 140.19035862226 	 0.00831843571 
0.00305385551 	 145.26539259468 	 0.00901579614 
0.00305385551 	 150.52414797329 	 0.00975827339 
0.00305385551 	 155.97327566040 	 0.01054782370 
0.00305385551 	 161.61966732774 	 0.01138494527 
0.00305385551 	 167.47046413260 	 0.01227123472 
0.00305385551 	 173.53306574945 	 0.01320779565 
0.00305385551 	 179.81513972851 	 0.01419587619 
0.00305385551 	 186.32463119316 	 0.01523606452 
0.00305385551 	 193.06977288832 	 0.01632949164 
0.00305385551 	 200.05909559272 	 0.01747645443 
0.00305385551 	 207.30143890792 	 0.01867755153 
0.00305385551 	 214.80596243813 	 0.01993279768 
0.00305385551 	 222.58215737454 	 0.02124236679 
0.00305385551 	 230.63985849915 	 0.02260642775 
0.00305385551 	 238.98925662311 	 0.02402458407 
0.00305385551 	 247.64091147530 	 0.02549699062 
0.00305385551 	 256.60576505760 	 0.02702222306 
0.00305385551 	 265.89515548347 	 0.02859997930 
0.00305385551 	 275.52083131769 	 0.03022939148 
0.00305385551 	 285.49496643503 	 0.03190949689 
0.00305385551 	 295.83017541695 	 0.03363899977 
0.00305385551 	 306.53952950565 	 0.03541772806 
0.00305385551 	 317.63657313561 	 0.03724327606 
0.00305385551 	 329.13534106365 	 0.03911453763 
0.00305385551 	 341.05037611911 	 0.04102998551 
0.00305385551 	 353.39674759658 	 0.04298821261 
0.00305385551 	 366.19007031450 	 0.04498764297 
0.00305385551 	 379.44652436364 	 0.04702753264 
0.00305385551 	 393.18287557058 	 0.04910539685 
0.00305385551 	 407.41649670190 	 0.05122011398 
0.00305385551 	 422.16538943608 	 0.05337101344 
0.00305385551 	 437.44820713071 	 0.05555593745 
0.00305385551 	 453.28427841392 	 0.05777452887 
0.00305385551 	 469.69363162995 	 0.06002493776 
0.00305385551 	 486.69702016948 	 0.06230666701 
0.00305385551 	 504.31594871714 	 0.06461939659 
0.00305385551 	 522.57270044903 	 0.06696210261 
0.00305385551 	 541.49036521501 	 0.06933401106 
0.00305385551 	 561.09286874100 	 0.07173500392 
0.00305385551 	 581.40500288865 	 0.07416509453 
0.00305385551 	 602.45245701027 	 0.07662443145 
0.00305385551 	 624.26185043890 	 0.07911378103 
0.00305385551 	 646.86076615463 	 0.08163276297 
0.00305385551 	 670.27778566954 	 0.08418125003 
0.00305385551 	 694.54252517561 	 0.08676040024 
0.00305385551 	 719.68567300115 	 0.08937162164 
0.00305385551 	 745.73902842330 	 0.09201519977 
0.00305385551 	 772.73554188543 	 0.09469180950 
0.00305385551 	 800.70935667059 	 0.09740311736 
0.00305385551 	 829.69585208349 	 0.10014964351 
0.00305385551 	 859.73168819576 	 0.10293303316 
0.00305385551 	 890.85485221102 	 0.10575448698 
0.00305385551 	 923.10470650840 	 0.10861395086 
0.00305385551 	 956.52203842531 	 0.11151302632 
0.00305385551 	 991.14911184236 	 0.11445336850 
0.00305385551 	 1027.02972063577 	 0.11743638275 
0.00305385551 	 1064.20924406472 	 0.12046423616 
0.00305385551 	 1102.73470416390 	 0.12353581669 
0.00305385551 	 1142.65482521357 	 0.12665317200 
0.00305385551 	 1184.02009536266 	 0.12981644422 
0.00305385551 	 1226.88283048257 	 0.13303128905 
0.00305385551 	 1271.29724033264 	 0.13629415002 
0.00305385551 	 1317.31949712075 	 0.13960666327 
0.00305385551 	 1365.00780654601 	 0.14297020582 
0.00305385551 	 1414.42248141323 	 0.14638692466 
0.00305385551 	 1465.62601791225 	 0.14985608539 
0.00305385551 	 1518.68317465873 	 0.15338061083 
0.00305385551 	 1573.66105459626 	 0.15696083266 
0.00305385551 	 1630.62918986345 	 0.16059854611 
0.00305385551 	 1689.65962973324 	 0.16429222522 
0.00305385551 	 1750.82703173573 	 0.16804433968 
0.00305385551 	 1814.20875607977 	 0.17185588403 
0.00305385551 	 1879.88496349267 	 0.17572772818 
0.00305385551 	 1947.93871660183 	 0.17966020156 
0.00305385551 	 2018.45608498650 	 0.18365692625 
0.00305385551 	 2091.52625403246 	 0.18771601946 
0.00305385551 	 2167.24163772744 	 0.19183905264 
0.00305385551 	 2245.69799553977 	 0.19602606609 
0.00305385551 	 2326.99455352823 	 0.20028076294 
0.00305385551 	 2411.23412983612 	 0.20460026524 
0.00305385551 	 2498.52326472839 	 0.20898937479 
0.00305385551 	 2588.97235533627 	 0.21344549821 
0.00305385551 	 2682.69579527972 	 0.21797118379 
0.00305385551 	 2779.81211934445 	 0.22256577792 
0.00305385551 	 2880.44415339630 	 0.22723561279 
0.00305385551 	 2984.71916972271 	 0.23197457661 
0.00305385551 	 3092.76904799777 	 0.23678466181 
0.00305385551 	 3204.73044207429 	 0.24166880217 
0.00305385551 	 3320.74495281390 	 0.24662799885 
0.00305385551 	 3440.95930717388 	 0.25166150831 
0.00305385551 	 3565.52554377701 	 0.25677179685 
0.00305385551 	 3694.60120519930 	 0.26195911295 
0.00305385551 	 3828.34953721869 	 0.26722262210 
0.00305385551 	 3966.93969527677 	 0.27256542855 
0.00305385551 	 4110.54695841470 	 0.27798506747 
0.00305385551 	 4259.35295095366 	 0.28348366644 
0.00305385551 	 4413.54587220053 	 0.28906121358 
0.00305385551 	 4573.32073446906 	 0.29472011958 
0.00305385551 	 4738.87960971766 	 0.30045977560 
0.00305385551 	 4910.43188511573 	 0.30627816184 
0.00305385551 	 5088.19452786179 	 0.31218119868 
0.00305385551 	 5272.39235958825 	 0.31816452693 
0.00305385551 	 5463.25834069991 	 0.32423030888 
0.00305385551 	 5661.03386500583 	 0.33037839226 
0.00305385551 	 5865.96906501720 	 0.33660934490 
0.00305385551 	 6078.32312829723 	 0.34292187597 
0.00305385551 	 6298.36462526327 	 0.34931785677 
0.00305385551 	 6526.37184885573 	 0.35580022962 
0.00305385551 	 6762.63316650331 	 0.36236429430 
0.00305385551 	 7007.44738482975 	 0.36900847078 
0.00305385551 	 7261.12412756334 	 0.37573939779 
0.00305385551 	 7523.98422712716 	 0.38254995414 
0.00305385551 	 7796.36013040524 	 0.38944599869 
0.00305385551 	 8078.59631919787 	 0.39642133410 
0.00305385551 	 8371.04974589791 	 0.40348009112 
0.00305385551 	 8674.09028493891 	 0.41062031063 
0.00305385551 	 8988.10120058618 	 0.41783806193 
0.00305385551 	 9313.47963166233 	 0.42513714680 
0.00305385551 	 9650.63709382046 	 0.43251311167 
0.00305385551 	 10000.00000000000 	 0.43996911415 
