0.20092330026 	 0.00000000000 	 0.00109554344 
0.20092330026 	 0.01000000000 	 0.00113800774 
0.20092330026 	 0.02000000000 	 0.00118175285 
0.20092330026 	 0.03000000000 	 0.00122568368 
0.20092330026 	 0.04000000000 	 0.00127117722 
0.20092330026 	 0.05000000000 	 0.00131787246 
0.20092330026 	 0.06000000000 	 0.00136525279 
0.20092330026 	 0.07000000000 	 0.00141354970 
0.20092330026 	 0.08000000000 	 0.00146248444 
0.20092330026 	 0.09000000000 	 0.00151335680 
0.20092330026 	 0.10000000000 	 0.00156385214 
0.20092330026 	 0.11000000000 	 0.00161560897 
0.20092330026 	 0.12000000000 	 0.00166959310 
0.20092330026 	 0.13000000000 	 0.00172257464 
0.20092330026 	 0.14000000000 	 0.00177657672 
0.20092330026 	 0.15000000000 	 0.00183111301 
0.20092330026 	 0.16000000000 	 0.00189055010 
0.20092330026 	 0.17000000000 	 0.00194797071 
0.20092330026 	 0.18000000000 	 0.00200618270 
0.20092330026 	 0.19000000000 	 0.00206546824 
0.20092330026 	 0.20000000000 	 0.00212533788 
0.20092330026 	 0.21000000000 	 0.00218675557 
0.20092330026 	 0.22000000000 	 0.00224859563 
0.20092330026 	 0.23000000000 	 0.00231027572 
0.20092330026 	 0.24000000000 	 0.00237349891 
0.20092330026 	 0.25000000000 	 0.00243808393 
0.20092330026 	 0.26000000000 	 0.00250443100 
0.20092330026 	 0.27000000000 	 0.00257072491 
0.20092330026 	 0.28000000000 	 0.00263744157 
0.20092330026 	 0.29000000000 	 0.00270540879 
0.20092330026 	 0.30000000000 	 0.00277425809 
0.20092330026 	 0.31000000000 	 0.00284444829 
0.20092330026 	 0.32000000000 	 0.00291510362 
0.20092330026 	 0.33000000000 	 0.00298600127 
0.20092330026 	 0.34000000000 	 0.00305862135 
0.20092330026 	 0.35000000000 	 0.00313148601 
0.20092330026 	 0.36000000000 	 0.00320569705 
0.20092330026 	 0.37000000000 	 0.00328004356 
0.20092330026 	 0.38000000000 	 0.00335524815 
0.20092330026 	 0.39000000000 	 0.00343159854 
0.20092330026 	 0.40000000000 	 0.00350749408 
0.20092330026 	 0.41000000000 	 0.00358440579 
0.20092330026 	 0.42000000000 	 0.00366486692 
0.20092330026 	 0.43000000000 	 0.00374424278 
0.20092330026 	 0.44000000000 	 0.00382450369 
0.20092330026 	 0.45000000000 	 0.00390549153 
0.20092330026 	 0.46000000000 	 0.00398729343 
0.20092330026 	 0.47000000000 	 0.00407123974 
0.20092330026 	 0.48000000000 	 0.00415137165 
0.20092330026 	 0.49000000000 	 0.00423709129 
0.20092330026 	 0.50000000000 	 0.00432325899 
0.20092330026 	 0.51000000000 	 0.00440787918 
0.20092330026 	 0.52000000000 	 0.00449376257 
0.20092330026 	 0.53000000000 	 0.00458061394 
0.20092330026 	 0.54000000000 	 0.00466830596 
0.20092330026 	 0.55000000000 	 0.00475676344 
0.20092330026 	 0.56000000000 	 0.00485062324 
0.20092330026 	 0.57000000000 	 0.00494029345 
0.20092330026 	 0.58000000000 	 0.00503021117 
0.20092330026 	 0.59000000000 	 0.00512174518 
0.20092330026 	 0.60000000000 	 0.00521389826 
0.20092330026 	 0.61000000000 	 0.00530502906 
0.20092330026 	 0.62000000000 	 0.00539938874 
0.20092330026 	 0.63000000000 	 0.00549242138 
0.20092330026 	 0.64000000000 	 0.00558221963 
0.20092330026 	 0.65000000000 	 0.00567903727 
0.20092330026 	 0.66000000000 	 0.00577510453 
0.20092330026 	 0.67000000000 	 0.00587119285 
0.20092330026 	 0.68000000000 	 0.00596851614 
0.20092330026 	 0.69000000000 	 0.00607024968 
0.20092330026 	 0.70000000000 	 0.00616969022 
0.20092330026 	 0.71000000000 	 0.00626775854 
0.20092330026 	 0.72000000000 	 0.00636203985 
0.20092330026 	 0.73000000000 	 0.00646687961 
0.20092330026 	 0.74000000000 	 0.00656855841 
0.20092330026 	 0.75000000000 	 0.00666941498 
0.20092330026 	 0.76000000000 	 0.00677026975 
0.20092330026 	 0.77000000000 	 0.00687207528 
0.20092330026 	 0.78000000000 	 0.00697685337 
0.20092330026 	 0.79000000000 	 0.00707875871 
0.20092330026 	 0.80000000000 	 0.00718300626 
0.20092330026 	 0.81000000000 	 0.00728856243 
0.20092330026 	 0.82000000000 	 0.00739375335 
0.20092330026 	 0.83000000000 	 0.00749924632 
0.20092330026 	 0.84000000000 	 0.00760630957 
0.20092330026 	 0.85000000000 	 0.00771476177 
0.20092330026 	 0.86000000000 	 0.00782021775 
0.20092330026 	 0.87000000000 	 0.00792896468 
0.20092330026 	 0.88000000000 	 0.00803969306 
0.20092330026 	 0.89000000000 	 0.00814534521 
0.20092330026 	 0.90000000000 	 0.00825871575 
0.20092330026 	 0.91000000000 	 0.00837213415 
0.20092330026 	 0.92000000000 	 0.00848174736 
0.20092330026 	 0.93000000000 	 0.00859231300 
0.20092330026 	 0.94000000000 	 0.00870083988 
0.20092330026 	 0.95000000000 	 0.00881297651 
0.20092330026 	 0.96000000000 	 0.00892566123 
0.20092330026 	 0.97000000000 	 0.00903887678 
0.20092330026 	 0.98000000000 	 0.00915260150 
0.20092330026 	 0.99000000000 	 0.00926795093 
0.20092330026 	 1.00000000000 	 0.00938213004 
0.20092330026 	 1.03620101997 	 0.00979432840 
0.20092330026 	 1.07371255379 	 0.01024199804 
0.20092330026 	 1.11258204340 	 0.01070428579 
0.20092330026 	 1.15285864817 	 0.01118381877 
0.20092330026 	 1.19459330712 	 0.01169207684 
0.20092330026 	 1.23783880329 	 0.01222642712 
0.20092330026 	 1.28264983053 	 0.01278522996 
0.20092330026 	 1.32908306266 	 0.01336893399 
0.20092330026 	 1.37719722516 	 0.01398077727 
0.20092330026 	 1.42705316941 	 0.01462464898 
0.20092330026 	 1.47871394970 	 0.01529449777 
0.20092330026 	 1.53224490292 	 0.01599244669 
0.20092330026 	 1.58771373126 	 0.01672794600 
0.20092330026 	 1.64519058775 	 0.01749257089 
0.20092330026 	 1.70474816508 	 0.01829118915 
0.20092330026 	 1.76646178745 	 0.01912312957 
0.20092330026 	 1.83040950590 	 0.01999056352 
0.20092330026 	 1.89667219698 	 0.02089248047 
0.20092330026 	 1.96533366506 	 0.02183282305 
0.20092330026 	 2.03648074833 	 0.02281036807 
0.20092330026 	 2.11020342857 	 0.02382580491 
0.20092330026 	 2.18659494503 	 0.02488101951 
0.20092330026 	 2.26575191231 	 0.02598190442 
0.20092330026 	 2.34777444254 	 0.02711043731 
0.20092330026 	 2.43276627202 	 0.02828383182 
0.20092330026 	 2.52083489243 	 0.02949865424 
0.20092330026 	 2.61209168671 	 0.03075409166 
0.20092330026 	 2.70665207003 	 0.03205114537 
0.20092330026 	 2.80463563568 	 0.03338963776 
0.20092330026 	 2.90616630634 	 0.03476964993 
0.20092330026 	 3.01137249084 	 0.03619136807 
0.20092330026 	 3.12038724653 	 0.03765407839 
0.20092330026 	 3.23334844756 	 0.03915795992 
0.20092330026 	 3.35039895929 	 0.04070204001 
0.20092330026 	 3.47168681893 	 0.04228693652 
0.20092330026 	 3.59736542280 	 0.04391163750 
0.20092330026 	 3.72759372031 	 0.04557650013 
0.20092330026 	 3.86253641503 	 0.04728007185 
0.20092330026 	 4.00236417294 	 0.04902161310 
0.20092330026 	 4.14725383830 	 0.05080053309 
0.20092330026 	 4.29738865733 	 0.05261635155 
0.20092330026 	 4.45295850994 	 0.05446820851 
0.20092330026 	 4.61416014990 	 0.05635486655 
0.20092330026 	 4.78119745364 	 0.05827693299 
0.20092330026 	 4.95428167815 	 0.06023165016 
0.20092330026 	 5.13363172813 	 0.06221895585 
0.20092330026 	 5.31947443285 	 0.06423865076 
0.20092330026 	 5.51204483304 	 0.06628784851 
0.20092330026 	 5.71158647813 	 0.06836834449 
0.20092330026 	 5.91835173430 	 0.07047827700 
0.20092330026 	 6.13260210363 	 0.07261650084 
0.20092330026 	 6.35460855487 	 0.07478267944 
0.20092330026 	 6.58465186608 	 0.07697639027 
0.20092330026 	 6.82302297979 	 0.07919753992 
0.20092330026 	 7.07002337096 	 0.08144511873 
0.20092330026 	 7.32596542822 	 0.08371899766 
0.20092330026 	 7.59117284900 	 0.08602017631 
0.20092330026 	 7.86598104892 	 0.08834873921 
0.20092330026 	 8.15073758597 	 0.09070225171 
0.20092330026 	 8.44580260011 	 0.09308238079 
0.20092330026 	 8.75154926872 	 0.09548888285 
0.20092330026 	 9.06836427859 	 0.09792336374 
0.20092330026 	 9.39664831495 	 0.10038611705 
0.20092330026 	 9.73681656828 	 0.10287713208 
0.20092330026 	 10.08929925933 	 0.10539787021 
0.20092330026 	 10.45454218333 	 0.10794775456 
0.20092330026 	 10.83300727371 	 0.11052691236 
0.20092330026 	 11.22517318638 	 0.11313995746 
0.20092330026 	 11.63153590510 	 0.11578508569 
0.20092330026 	 12.05260936871 	 0.11846128054 
0.20092330026 	 12.48892612118 	 0.12117509368 
0.20092330026 	 12.94103798513 	 0.12392359327 
0.20092330026 	 13.40951675969 	 0.12670679517 
0.20092330026 	 13.89495494373 	 0.12953120101 
0.20092330026 	 14.39796648516 	 0.13239162923 
0.20092330026 	 14.91918755746 	 0.13529273380 
0.20092330026 	 15.45927736419 	 0.13823337997 
0.20092330026 	 16.01891897281 	 0.14121583049 
0.20092330026 	 16.59882017849 	 0.14424362756 
0.20092330026 	 17.19971439928 	 0.14731455594 
0.20092330026 	 17.82236160377 	 0.15043029196 
0.20092330026 	 18.46754927215 	 0.15359338219 
0.20092330026 	 19.13609339219 	 0.15680238700 
0.20092330026 	 19.82883949127 	 0.16006109867 
0.20092330026 	 20.54666370572 	 0.16336769314 
0.20092330026 	 21.29047388890 	 0.16672422573 
0.20092330026 	 22.06121075937 	 0.17012921999 
0.20092330026 	 22.85984909069 	 0.17358893486 
0.20092330026 	 23.68739894419 	 0.17710329929 
0.20092330026 	 24.54490694646 	 0.18067064699 
0.20092330026 	 25.43345761305 	 0.18429243642 
0.20092330026 	 26.35417472006 	 0.18796974755 
0.20092330026 	 27.30822272546 	 0.19170277776 
0.20092330026 	 28.29680824175 	 0.19549227416 
0.20092330026 	 29.32118156207 	 0.19934375199 
0.20092330026 	 30.38263824141 	 0.20325292386 
0.20092330026 	 31.48252073520 	 0.20722400563 
0.20092330026 	 32.62222009712 	 0.21125532829 
0.20092330026 	 33.80317773840 	 0.21534818949 
0.20092330026 	 35.02688725083 	 0.21950335291 
0.20092330026 	 36.29489629577 	 0.22372363434 
0.20092330026 	 37.60880856147 	 0.22800923700 
0.20092330026 	 38.97028579134 	 0.23235908300 
0.20092330026 	 40.38104988560 	 0.23677576431 
0.20092330026 	 41.84288507902 	 0.24125710396 
0.20092330026 	 43.35764019746 	 0.24581112621 
0.20092330026 	 44.92723099621 	 0.25043325465 
0.20092330026 	 46.55364258280 	 0.25512357658 
0.20092330026 	 48.23893192773 	 0.25988341072 
0.20092330026 	 49.98523046589 	 0.26471484779 
0.20092330026 	 51.79474679231 	 0.26961710273 
0.20092330026 	 53.66976945540 	 0.27459513263 
0.20092330026 	 55.61266985137 	 0.27964540557 
0.20092330026 	 57.62590522338 	 0.28477053640 
0.20092330026 	 59.71202176930 	 0.28997104559 
0.20092330026 	 61.87365786196 	 0.29524537850 
0.20092330026 	 64.11354738598 	 0.30059548388 
0.20092330026 	 66.43452319540 	 0.30602218769 
0.20092330026 	 68.83952069645 	 0.31152636891 
0.20092330026 	 71.33158156008 	 0.31710833750 
0.20092330026 	 73.91385756879 	 0.32276927870 
0.20092330026 	 76.58961460288 	 0.32850648628 
0.20092330026 	 79.36223677079 	 0.33432372228 
0.20092330026 	 82.23523068918 	 0.34022002814 
0.20092330026 	 85.21222991780 	 0.34619567659 
0.20092330026 	 88.29699955494 	 0.35225181947 
0.20092330026 	 91.49344099933 	 0.35838813706 
0.20092330026 	 94.80559688429 	 0.36460149331 
0.20092330026 	 98.23765619059 	 0.37089970872 
0.20092330026 	 101.79395954438 	 0.37727595070 
0.20092330026 	 105.47900470692 	 0.38373551461 
0.20092330026 	 109.29745226298 	 0.39027047030 
0.20092330026 	 113.25413151528 	 0.39688657270 
0.20092330026 	 117.35404659222 	 0.40358475768 
0.20092330026 	 121.60238277674 	 0.41036540554 
0.20092330026 	 126.00451306433 	 0.41721424280 
0.20092330026 	 130.56600495838 	 0.42415018904 
0.20092330026 	 135.29262751160 	 0.43116003631 
0.20092330026 	 140.19035862226 	 0.43824981829 
0.20092330026 	 145.26539259468 	 0.44541295693 
0.20092330026 	 150.52414797329 	 0.45265366957 
0.20092330026 	 155.97327566040 	 0.45996889909 
0.20092330026 	 161.61966732774 	 0.46735694981 
0.20092330026 	 167.47046413260 	 0.47481755761 
0.20092330026 	 173.53306574945 	 0.48234894697 
0.20092330026 	 179.81513972851 	 0.48994907096 
0.20092330026 	 186.32463119316 	 0.49761647083 
0.20092330026 	 193.06977288832 	 0.50535012549 
0.20092330026 	 200.05909559272 	 0.51314822682 
0.20092330026 	 207.30143890792 	 0.52100771951 
0.20092330026 	 214.80596243813 	 0.52892648975 
0.20092330026 	 222.58215737454 	 0.53690378779 
0.20092330026 	 230.63985849915 	 0.54493565161 
0.20092330026 	 238.98925662311 	 0.55302001149 
0.20092330026 	 247.64091147530 	 0.56115428690 
0.20092330026 	 256.60576505760 	 0.56933660636 
0.20092330026 	 265.89515548347 	 0.57756103746 
0.20092330026 	 275.52083131769 	 0.58582601653 
0.20092330026 	 285.49496643503 	 0.59412803478 
0.20092330026 	 295.83017541695 	 0.60246354725 
0.20092330026 	 306.53952950565 	 0.61082901010 
0.20092330026 	 317.63657313561 	 0.61922021218 
0.20092330026 	 329.13534106365 	 0.62763293951 
0.20092330026 	 341.05037611911 	 0.63606265137 
0.20092330026 	 353.39674759658 	 0.64450584780 
0.20092330026 	 366.19007031450 	 0.65295743800 
0.20092330026 	 379.44652436364 	 0.66141234046 
0.20092330026 	 393.18287557058 	 0.66986622012 
0.20092330026 	 407.41649670190 	 0.67831367895 
0.20092330026 	 422.16538943608 	 0.68674947908 
0.20092330026 	 437.44820713071 	 0.69516840383 
0.20092330026 	 453.28427841392 	 0.70356494406 
0.20092330026 	 469.69363162995 	 0.71193370074 
0.20092330026 	 486.69702016948 	 0.72026891210 
0.20092330026 	 504.31594871714 	 0.72856540484 
0.20092330026 	 522.57270044903 	 0.73681595154 
0.20092330026 	 541.49036521501 	 0.74501386064 
0.20092330026 	 561.09286874100 	 0.75315465278 
0.20092330026 	 581.40500288865 	 0.76123292652 
0.20092330026 	 602.45245701027 	 0.76924106451 
0.20092330026 	 624.26185043890 	 0.77717280739 
0.20092330026 	 646.86076615463 	 0.78502274075 
0.20092330026 	 670.27778566954 	 0.79278448091 
0.20092330026 	 694.54252517561 	 0.80045179634 
0.20092330026 	 719.68567300115 	 0.80801866542 
0.20092330026 	 745.73902842330 	 0.81547775695 
0.20092330026 	 772.73554188543 	 0.82282629431 
0.20092330026 	 800.70935667059 	 0.83005427802 
0.20092330026 	 829.69585208349 	 0.83715850750 
0.20092330026 	 859.73168819576 	 0.84413320680 
0.20092330026 	 890.85485221102 	 0.85097281026 
0.20092330026 	 923.10470650840 	 0.85767220560 
0.20092330026 	 956.52203842531 	 0.86422621371 
0.20092330026 	 991.14911184236 	 0.87062982544 
0.20092330026 	 1027.02972063577 	 0.87687891287 
0.20092330026 	 1064.20924406472 	 0.88296922262 
0.20092330026 	 1102.73470416390 	 0.88889588797 
0.20092330026 	 1142.65482521357 	 0.89465718395 
0.20092330026 	 1184.02009536266 	 0.90024875025 
0.20092330026 	 1226.88283048257 	 0.90566799650 
0.20092330026 	 1271.29724033264 	 0.91091226744 
0.20092330026 	 1317.31949712075 	 0.91597952691 
0.20092330026 	 1365.00780654601 	 0.92086796143 
0.20092330026 	 1414.42248141323 	 0.92557637965 
0.20092330026 	 1465.62601791225 	 0.93010328306 
0.20092330026 	 1518.68317465873 	 0.93444904792 
0.20092330026 	 1573.66105459626 	 0.93861342865 
0.20092330026 	 1630.62918986345 	 0.94259670514 
0.20092330026 	 1689.65962973324 	 0.94639952926 
0.20092330026 	 1750.82703173573 	 0.95002329691 
0.20092330026 	 1814.20875607977 	 0.95346971241 
0.20092330026 	 1879.88496349267 	 0.95674082292 
0.20092330026 	 1947.93871660183 	 0.95983912286 
0.20092330026 	 2018.45608498650 	 0.96276740681 
0.20092330026 	 2091.52625403246 	 0.96552891551 
0.20092330026 	 2167.24163772744 	 0.96812722324 
0.20092330026 	 2245.69799553977 	 0.97056623532 
0.20092330026 	 2326.99455352823 	 0.97285042447 
0.20092330026 	 2411.23412983612 	 0.97498413257 
0.20092330026 	 2498.52326472839 	 0.97697197340 
0.20092330026 	 2588.97235533627 	 0.97881942921 
0.20092330026 	 2682.69579527972 	 0.98053119599 
0.20092330026 	 2779.81211934445 	 0.98211284469 
0.20092330026 	 2880.44415339630 	 0.98356996127 
0.20092330026 	 2984.71916972271 	 0.98490824563 
0.20092330026 	 3092.76904799777 	 0.98613361479 
0.20092330026 	 3204.73044207429 	 0.98725144506 
0.20092330026 	 3320.74495281390 	 0.98826777054 
0.20092330026 	 3440.95930717388 	 0.98918841324 
0.20092330026 	 3565.52554377701 	 0.99001916535 
0.20092330026 	 3694.60120519930 	 0.99076564100 
0.20092330026 	 3828.34953721869 	 0.99143373809 
0.20092330026 	 3966.93969527677 	 0.99202874635 
0.20092330026 	 4110.54695841470 	 0.99255599219 
0.20092330026 	 4259.35295095366 	 0.99302082146 
0.20092330026 	 4413.54587220053 	 0.99342828380 
0.20092330026 	 4573.32073446906 	 0.99378319617 
0.20092330026 	 4738.87960971766 	 0.99409031015 
0.20092330026 	 4910.43188511573 	 0.99435397682 
0.20092330026 	 5088.19452786179 	 0.99457841853 
0.20092330026 	 5272.39235958825 	 0.99476766463 
0.20092330026 	 5463.25834069991 	 0.99492601062 
0.20092330026 	 5661.03386500583 	 0.99505580425 
0.20092330026 	 5865.96906501720 	 0.99516091198 
0.20092330026 	 6078.32312829723 	 0.99524423332 
0.20092330026 	 6298.36462526327 	 0.99530868748 
0.20092330026 	 6526.37184885573 	 0.99535690557 
0.20092330026 	 6762.63316650331 	 0.99539113542 
0.20092330026 	 7007.44738482975 	 0.99541350439 
0.20092330026 	 7261.12412756334 	 0.99542593677 
0.20092330026 	 7523.98422712716 	 0.99543008235 
0.20092330026 	 7796.36013040524 	 0.99542753436 
0.20092330026 	 8078.59631919787 	 0.99541966243 
0.20092330026 	 8371.04974589791 	 0.99540761283 
0.20092330026 	 8674.09028493891 	 0.99539241762 
0.20092330026 	 8988.10120058618 	 0.99537497147 
0.20092330026 	 9313.47963166233 	 0.99535604939 
0.20092330026 	 9650.63709382046 	 0.99533628563 
0.20092330026 	 10000.00000000000 	 0.99531620355 
