0.93260334688 	 0.00000000000 	 0.06341495621 
0.93260334688 	 0.01000000000 	 0.06537768507 
0.93260334688 	 0.02000000000 	 0.06725614115 
0.93260334688 	 0.03000000000 	 0.06907762701 
0.93260334688 	 0.04000000000 	 0.07085146602 
0.93260334688 	 0.05000000000 	 0.07257224138 
0.93260334688 	 0.06000000000 	 0.07425417547 
0.93260334688 	 0.07000000000 	 0.07588971225 
0.93260334688 	 0.08000000000 	 0.07748158577 
0.93260334688 	 0.09000000000 	 0.07903015759 
0.93260334688 	 0.10000000000 	 0.08053260657 
0.93260334688 	 0.11000000000 	 0.08201239689 
0.93260334688 	 0.12000000000 	 0.08345946843 
0.93260334688 	 0.13000000000 	 0.08485468237 
0.93260334688 	 0.14000000000 	 0.08624604023 
0.93260334688 	 0.15000000000 	 0.08760083955 
0.93260334688 	 0.16000000000 	 0.08893630751 
0.93260334688 	 0.17000000000 	 0.09023305814 
0.93260334688 	 0.18000000000 	 0.09150070680 
0.93260334688 	 0.19000000000 	 0.09275220452 
0.93260334688 	 0.20000000000 	 0.09397135040 
0.93260334688 	 0.21000000000 	 0.09517439948 
0.93260334688 	 0.22000000000 	 0.09635540544 
0.93260334688 	 0.23000000000 	 0.09751609137 
0.93260334688 	 0.24000000000 	 0.09865238915 
0.93260334688 	 0.25000000000 	 0.09977153630 
0.93260334688 	 0.26000000000 	 0.10087341020 
0.93260334688 	 0.27000000000 	 0.10195653723 
0.93260334688 	 0.28000000000 	 0.10301707881 
0.93260334688 	 0.29000000000 	 0.10406896663 
0.93260334688 	 0.30000000000 	 0.10509802365 
0.93260334688 	 0.31000000000 	 0.10611312704 
0.93260334688 	 0.32000000000 	 0.10711398271 
0.93260334688 	 0.33000000000 	 0.10809967041 
0.93260334688 	 0.34000000000 	 0.10907109447 
0.93260334688 	 0.35000000000 	 0.11002828582 
0.93260334688 	 0.36000000000 	 0.11096913541 
0.93260334688 	 0.37000000000 	 0.11189629127 
0.93260334688 	 0.38000000000 	 0.11281187414 
0.93260334688 	 0.39000000000 	 0.11371372653 
0.93260334688 	 0.40000000000 	 0.11460527892 
0.93260334688 	 0.41000000000 	 0.11548416990 
0.93260334688 	 0.42000000000 	 0.11632598539 
0.93260334688 	 0.43000000000 	 0.11718419170 
0.93260334688 	 0.44000000000 	 0.11804979685 
0.93260334688 	 0.45000000000 	 0.11888780865 
0.93260334688 	 0.46000000000 	 0.11971984564 
0.93260334688 	 0.47000000000 	 0.12053594619 
0.93260334688 	 0.48000000000 	 0.12133351543 
0.93260334688 	 0.49000000000 	 0.12213185446 
0.93260334688 	 0.50000000000 	 0.12290611218 
0.93260334688 	 0.51000000000 	 0.12368265082 
0.93260334688 	 0.52000000000 	 0.12446126385 
0.93260334688 	 0.53000000000 	 0.12522020759 
0.93260334688 	 0.54000000000 	 0.12596855906 
0.93260334688 	 0.55000000000 	 0.12670960820 
0.93260334688 	 0.56000000000 	 0.12744398271 
0.93260334688 	 0.57000000000 	 0.12817041169 
0.93260334688 	 0.58000000000 	 0.12888942957 
0.93260334688 	 0.59000000000 	 0.12959569718 
0.93260334688 	 0.60000000000 	 0.13029266229 
0.93260334688 	 0.61000000000 	 0.13098624713 
0.93260334688 	 0.62000000000 	 0.13168005933 
0.93260334688 	 0.63000000000 	 0.13235751853 
0.93260334688 	 0.64000000000 	 0.13303085223 
0.93260334688 	 0.65000000000 	 0.13369519517 
0.93260334688 	 0.66000000000 	 0.13435616373 
0.93260334688 	 0.67000000000 	 0.13501044752 
0.93260334688 	 0.68000000000 	 0.13563363413 
0.93260334688 	 0.69000000000 	 0.13629870579 
0.93260334688 	 0.70000000000 	 0.13693971129 
0.93260334688 	 0.71000000000 	 0.13757102956 
0.93260334688 	 0.72000000000 	 0.13819388905 
0.93260334688 	 0.73000000000 	 0.13881160223 
0.93260334688 	 0.74000000000 	 0.13942270328 
0.93260334688 	 0.75000000000 	 0.14003061022 
0.93260334688 	 0.76000000000 	 0.14063078150 
0.93260334688 	 0.77000000000 	 0.14122726672 
0.93260334688 	 0.78000000000 	 0.14181860199 
0.93260334688 	 0.79000000000 	 0.14240345872 
0.93260334688 	 0.80000000000 	 0.14298362804 
0.93260334688 	 0.81000000000 	 0.14355884400 
0.93260334688 	 0.82000000000 	 0.14412963826 
0.93260334688 	 0.83000000000 	 0.14469548484 
0.93260334688 	 0.84000000000 	 0.14525643112 
0.93260334688 	 0.85000000000 	 0.14581498069 
0.93260334688 	 0.86000000000 	 0.14636344906 
0.93260334688 	 0.87000000000 	 0.14691196996 
0.93260334688 	 0.88000000000 	 0.14745435869 
0.93260334688 	 0.89000000000 	 0.14798996348 
0.93260334688 	 0.90000000000 	 0.14853189327 
0.93260334688 	 0.91000000000 	 0.14906098384 
0.93260334688 	 0.92000000000 	 0.14959590820 
0.93260334688 	 0.93000000000 	 0.15011224297 
0.93260334688 	 0.94000000000 	 0.15061908809 
0.93260334688 	 0.95000000000 	 0.15114839890 
0.93260334688 	 0.96000000000 	 0.15165887245 
0.93260334688 	 0.97000000000 	 0.15216513017 
0.93260334688 	 0.98000000000 	 0.15266833346 
0.93260334688 	 0.99000000000 	 0.15317215783 
0.93260334688 	 1.00000000000 	 0.15366411899 
0.93260334688 	 1.03620101997 	 0.15543796813 
0.93260334688 	 1.07371255379 	 0.15722521238 
0.93260334688 	 1.11258204340 	 0.15903704345 
0.93260334688 	 1.15285864817 	 0.16087166619 
0.93260334688 	 1.19459330712 	 0.16271743847 
0.93260334688 	 1.23783880329 	 0.16457630156 
0.93260334688 	 1.28264983053 	 0.16645684309 
0.93260334688 	 1.32908306266 	 0.16836497489 
0.93260334688 	 1.37719722516 	 0.17028392893 
0.93260334688 	 1.42705316941 	 0.17223363028 
0.93260334688 	 1.47871394970 	 0.17419988615 
0.93260334688 	 1.53224490292 	 0.17619972648 
0.93260334688 	 1.58771373126 	 0.17820889992 
0.93260334688 	 1.64519058775 	 0.18023521409 
0.93260334688 	 1.70474816508 	 0.18229091228 
0.93260334688 	 1.76646178745 	 0.18436924742 
0.93260334688 	 1.83040950590 	 0.18648696159 
0.93260334688 	 1.89667219698 	 0.18860933684 
0.93260334688 	 1.96533366506 	 0.19076998728 
0.93260334688 	 2.03648074833 	 0.19294831821 
0.93260334688 	 2.11020342857 	 0.19515746153 
0.93260334688 	 2.18659494503 	 0.19739102628 
0.93260334688 	 2.26575191231 	 0.19965646910 
0.93260334688 	 2.34777444254 	 0.20194695822 
0.93260334688 	 2.43276627202 	 0.20426921810 
0.93260334688 	 2.52083489243 	 0.20662083816 
0.93260334688 	 2.61209168671 	 0.20900404509 
0.93260334688 	 2.70665207003 	 0.21140975100 
0.93260334688 	 2.80463563568 	 0.21387260460 
0.93260334688 	 2.90616630634 	 0.21635130668 
0.93260334688 	 3.01137249084 	 0.21886920389 
0.93260334688 	 3.12038724653 	 0.22142485628 
0.93260334688 	 3.23334844756 	 0.22401406126 
0.93260334688 	 3.35039895929 	 0.22663724523 
0.93260334688 	 3.47168681893 	 0.22929965954 
0.93260334688 	 3.59736542280 	 0.23198763797 
0.93260334688 	 3.72759372031 	 0.23473054436 
0.93260334688 	 3.86253641503 	 0.23752562144 
0.93260334688 	 4.00236417294 	 0.24034993879 
0.93260334688 	 4.14725383830 	 0.24321253519 
0.93260334688 	 4.29738865733 	 0.24610892410 
0.93260334688 	 4.45295850994 	 0.24906066162 
0.93260334688 	 4.61416014990 	 0.25205748567 
0.93260334688 	 4.78119745364 	 0.25511422502 
0.93260334688 	 4.95428167815 	 0.25818609106 
0.93260334688 	 5.13363172813 	 0.26133310970 
0.93260334688 	 5.31947443285 	 0.26450278083 
0.93260334688 	 5.51204483304 	 0.26773512499 
0.93260334688 	 5.71158647813 	 0.27102978830 
0.93260334688 	 5.91835173430 	 0.27434776923 
0.93260334688 	 6.13260210363 	 0.27772898310 
0.93260334688 	 6.35460855487 	 0.28116322871 
0.93260334688 	 6.58465186608 	 0.28466153658 
0.93260334688 	 6.82302297979 	 0.28819148547 
0.93260334688 	 7.07002337096 	 0.29178750910 
0.93260334688 	 7.32596542822 	 0.29543714711 
0.93260334688 	 7.59117284900 	 0.29913988931 
0.93260334688 	 7.86598104892 	 0.30290440959 
0.93260334688 	 8.15073758597 	 0.30673760757 
0.93260334688 	 8.44580260011 	 0.31061699139 
0.93260334688 	 8.75154926872 	 0.31454574055 
0.93260334688 	 9.06836427859 	 0.31855557777 
0.93260334688 	 9.39664831495 	 0.32260561613 
0.93260334688 	 9.73681656828 	 0.32672742561 
0.93260334688 	 10.08929925933 	 0.33091298033 
0.93260334688 	 10.45454218333 	 0.33516088801 
0.93260334688 	 10.83300727371 	 0.33947726032 
0.93260334688 	 11.22517318638 	 0.34385337122 
0.93260334688 	 11.63153590510 	 0.34829555505 
0.93260334688 	 12.05260936871 	 0.35280113109 
0.93260334688 	 12.48892612118 	 0.35736633927 
0.93260334688 	 12.94103798513 	 0.36200940876 
0.93260334688 	 13.40951675969 	 0.36671908672 
0.93260334688 	 13.89495494373 	 0.37149652887 
0.93260334688 	 14.39796648516 	 0.37634274542 
0.93260334688 	 14.91918755746 	 0.38125840553 
0.93260334688 	 15.45927736419 	 0.38624415993 
0.93260334688 	 16.01891897281 	 0.39130176334 
0.93260334688 	 16.59882017849 	 0.39642852705 
0.93260334688 	 17.19971439928 	 0.40162677221 
0.93260334688 	 17.82236160377 	 0.40689668831 
0.93260334688 	 18.46754927215 	 0.41223863041 
0.93260334688 	 19.13609339219 	 0.41765252431 
0.93260334688 	 19.82883949127 	 0.42313877740 
0.93260334688 	 20.54666370572 	 0.42869752881 
0.93260334688 	 21.29047388890 	 0.43432837302 
0.93260334688 	 22.06121075937 	 0.44003211403 
0.93260334688 	 22.85984909069 	 0.44580964888 
0.93260334688 	 23.68739894419 	 0.45165835253 
0.93260334688 	 24.54490694646 	 0.45758025112 
0.93260334688 	 25.43345761305 	 0.46357422261 
0.93260334688 	 26.35417472006 	 0.46964025110 
0.93260334688 	 27.30822272546 	 0.47577703519 
0.93260334688 	 28.29680824175 	 0.48198552161 
0.93260334688 	 29.32118156207 	 0.48826523523 
0.93260334688 	 30.38263824141 	 0.49461418450 
0.93260334688 	 31.48252073520 	 0.50103332672 
0.93260334688 	 32.62222009712 	 0.50752029177 
0.93260334688 	 33.80317773840 	 0.51407503744 
0.93260334688 	 35.02688725083 	 0.52069461174 
0.93260334688 	 36.29489629577 	 0.52738285625 
0.93260334688 	 37.60880856147 	 0.53413415439 
0.93260334688 	 38.97028579134 	 0.54094730320 
0.93260334688 	 40.38104988560 	 0.54782455427 
0.93260334688 	 41.84288507902 	 0.55476050988 
0.93260334688 	 43.35764019746 	 0.56175154690 
0.93260334688 	 44.92723099621 	 0.56880243177 
0.93260334688 	 46.55364258280 	 0.57590843197 
0.93260334688 	 48.23893192773 	 0.58306785214 
0.93260334688 	 49.98523046589 	 0.59027569640 
0.93260334688 	 51.79474679231 	 0.59753208690 
0.93260334688 	 53.66976945540 	 0.60483454435 
0.93260334688 	 55.61266985137 	 0.61218000662 
0.93260334688 	 57.62590522338 	 0.61956501460 
0.93260334688 	 59.71202176930 	 0.62698804702 
0.93260334688 	 61.87365786196 	 0.63444435235 
0.93260334688 	 64.11354738598 	 0.64193162219 
0.93260334688 	 66.43452319540 	 0.64944672877 
0.93260334688 	 68.83952069645 	 0.65698708622 
0.93260334688 	 71.33158156008 	 0.66454591333 
0.93260334688 	 73.91385756879 	 0.67212162881 
0.93260334688 	 76.58961460288 	 0.67971019053 
0.93260334688 	 79.36223677079 	 0.68730738649 
0.93260334688 	 82.23523068918 	 0.69490822834 
0.93260334688 	 85.21222991780 	 0.70250932484 
0.93260334688 	 88.29699955494 	 0.71010488682 
0.93260334688 	 91.49344099933 	 0.71769087010 
0.93260334688 	 94.80559688429 	 0.72526252124 
0.93260334688 	 98.23765619059 	 0.73281479490 
0.93260334688 	 101.79395954438 	 0.74034304647 
0.93260334688 	 105.47900470692 	 0.74784177792 
0.93260334688 	 109.29745226298 	 0.75530547518 
0.93260334688 	 113.25413151528 	 0.76272946734 
0.93260334688 	 117.35404659222 	 0.77010730758 
0.93260334688 	 121.60238277674 	 0.77743458495 
0.93260334688 	 126.00451306433 	 0.78470447453 
0.93260334688 	 130.56600495838 	 0.79191279952 
0.93260334688 	 135.29262751160 	 0.79905354695 
0.93260334688 	 140.19035862226 	 0.80611980720 
0.93260334688 	 145.26539259468 	 0.81310803221 
0.93260334688 	 150.52414797329 	 0.82001186514 
0.93260334688 	 155.97327566040 	 0.82682565845 
0.93260334688 	 161.61966732774 	 0.83354407113 
0.93260334688 	 167.47046413260 	 0.84016061443 
0.93260334688 	 173.53306574945 	 0.84667074183 
0.93260334688 	 179.81513972851 	 0.85306956941 
0.93260334688 	 186.32463119316 	 0.85935184980 
0.93260334688 	 193.06977288832 	 0.86551333630 
0.93260334688 	 200.05909559272 	 0.87154853870 
0.93260334688 	 207.30143890792 	 0.87745242451 
0.93260334688 	 214.80596243813 	 0.88322159938 
0.93260334688 	 222.58215737454 	 0.88885138862 
0.93260334688 	 230.63985849915 	 0.89433813768 
0.93260334688 	 238.98925662311 	 0.89967841576 
0.93260334688 	 247.64091147530 	 0.90486897572 
0.93260334688 	 256.60576505760 	 0.90990702766 
0.93260334688 	 265.89515548347 	 0.91478979430 
0.93260334688 	 275.52083131769 	 0.91951468463 
0.93260334688 	 285.49496643503 	 0.92407992235 
0.93260334688 	 295.83017541695 	 0.92848391522 
0.93260334688 	 306.53952950565 	 0.93272564557 
0.93260334688 	 317.63657313561 	 0.93680373808 
0.93260334688 	 329.13534106365 	 0.94071830279 
0.93260334688 	 341.05037611911 	 0.94446920883 
0.93260334688 	 353.39674759658 	 0.94805662282 
0.93260334688 	 366.19007031450 	 0.95148118104 
0.93260334688 	 379.44652436364 	 0.95474408553 
0.93260334688 	 393.18287557058 	 0.95784686633 
0.93260334688 	 407.41649670190 	 0.96079135644 
0.93260334688 	 422.16538943608 	 0.96357977878 
0.93260334688 	 437.44820713071 	 0.96621466351 
0.93260334688 	 453.28427841392 	 0.96869891181 
0.93260334688 	 469.69363162995 	 0.97103578003 
0.93260334688 	 486.69702016948 	 0.97322877655 
0.93260334688 	 504.31594871714 	 0.97528187656 
0.93260334688 	 522.57270044903 	 0.97719908374 
0.93260334688 	 541.49036521501 	 0.97898458744 
0.93260334688 	 561.09286874100 	 0.98064323257 
0.93260334688 	 581.40500288865 	 0.98217935153 
0.93260334688 	 602.45245701027 	 0.98359799243 
0.93260334688 	 624.26185043890 	 0.98490417370 
0.93260334688 	 646.86076615463 	 0.98610320986 
0.93260334688 	 670.27778566954 	 0.98720012104 
0.93260334688 	 694.54252517561 	 0.98820009466 
0.93260334688 	 719.68567300115 	 0.98910850030 
0.93260334688 	 745.73902842330 	 0.98993058404 
0.93260334688 	 772.73554188543 	 0.99067159121 
0.93260334688 	 800.70935667059 	 0.99133679894 
0.93260334688 	 829.69585208349 	 0.99193121167 
0.93260334688 	 859.73168819576 	 0.99245985618 
0.93260334688 	 890.85485221102 	 0.99292756446 
0.93260334688 	 923.10470650840 	 0.99333911625 
0.93260334688 	 956.52203842531 	 0.99369911472 
0.93260334688 	 991.14911184236 	 0.99401191846 
0.93260334688 	 1027.02972063577 	 0.99428180528 
0.93260334688 	 1064.20924406472 	 0.99451276268 
0.93260334688 	 1102.73470416390 	 0.99470859457 
0.93260334688 	 1142.65482521357 	 0.99487348161 
0.93260334688 	 1184.02009536266 	 0.99500971328 
0.93260334688 	 1226.88283048257 	 0.99512100579 
0.93260334688 	 1271.29724033264 	 0.99521032357 
0.93260334688 	 1317.31949712075 	 0.99528033821 
0.93260334688 	 1365.00780654601 	 0.99533359936 
0.93260334688 	 1414.42248141323 	 0.99537251882 
0.93260334688 	 1465.62601791225 	 0.99539912035 
0.93260334688 	 1518.68317465873 	 0.99541531827 
0.93260334688 	 1573.66105459626 	 0.99542284815 
0.93260334688 	 1630.62918986345 	 0.99542321119 
0.93260334688 	 1689.65962973324 	 0.99541779986 
0.93260334688 	 1750.82703173573 	 0.99540785745 
0.93260334688 	 1814.20875607977 	 0.99539440615 
0.93260334688 	 1879.88496349267 	 0.99537836785 
0.93260334688 	 1947.93871660183 	 0.99536053360 
0.93260334688 	 2018.45608498650 	 0.99534159759 
0.93260334688 	 2091.52625403246 	 0.99532211639 
0.93260334688 	 2167.24163772744 	 0.99530254577 
0.93260334688 	 2245.69799553977 	 0.99528328584 
0.93260334688 	 2326.99455352823 	 0.99526464612 
0.93260334688 	 2411.23412983612 	 0.99524685142 
0.93260334688 	 2498.52326472839 	 0.99523011023 
0.93260334688 	 2588.97235533627 	 0.99521454309 
0.93260334688 	 2682.69579527972 	 0.99520021297 
0.93260334688 	 2779.81211934445 	 0.99518721928 
0.93260334688 	 2880.44415339630 	 0.99517550028 
0.93260334688 	 2984.71916972271 	 0.99516510289 
0.93260334688 	 3092.76904799777 	 0.99515598746 
0.93260334688 	 3204.73044207429 	 0.99514807565 
0.93260334688 	 3320.74495281390 	 0.99514137954 
0.93260334688 	 3440.95930717388 	 0.99513575786 
0.93260334688 	 3565.52554377701 	 0.99513118070 
0.93260334688 	 3694.60120519930 	 0.99512753527 
0.93260334688 	 3828.34953721869 	 0.99512476483 
0.93260334688 	 3966.93969527677 	 0.99512274807 
0.93260334688 	 4110.54695841470 	 0.99512143385 
0.93260334688 	 4259.35295095366 	 0.99512074271 
0.93260334688 	 4413.54587220053 	 0.99512058549 
0.93260334688 	 4573.32073446906 	 0.99512091118 
0.93260334688 	 4738.87960971766 	 0.99512163816 
0.93260334688 	 4910.43188511573 	 0.99512270369 
0.93260334688 	 5088.19452786179 	 0.99512405447 
0.93260334688 	 5272.39235958825 	 0.99512563411 
0.93260334688 	 5463.25834069991 	 0.99512738789 
0.93260334688 	 5661.03386500583 	 0.99512928399 
0.93260334688 	 5865.96906501720 	 0.99513127613 
0.93260334688 	 6078.32312829723 	 0.99513333710 
0.93260334688 	 6298.36462526327 	 0.99513543110 
0.93260334688 	 6526.37184885573 	 0.99513753427 
0.93260334688 	 6762.63316650331 	 0.99513962314 
0.93260334688 	 7007.44738482975 	 0.99514167741 
0.93260334688 	 7261.12412756334 	 0.99514368276 
0.93260334688 	 7523.98422712716 	 0.99514562599 
0.93260334688 	 7796.36013040524 	 0.99514749675 
0.93260334688 	 8078.59631919787 	 0.99514928710 
0.93260334688 	 8371.04974589791 	 0.99515099052 
0.93260334688 	 8674.09028493891 	 0.99515260351 
0.93260334688 	 8988.10120058618 	 0.99515412301 
0.93260334688 	 9313.47963166233 	 0.99515554661 
0.93260334688 	 9650.63709382046 	 0.99515687492 
0.93260334688 	 10000.00000000000 	 0.99515810867 
