0.00174752840 	 0.00000000000 	 0.00000137251 
0.00174752840 	 0.01000000000 	 0.00000137432 
0.00174752840 	 0.02000000000 	 0.00000137613 
0.00174752840 	 0.03000000000 	 0.00000137795 
0.00174752840 	 0.04000000000 	 0.00000137977 
0.00174752840 	 0.05000000000 	 0.00000138159 
0.00174752840 	 0.06000000000 	 0.00000138342 
0.00174752840 	 0.07000000000 	 0.00000138524 
0.00174752840 	 0.08000000000 	 0.00000138706 
0.00174752840 	 0.09000000000 	 0.00000138889 
0.00174752840 	 0.10000000000 	 0.00000139072 
0.00174752840 	 0.11000000000 	 0.00000139255 
0.00174752840 	 0.12000000000 	 0.00000139438 
0.00174752840 	 0.13000000000 	 0.00000139622 
0.00174752840 	 0.14000000000 	 0.00000139806 
0.00174752840 	 0.15000000000 	 0.00000139990 
0.00174752840 	 0.16000000000 	 0.00000140174 
0.00174752840 	 0.17000000000 	 0.00000140358 
0.00174752840 	 0.18000000000 	 0.00000140543 
0.00174752840 	 0.19000000000 	 0.00000140728 
0.00174752840 	 0.20000000000 	 0.00000140913 
0.00174752840 	 0.21000000000 	 0.00000141098 
0.00174752840 	 0.22000000000 	 0.00000141284 
0.00174752840 	 0.23000000000 	 0.00000141470 
0.00174752840 	 0.24000000000 	 0.00000141656 
0.00174752840 	 0.25000000000 	 0.00000141842 
0.00174752840 	 0.26000000000 	 0.00000142028 
0.00174752840 	 0.27000000000 	 0.00000142214 
0.00174752840 	 0.28000000000 	 0.00000142401 
0.00174752840 	 0.29000000000 	 0.00000142588 
0.00174752840 	 0.30000000000 	 0.00000142775 
0.00174752840 	 0.31000000000 	 0.00000142962 
0.00174752840 	 0.32000000000 	 0.00000143150 
0.00174752840 	 0.33000000000 	 0.00000143337 
0.00174752840 	 0.34000000000 	 0.00000143525 
0.00174752840 	 0.35000000000 	 0.00000143714 
0.00174752840 	 0.36000000000 	 0.00000143902 
0.00174752840 	 0.37000000000 	 0.00000144090 
0.00174752840 	 0.38000000000 	 0.00000144279 
0.00174752840 	 0.39000000000 	 0.00000144468 
0.00174752840 	 0.40000000000 	 0.00000144657 
0.00174752840 	 0.41000000000 	 0.00000144846 
0.00174752840 	 0.42000000000 	 0.00000145036 
0.00174752840 	 0.43000000000 	 0.00000145225 
0.00174752840 	 0.44000000000 	 0.00000145415 
0.00174752840 	 0.45000000000 	 0.00000145605 
0.00174752840 	 0.46000000000 	 0.00000145795 
0.00174752840 	 0.47000000000 	 0.00000145986 
0.00174752840 	 0.48000000000 	 0.00000146177 
0.00174752840 	 0.49000000000 	 0.00000146367 
0.00174752840 	 0.50000000000 	 0.00000146559 
0.00174752840 	 0.51000000000 	 0.00000146750 
0.00174752840 	 0.52000000000 	 0.00000146941 
0.00174752840 	 0.53000000000 	 0.00000147133 
0.00174752840 	 0.54000000000 	 0.00000147325 
0.00174752840 	 0.55000000000 	 0.00000147517 
0.00174752840 	 0.56000000000 	 0.00000147709 
0.00174752840 	 0.57000000000 	 0.00000147901 
0.00174752840 	 0.58000000000 	 0.00000148094 
0.00174752840 	 0.59000000000 	 0.00000148286 
0.00174752840 	 0.60000000000 	 0.00000148479 
0.00174752840 	 0.61000000000 	 0.00000148673 
0.00174752840 	 0.62000000000 	 0.00000148866 
0.00174752840 	 0.63000000000 	 0.00000149059 
0.00174752840 	 0.64000000000 	 0.00000149253 
0.00174752840 	 0.65000000000 	 0.00000149447 
0.00174752840 	 0.66000000000 	 0.00000149641 
0.00174752840 	 0.67000000000 	 0.00000149835 
0.00174752840 	 0.68000000000 	 0.00000150030 
0.00174752840 	 0.69000000000 	 0.00000150224 
0.00174752840 	 0.70000000000 	 0.00000150419 
0.00174752840 	 0.71000000000 	 0.00000150614 
0.00174752840 	 0.72000000000 	 0.00000150809 
0.00174752840 	 0.73000000000 	 0.00000151004 
0.00174752840 	 0.74000000000 	 0.00000151200 
0.00174752840 	 0.75000000000 	 0.00000151396 
0.00174752840 	 0.76000000000 	 0.00000151593 
0.00174752840 	 0.77000000000 	 0.00000151790 
0.00174752840 	 0.78000000000 	 0.00000151987 
0.00174752840 	 0.79000000000 	 0.00000152184 
0.00174752840 	 0.80000000000 	 0.00000152381 
0.00174752840 	 0.81000000000 	 0.00000152579 
0.00174752840 	 0.82000000000 	 0.00000152776 
0.00174752840 	 0.83000000000 	 0.00000152974 
0.00174752840 	 0.84000000000 	 0.00000153173 
0.00174752840 	 0.85000000000 	 0.00000152824 
0.00174752840 	 0.86000000000 	 0.00000153044 
0.00174752840 	 0.87000000000 	 0.00000153265 
0.00174752840 	 0.88000000000 	 0.00000153485 
0.00174752840 	 0.89000000000 	 0.00000153706 
0.00174752840 	 0.90000000000 	 0.00000153927 
0.00174752840 	 0.91000000000 	 0.00000154148 
0.00174752840 	 0.92000000000 	 0.00000154369 
0.00174752840 	 0.93000000000 	 0.00000154590 
0.00174752840 	 0.94000000000 	 0.00000154811 
0.00174752840 	 0.95000000000 	 0.00000155031 
0.00174752840 	 0.96000000000 	 0.00000155252 
0.00174752840 	 0.97000000000 	 0.00000155473 
0.00174752840 	 0.98000000000 	 0.00000155694 
0.00174752840 	 0.99000000000 	 0.00000155915 
0.00174752840 	 1.00000000000 	 0.00000156136 
0.00174752840 	 1.03620101997 	 0.00000156938 
0.00174752840 	 1.07371255379 	 0.00000158696 
0.00174752840 	 1.11258204340 	 0.00000159498 
0.00174752840 	 1.15285864817 	 0.00000160332 
0.00174752840 	 1.19459330712 	 0.00000161200 
0.00174752840 	 1.23783880329 	 0.00000162104 
0.00174752840 	 1.28264983053 	 0.00000163045 
0.00174752840 	 1.32908306266 	 0.00000164023 
0.00174752840 	 1.37719722516 	 0.00000165040 
0.00174752840 	 1.42705316941 	 0.00000166100 
0.00174752840 	 1.47871394970 	 0.00000167204 
0.00174752840 	 1.53224490292 	 0.00000168355 
0.00174752840 	 1.58771373126 	 0.00000169267 
0.00174752840 	 1.64519058775 	 0.00000170595 
0.00174752840 	 1.70474816508 	 0.00000171972 
0.00174752840 	 1.76646178745 	 0.00000173407 
0.00174752840 	 1.83040950590 	 0.00000174897 
0.00174752840 	 1.89667219698 	 0.00000176452 
0.00174752840 	 1.96533366506 	 0.00000178107 
0.00174752840 	 2.03648074833 	 0.00000179783 
0.00174752840 	 2.11020342857 	 0.00000181522 
0.00174752840 	 2.18659494503 	 0.00000183319 
0.00174752840 	 2.26575191231 	 0.00000185168 
0.00174752840 	 2.34777444254 	 0.00000187094 
0.00174752840 	 2.43276627202 	 0.00000189111 
0.00174752840 	 2.52083489243 	 0.00000191223 
0.00174752840 	 2.61209168671 	 0.00000193428 
0.00174752840 	 2.70665207003 	 0.00000195732 
0.00174752840 	 2.80463563568 	 0.00000198135 
0.00174752840 	 2.90616630634 	 0.00000200647 
0.00174752840 	 3.01137249084 	 0.00000203274 
0.00174752840 	 3.12038724653 	 0.00000206026 
0.00174752840 	 3.23334844756 	 0.00000208905 
0.00174752840 	 3.35039895929 	 0.00000211906 
0.00174752840 	 3.47168681893 	 0.00000214734 
0.00174752840 	 3.59736542280 	 0.00000218345 
0.00174752840 	 3.72759372031 	 0.00000222087 
0.00174752840 	 3.86253641503 	 0.00000226005 
0.00174752840 	 4.00236417294 	 0.00000230066 
0.00174752840 	 4.14725383830 	 0.00000233904 
0.00174752840 	 4.29738865733 	 0.00000238452 
0.00174752840 	 4.45295850994 	 0.00000243203 
0.00174752840 	 4.61416014990 	 0.00000248175 
0.00174752840 	 4.78119745364 	 0.00000253379 
0.00174752840 	 4.95428167815 	 0.00000258817 
0.00174752840 	 5.13363172813 	 0.00000264518 
0.00174752840 	 5.31947443285 	 0.00000270506 
0.00174752840 	 5.51204483304 	 0.00000276802 
0.00174752840 	 5.71158647813 	 0.00000283432 
0.00174752840 	 5.91835173430 	 0.00000290416 
0.00174752840 	 6.13260210363 	 0.00000297782 
0.00174752840 	 6.35460855487 	 0.00000305570 
0.00174752840 	 6.58465186608 	 0.00000313816 
0.00174752840 	 6.82302297979 	 0.00000322357 
0.00174752840 	 7.07002337096 	 0.00000332075 
0.00174752840 	 7.32596542822 	 0.00000342294 
0.00174752840 	 7.59117284900 	 0.00000353067 
0.00174752840 	 7.86598104892 	 0.00000364441 
0.00174752840 	 8.15073758597 	 0.00000376464 
0.00174752840 	 8.44580260011 	 0.00000389203 
0.00174752840 	 8.75154926872 	 0.00000402719 
0.00174752840 	 9.06836427859 	 0.00000417081 
0.00174752840 	 9.39664831495 	 0.00000432374 
0.00174752840 	 9.73681656828 	 0.00000448402 
0.00174752840 	 10.08929925933 	 0.00000465966 
0.00174752840 	 10.45454218333 	 0.00000484696 
0.00174752840 	 10.83300727371 	 0.00000504658 
0.00174752840 	 11.22517318638 	 0.00000526024 
0.00174752840 	 11.63153590510 	 0.00000548868 
0.00174752840 	 12.05260936871 	 0.00000573463 
0.00174752840 	 12.48892612118 	 0.00000600165 
0.00174752840 	 12.94103798513 	 0.00000628643 
0.00174752840 	 13.40951675969 	 0.00000659163 
0.00174752840 	 13.89495494373 	 0.00000691975 
0.00174752840 	 14.39796648516 	 0.00000727163 
0.00174752840 	 14.91918755746 	 0.00000766253 
0.00174752840 	 15.45927736419 	 0.00000807990 
0.00174752840 	 16.01891897281 	 0.00000852821 
0.00174752840 	 16.59882017849 	 0.00000901170 
0.00174752840 	 17.19971439928 	 0.00000953455 
0.00174752840 	 17.82236160377 	 0.00001011538 
0.00174752840 	 18.46754927215 	 0.00001074063 
0.00174752840 	 19.13609339219 	 0.00001141610 
0.00174752840 	 19.82883949127 	 0.00001214886 
0.00174752840 	 20.54666370572 	 0.00001294477 
0.00174752840 	 21.29047388890 	 0.00001382799 
0.00174752840 	 22.06121075937 	 0.00001478526 
0.00174752840 	 22.85984909069 	 0.00001582674 
0.00174752840 	 23.68739894419 	 0.00001696360 
0.00174752840 	 24.54490694646 	 0.00001820976 
0.00174752840 	 25.43345761305 	 0.00001958028 
0.00174752840 	 26.35417472006 	 0.00002107852 
0.00174752840 	 27.30822272546 	 0.00002272002 
0.00174752840 	 28.29680824175 	 0.00002453741 
0.00174752840 	 29.32118156207 	 0.00002652612 
0.00174752840 	 30.38263824141 	 0.00002871905 
0.00174752840 	 31.48252073520 	 0.00003114166 
0.00174752840 	 32.62222009712 	 0.00003380709 
0.00174752840 	 33.80317773840 	 0.00003675343 
0.00174752840 	 35.02688725083 	 0.00004001306 
0.00174752840 	 36.29489629577 	 0.00004359829 
0.00174752840 	 37.60880856147 	 0.00004758396 
0.00174752840 	 38.97028579134 	 0.00005201700 
0.00174752840 	 40.38104988560 	 0.00005692510 
0.00174752840 	 41.84288507902 	 0.00006235587 
0.00174752840 	 43.35764019746 	 0.00006838248 
0.00174752840 	 44.92723099621 	 0.00007509145 
0.00174752840 	 46.55364258280 	 0.00008250296 
0.00174752840 	 48.23893192773 	 0.00009081412 
0.00174752840 	 49.98523046589 	 0.00010000761 
0.00174752840 	 51.79474679231 	 0.00011026144 
0.00174752840 	 53.66976945540 	 0.00012168243 
0.00174752840 	 55.61266985137 	 0.00013436963 
0.00174752840 	 57.62590522338 	 0.00014854007 
0.00174752840 	 59.71202176930 	 0.00016427421 
0.00174752840 	 61.87365786196 	 0.00018185144 
0.00174752840 	 64.11354738598 	 0.00020138977 
0.00174752840 	 66.43452319540 	 0.00022318150 
0.00174752840 	 68.83952069645 	 0.00024743527 
0.00174752840 	 71.33158156008 	 0.00027447523 
0.00174752840 	 73.91385756879 	 0.00030456932 
0.00174752840 	 76.58961460288 	 0.00033810946 
0.00174752840 	 79.36223677079 	 0.00037542045 
0.00174752840 	 82.23523068918 	 0.00041677101 
0.00174752840 	 85.21222991780 	 0.00046301686 
0.00174752840 	 88.29699955494 	 0.00051430646 
0.00174752840 	 91.49344099933 	 0.00057119445 
0.00174752840 	 94.80559688429 	 0.00063437090 
0.00174752840 	 98.23765619059 	 0.00070449747 
0.00174752840 	 101.79395954438 	 0.00078227208 
0.00174752840 	 105.47900470692 	 0.00086834670 
0.00174752840 	 109.29745226298 	 0.00096336173 
0.00174752840 	 113.25413151528 	 0.00106849535 
0.00174752840 	 117.35404659222 	 0.00118455443 
0.00174752840 	 121.60238277674 	 0.00131233363 
0.00174752840 	 126.00451306433 	 0.00145337380 
0.00174752840 	 130.56600495838 	 0.00160837273 
0.00174752840 	 135.29262751160 	 0.00177869452 
0.00174752840 	 140.19035862226 	 0.00196548393 
0.00174752840 	 145.26539259468 	 0.00217039636 
0.00174752840 	 150.52414797329 	 0.00239444511 
0.00174752840 	 155.97327566040 	 0.00263904373 
0.00174752840 	 161.61966732774 	 0.00290593865 
0.00174752840 	 167.47046413260 	 0.00319666627 
0.00174752840 	 173.53306574945 	 0.00351264593 
0.00174752840 	 179.81513972851 	 0.00385554791 
0.00174752840 	 186.32463119316 	 0.00422733589 
0.00174752840 	 193.06977288832 	 0.00462951774 
0.00174752840 	 200.05909559272 	 0.00506379436 
0.00174752840 	 207.30143890792 	 0.00553194445 
0.00174752840 	 214.80596243813 	 0.00603629803 
0.00174752840 	 222.58215737454 	 0.00657768238 
0.00174752840 	 230.63985849915 	 0.00715830671 
0.00174752840 	 238.98925662311 	 0.00777971943 
0.00174752840 	 247.64091147530 	 0.00844357675 
0.00174752840 	 256.60576505760 	 0.00915146948 
0.00174752840 	 265.89515548347 	 0.00990500041 
0.00174752840 	 275.52083131769 	 0.01070571321 
0.00174752840 	 285.49496643503 	 0.01155462135 
0.00174752840 	 295.83017541695 	 0.01245314636 
0.00174752840 	 306.53952950565 	 0.01340236782 
0.00174752840 	 317.63657313561 	 0.01440327097 
0.00174752840 	 329.13534106365 	 0.01545692491 
0.00174752840 	 341.05037611911 	 0.01656371272 
0.00174752840 	 353.39674759658 	 0.01772453559 
0.00174752840 	 366.19007031450 	 0.01893957174 
0.00174752840 	 379.44652436364 	 0.02020896332 
0.00174752840 	 393.18287557058 	 0.02153279702 
0.00174752840 	 407.41649670190 	 0.02291130686 
0.00174752840 	 422.16538943608 	 0.02434387362 
0.00174752840 	 437.44820713071 	 0.02583032386 
0.00174752840 	 453.28427841392 	 0.02736976953 
0.00174752840 	 469.69363162995 	 0.02896161275 
0.00174752840 	 486.69702016948 	 0.03060496311 
0.00174752840 	 504.31594871714 	 0.03229888513 
0.00174752840 	 522.57270044903 	 0.03404217359 
0.00174752840 	 541.49036521501 	 0.03583370999 
0.00174752840 	 561.09286874100 	 0.03767242842 
0.00174752840 	 581.40500288865 	 0.03955606911 
0.00174752840 	 602.45245701027 	 0.04148387261 
0.00174752840 	 624.26185043890 	 0.04345394288 
0.00174752840 	 646.86076615463 	 0.04546496276 
0.00174752840 	 670.27778566954 	 0.04751616119 
0.00174752840 	 694.54252517561 	 0.04960493408 
0.00174752840 	 719.68567300115 	 0.05173039152 
0.00174752840 	 745.73902842330 	 0.05389103823 
0.00174752840 	 772.73554188543 	 0.05608590060 
0.00174752840 	 800.70935667059 	 0.05831414114 
0.00174752840 	 829.69585208349 	 0.06057394983 
0.00174752840 	 859.73168819576 	 0.06286464539 
0.00174752840 	 890.85485221102 	 0.06518707926 
0.00174752840 	 923.10470650840 	 0.06753831924 
0.00174752840 	 956.52203842531 	 0.06991887265 
0.00174752840 	 991.14911184236 	 0.07232875519 
0.00174752840 	 1027.02972063577 	 0.07476781772 
0.00174752840 	 1064.20924406472 	 0.07723562756 
0.00174752840 	 1102.73470416390 	 0.07973413046 
0.00174752840 	 1142.65482521357 	 0.08226247430 
0.00174752840 	 1184.02009536266 	 0.08482041020 
0.00174752840 	 1226.88283048257 	 0.08740890056 
0.00174752840 	 1271.29724033264 	 0.09003018495 
0.00174752840 	 1317.31949712075 	 0.09268370478 
0.00174752840 	 1365.00780654601 	 0.09537045832 
0.00174752840 	 1414.42248141323 	 0.09809240412 
0.00174752840 	 1465.62601791225 	 0.10085041690 
0.00174752840 	 1518.68317465873 	 0.10364471024 
0.00174752840 	 1573.66105459626 	 0.10647779679 
0.00174752840 	 1630.62918986345 	 0.10934940489 
0.00174752840 	 1689.65962973324 	 0.11226095748 
0.00174752840 	 1750.82703173573 	 0.11521392348 
0.00174752840 	 1814.20875607977 	 0.11821122297 
0.00174752840 	 1879.88496349267 	 0.12125092751 
0.00174752840 	 1947.93871660183 	 0.12433706862 
0.00174752840 	 2018.45608498650 	 0.12746897361 
0.00174752840 	 2091.52625403246 	 0.13064855266 
0.00174752840 	 2167.24163772744 	 0.13387640318 
0.00174752840 	 2245.69799553977 	 0.13715493986 
0.00174752840 	 2326.99455352823 	 0.14048301608 
0.00174752840 	 2411.23412983612 	 0.14386303709 
0.00174752840 	 2498.52326472839 	 0.14729492875 
0.00174752840 	 2588.97235533627 	 0.15078091706 
0.00174752840 	 2682.69579527972 	 0.15432332689 
0.00174752840 	 2779.81211934445 	 0.15792026852 
0.00174752840 	 2880.44415339630 	 0.16157555398 
0.00174752840 	 2984.71916972271 	 0.16528732837 
0.00174752840 	 3092.76904799777 	 0.16905754891 
0.00174752840 	 3204.73044207429 	 0.17288751786 
0.00174752840 	 3320.74495281390 	 0.17677794788 
0.00174752840 	 3440.95930717388 	 0.18072942873 
0.00174752840 	 3565.52554377701 	 0.18474478580 
0.00174752840 	 3694.60120519930 	 0.18882524782 
0.00174752840 	 3828.34953721869 	 0.19296786371 
0.00174752840 	 3966.93969527677 	 0.19717379574 
0.00174752840 	 4110.54695841470 	 0.20145060557 
0.00174752840 	 4259.35295095366 	 0.20579040527 
0.00174752840 	 4413.54587220053 	 0.21020104227 
0.00174752840 	 4573.32073446906 	 0.21467852098 
0.00174752840 	 4738.87960971766 	 0.21922556053 
0.00174752840 	 4910.43188511573 	 0.22384434053 
0.00174752840 	 5088.19452786179 	 0.22853483521 
0.00174752840 	 5272.39235958825 	 0.23329610082 
0.00174752840 	 5463.25834069991 	 0.23812874008 
0.00174752840 	 5661.03386500583 	 0.24303592588 
0.00174752840 	 5865.96906501720 	 0.24801836908 
0.00174752840 	 6078.32312829723 	 0.25307642867 
0.00174752840 	 6298.36462526327 	 0.25820936058 
0.00174752840 	 6526.37184885573 	 0.26342159571 
0.00174752840 	 6762.63316650331 	 0.26871058761 
0.00174752840 	 7007.44738482975 	 0.27407602386 
0.00174752840 	 7261.12412756334 	 0.27952031534 
0.00174752840 	 7523.98422712716 	 0.28504385032 
0.00174752840 	 7796.36013040524 	 0.29064712894 
0.00174752840 	 8078.59631919787 	 0.29633033828 
0.00174752840 	 8371.04974589791 	 0.30209245872 
0.00174752840 	 8674.09028493891 	 0.30793832338 
0.00174752840 	 8988.10120058618 	 0.31386815362 
0.00174752840 	 9313.47963166233 	 0.31987698065 
0.00174752840 	 9650.63709382046 	 0.32596897341 
0.00174752840 	 10000.00000000000 	 0.33214345025 
