1.00000000000 	 0.00000000000 	 0.02440789593 
1.00000000000 	 0.01000000000 	 0.02515697724 
1.00000000000 	 0.02000000000 	 0.02590668305 
1.00000000000 	 0.03000000000 	 0.02664865221 
1.00000000000 	 0.04000000000 	 0.02735148974 
1.00000000000 	 0.05000000000 	 0.02803696430 
1.00000000000 	 0.06000000000 	 0.02869980090 
1.00000000000 	 0.07000000000 	 0.02935585394 
1.00000000000 	 0.08000000000 	 0.02996762847 
1.00000000000 	 0.09000000000 	 0.03060222409 
1.00000000000 	 0.10000000000 	 0.03121263815 
1.00000000000 	 0.11000000000 	 0.03179730492 
1.00000000000 	 0.12000000000 	 0.03239865979 
1.00000000000 	 0.13000000000 	 0.03296811599 
1.00000000000 	 0.14000000000 	 0.03350547991 
1.00000000000 	 0.15000000000 	 0.03407948466 
1.00000000000 	 0.16000000000 	 0.03461510412 
1.00000000000 	 0.17000000000 	 0.03515819401 
1.00000000000 	 0.18000000000 	 0.03566949684 
1.00000000000 	 0.19000000000 	 0.03618612740 
1.00000000000 	 0.20000000000 	 0.03670149962 
1.00000000000 	 0.21000000000 	 0.03719302505 
1.00000000000 	 0.22000000000 	 0.03769451639 
1.00000000000 	 0.23000000000 	 0.03819164527 
1.00000000000 	 0.24000000000 	 0.03866711439 
1.00000000000 	 0.25000000000 	 0.03914080081 
1.00000000000 	 0.26000000000 	 0.03958368732 
1.00000000000 	 0.27000000000 	 0.04006593874 
1.00000000000 	 0.28000000000 	 0.04051126821 
1.00000000000 	 0.29000000000 	 0.04095046828 
1.00000000000 	 0.30000000000 	 0.04141186959 
1.00000000000 	 0.31000000000 	 0.04183289331 
1.00000000000 	 0.32000000000 	 0.04227653724 
1.00000000000 	 0.33000000000 	 0.04270898202 
1.00000000000 	 0.34000000000 	 0.04303608686 
1.00000000000 	 0.35000000000 	 0.04353320952 
1.00000000000 	 0.36000000000 	 0.04396165468 
1.00000000000 	 0.37000000000 	 0.04435936255 
1.00000000000 	 0.38000000000 	 0.04476938383 
1.00000000000 	 0.39000000000 	 0.04518090547 
1.00000000000 	 0.40000000000 	 0.04557431850 
1.00000000000 	 0.41000000000 	 0.04596758971 
1.00000000000 	 0.42000000000 	 0.04634696208 
1.00000000000 	 0.43000000000 	 0.04673863580 
1.00000000000 	 0.44000000000 	 0.04711759194 
1.00000000000 	 0.45000000000 	 0.04749755622 
1.00000000000 	 0.46000000000 	 0.04787514132 
1.00000000000 	 0.47000000000 	 0.04818683674 
1.00000000000 	 0.48000000000 	 0.04861267556 
1.00000000000 	 0.49000000000 	 0.04897233021 
1.00000000000 	 0.50000000000 	 0.04929921006 
1.00000000000 	 0.51000000000 	 0.04970708278 
1.00000000000 	 0.52000000000 	 0.05006206487 
1.00000000000 	 0.53000000000 	 0.05040218645 
1.00000000000 	 0.54000000000 	 0.05076833501 
1.00000000000 	 0.55000000000 	 0.05110435444 
1.00000000000 	 0.56000000000 	 0.05145439458 
1.00000000000 	 0.57000000000 	 0.05180167020 
1.00000000000 	 0.58000000000 	 0.05210774216 
1.00000000000 	 0.59000000000 	 0.05246317812 
1.00000000000 	 0.60000000000 	 0.05281321098 
1.00000000000 	 0.61000000000 	 0.05314844567 
1.00000000000 	 0.62000000000 	 0.05343683392 
1.00000000000 	 0.63000000000 	 0.05381393936 
1.00000000000 	 0.64000000000 	 0.05412158878 
1.00000000000 	 0.65000000000 	 0.05443953777 
1.00000000000 	 0.66000000000 	 0.05476959687 
1.00000000000 	 0.67000000000 	 0.05508128899 
1.00000000000 	 0.68000000000 	 0.05539743013 
1.00000000000 	 0.69000000000 	 0.05572161262 
1.00000000000 	 0.70000000000 	 0.05602037094 
1.00000000000 	 0.71000000000 	 0.05632978539 
1.00000000000 	 0.72000000000 	 0.05664764243 
1.00000000000 	 0.73000000000 	 0.05694435077 
1.00000000000 	 0.74000000000 	 0.05725307815 
1.00000000000 	 0.75000000000 	 0.05755377379 
1.00000000000 	 0.76000000000 	 0.05785303722 
1.00000000000 	 0.77000000000 	 0.05816072387 
1.00000000000 	 0.78000000000 	 0.05842346471 
1.00000000000 	 0.79000000000 	 0.05872035008 
1.00000000000 	 0.80000000000 	 0.05903484569 
1.00000000000 	 0.81000000000 	 0.05932001720 
1.00000000000 	 0.82000000000 	 0.05960063044 
1.00000000000 	 0.83000000000 	 0.05986525866 
1.00000000000 	 0.84000000000 	 0.06015300703 
1.00000000000 	 0.85000000000 	 0.06046629464 
1.00000000000 	 0.86000000000 	 0.06075654143 
1.00000000000 	 0.87000000000 	 0.06101356139 
1.00000000000 	 0.88000000000 	 0.06131421179 
1.00000000000 	 0.89000000000 	 0.06159150027 
1.00000000000 	 0.90000000000 	 0.06186255577 
1.00000000000 	 0.91000000000 	 0.06209464685 
1.00000000000 	 0.92000000000 	 0.06237526061 
1.00000000000 	 0.93000000000 	 0.06267948933 
1.00000000000 	 0.94000000000 	 0.06295945941 
1.00000000000 	 0.95000000000 	 0.06321231402 
1.00000000000 	 0.96000000000 	 0.06345738284 
1.00000000000 	 0.97000000000 	 0.06372696427 
1.00000000000 	 0.98000000000 	 0.06398865305 
1.00000000000 	 0.99000000000 	 0.06424946627 
1.00000000000 	 1.00000000000 	 0.06455172622 
1.00000000000 	 1.03620101997 	 0.06547793593 
1.00000000000 	 1.07371255379 	 0.06642389301 
1.00000000000 	 1.11258204340 	 0.06734544100 
1.00000000000 	 1.15285864817 	 0.06836890142 
1.00000000000 	 1.19459330712 	 0.06934644945 
1.00000000000 	 1.23783880329 	 0.07039316215 
1.00000000000 	 1.28264983053 	 0.07139990307 
1.00000000000 	 1.32908306266 	 0.07245847725 
1.00000000000 	 1.37719722516 	 0.07351461799 
1.00000000000 	 1.42705316941 	 0.07459814271 
1.00000000000 	 1.47871394970 	 0.07572057518 
1.00000000000 	 1.53224490292 	 0.07686389829 
1.00000000000 	 1.58771373126 	 0.07799908573 
1.00000000000 	 1.64519058775 	 0.07914180771 
1.00000000000 	 1.70474816508 	 0.08032954782 
1.00000000000 	 1.76646178745 	 0.08150953724 
1.00000000000 	 1.83040950590 	 0.08272336901 
1.00000000000 	 1.89667219698 	 0.08395817785 
1.00000000000 	 1.96533366506 	 0.08520402275 
1.00000000000 	 2.03648074833 	 0.08647031163 
1.00000000000 	 2.11020342857 	 0.08774356931 
1.00000000000 	 2.18659494503 	 0.08904475906 
1.00000000000 	 2.26575191231 	 0.09036299221 
1.00000000000 	 2.34777444254 	 0.09169635451 
1.00000000000 	 2.43276627202 	 0.09304954233 
1.00000000000 	 2.52083489243 	 0.09442020466 
1.00000000000 	 2.61209168671 	 0.09580072392 
1.00000000000 	 2.70665207003 	 0.09720669162 
1.00000000000 	 2.80463563568 	 0.09862916298 
1.00000000000 	 2.90616630634 	 0.10007316862 
1.00000000000 	 3.01137249084 	 0.10152683668 
1.00000000000 	 3.12038724653 	 0.10299502010 
1.00000000000 	 3.23334844756 	 0.10448902549 
1.00000000000 	 3.35039895929 	 0.10600086067 
1.00000000000 	 3.47168681893 	 0.10752322166 
1.00000000000 	 3.59736542280 	 0.10906346319 
1.00000000000 	 3.72759372031 	 0.11062004642 
1.00000000000 	 3.86253641503 	 0.11220367364 
1.00000000000 	 4.00236417294 	 0.11379120284 
1.00000000000 	 4.14725383830 	 0.11540165410 
1.00000000000 	 4.29738865733 	 0.11702355591 
1.00000000000 	 4.45295850994 	 0.11866365044 
1.00000000000 	 4.61416014990 	 0.12030709826 
1.00000000000 	 4.78119745364 	 0.12198660013 
1.00000000000 	 4.95428167815 	 0.12364127360 
1.00000000000 	 5.13363172813 	 0.12536895368 
1.00000000000 	 5.31947443285 	 0.12708409303 
1.00000000000 	 5.51204483304 	 0.12881088093 
1.00000000000 	 5.71158647813 	 0.13055418084 
1.00000000000 	 5.91835173430 	 0.13230998498 
1.00000000000 	 6.13260210363 	 0.13405753805 
1.00000000000 	 6.35460855487 	 0.13585682086 
1.00000000000 	 6.58465186608 	 0.13766544458 
1.00000000000 	 6.82302297979 	 0.13947458762 
1.00000000000 	 7.07002337096 	 0.14129407567 
1.00000000000 	 7.32596542822 	 0.14313249986 
1.00000000000 	 7.59117284900 	 0.14498319150 
1.00000000000 	 7.86598104892 	 0.14685424524 
1.00000000000 	 8.15073758597 	 0.14872213285 
1.00000000000 	 8.44580260011 	 0.15061297165 
1.00000000000 	 8.75154926872 	 0.15250894928 
1.00000000000 	 9.06836427859 	 0.15442224559 
1.00000000000 	 9.39664831495 	 0.15634262341 
1.00000000000 	 9.73681656828 	 0.15828350216 
1.00000000000 	 10.08929925933 	 0.16023785263 
1.00000000000 	 10.45454218333 	 0.16220492988 
1.00000000000 	 10.83300727371 	 0.16418808664 
1.00000000000 	 11.22517318638 	 0.16618880443 
1.00000000000 	 11.63153590510 	 0.16819376883 
1.00000000000 	 12.05260936871 	 0.17021390260 
1.00000000000 	 12.48892612118 	 0.17225142825 
1.00000000000 	 12.94103798513 	 0.17430310379 
1.00000000000 	 13.40951675969 	 0.17636449861 
1.00000000000 	 13.89495494373 	 0.17844705874 
1.00000000000 	 14.39796648516 	 0.18054462648 
1.00000000000 	 14.91918755746 	 0.18265249203 
1.00000000000 	 15.45927736419 	 0.18478740998 
1.00000000000 	 16.01891897281 	 0.18695013909 
1.00000000000 	 16.59882017849 	 0.18912347232 
1.00000000000 	 17.19971439928 	 0.19131797541 
1.00000000000 	 17.82236160377 	 0.19352940846 
1.00000000000 	 18.46754927215 	 0.19576428546 
1.00000000000 	 19.13609339219 	 0.19802335078 
1.00000000000 	 19.82883949127 	 0.20030302145 
1.00000000000 	 20.54666370572 	 0.20260771699 
1.00000000000 	 21.29047388890 	 0.20493615631 
1.00000000000 	 22.06121075937 	 0.20729207343 
1.00000000000 	 22.85984909069 	 0.20968194173 
1.00000000000 	 23.68739894419 	 0.21209281435 
1.00000000000 	 24.54490694646 	 0.21453185855 
1.00000000000 	 25.43345761305 	 0.21700047635 
1.00000000000 	 26.35417472006 	 0.21950200005 
1.00000000000 	 27.30822272546 	 0.22202410156 
1.00000000000 	 28.29680824175 	 0.22458686411 
1.00000000000 	 29.32118156207 	 0.22717884090 
1.00000000000 	 30.38263824141 	 0.22980673630 
1.00000000000 	 31.48252073520 	 0.23245724251 
1.00000000000 	 32.62222009712 	 0.23515709879 
1.00000000000 	 33.80317773840 	 0.23789294912 
1.00000000000 	 35.02688725083 	 0.24066620702 
1.00000000000 	 36.29489629577 	 0.24347967591 
1.00000000000 	 37.60880856147 	 0.24632819000 
1.00000000000 	 38.97028579134 	 0.24921911399 
1.00000000000 	 40.38104988560 	 0.25215243946 
1.00000000000 	 41.84288507902 	 0.25513253787 
1.00000000000 	 43.35764019746 	 0.25814130572 
1.00000000000 	 44.92723099621 	 0.26120262950 
1.00000000000 	 46.55364258280 	 0.26430655959 
1.00000000000 	 48.23893192773 	 0.26745643086 
1.00000000000 	 49.98523046589 	 0.27065407418 
1.00000000000 	 51.79474679231 	 0.27389820878 
1.00000000000 	 53.66976945540 	 0.27718980089 
1.00000000000 	 55.61266985137 	 0.28053160648 
1.00000000000 	 57.62590522338 	 0.28392255558 
1.00000000000 	 59.71202176930 	 0.28736369600 
1.00000000000 	 61.87365786196 	 0.29085647976 
1.00000000000 	 64.11354738598 	 0.29439976221 
1.00000000000 	 66.43452319540 	 0.29800092532 
1.00000000000 	 68.83952069645 	 0.30165287582 
1.00000000000 	 71.33158156008 	 0.30536061523 
1.00000000000 	 73.91385756879 	 0.30912528628 
1.00000000000 	 76.58961460288 	 0.31294608377 
1.00000000000 	 79.36223677079 	 0.31682282418 
1.00000000000 	 82.23523068918 	 0.32075951875 
1.00000000000 	 85.21222991780 	 0.32475449068 
1.00000000000 	 88.29699955494 	 0.32880922810 
1.00000000000 	 91.49344099933 	 0.33293321319 
1.00000000000 	 94.80559688429 	 0.33710080021 
1.00000000000 	 98.23765619059 	 0.34134007395 
1.00000000000 	 101.79395954438 	 0.34564325703 
1.00000000000 	 105.47900470692 	 0.35001036459 
1.00000000000 	 109.29745226298 	 0.35443979126 
1.00000000000 	 113.25413151528 	 0.35893224467 
1.00000000000 	 117.35404659222 	 0.36349446678 
1.00000000000 	 121.60238277674 	 0.36812078816 
1.00000000000 	 126.00451306433 	 0.37281417212 
1.00000000000 	 130.56600495838 	 0.37757463449 
1.00000000000 	 135.29262751160 	 0.38240330315 
1.00000000000 	 140.19035862226 	 0.38729922137 
1.00000000000 	 145.26539259468 	 0.39226514154 
1.00000000000 	 150.52414797329 	 0.39730123404 
1.00000000000 	 155.97327566040 	 0.40240758606 
1.00000000000 	 161.61966732774 	 0.40758362921 
1.00000000000 	 167.47046413260 	 0.41283064866 
1.00000000000 	 173.53306574945 	 0.41814799216 
1.00000000000 	 179.81513972851 	 0.42353601127 
1.00000000000 	 186.32463119316 	 0.42899707096 
1.00000000000 	 193.06977288832 	 0.43452853911 
1.00000000000 	 200.05909559272 	 0.44013379212 
1.00000000000 	 207.30143890792 	 0.44581030992 
1.00000000000 	 214.80596243813 	 0.45155930789 
1.00000000000 	 222.58215737454 	 0.45737792907 
1.00000000000 	 230.63985849915 	 0.46326833385 
1.00000000000 	 238.98925662311 	 0.46922858848 
1.00000000000 	 247.64091147530 	 0.47526129171 
1.00000000000 	 256.60576505760 	 0.48136618101 
1.00000000000 	 265.89515548347 	 0.48754027736 
1.00000000000 	 275.52083131769 	 0.49378537736 
1.00000000000 	 285.49496643503 	 0.50010038928 
1.00000000000 	 295.83017541695 	 0.50648165771 
1.00000000000 	 306.53952950565 	 0.51292956858 
1.00000000000 	 317.63657313561 	 0.51944423778 
1.00000000000 	 329.13534106365 	 0.52602383641 
1.00000000000 	 341.05037611911 	 0.53267132977 
1.00000000000 	 353.39674759658 	 0.53938149744 
1.00000000000 	 366.19007031450 	 0.54615332911 
1.00000000000 	 379.44652436364 	 0.55298499178 
1.00000000000 	 393.18287557058 	 0.55987552351 
1.00000000000 	 407.41649670190 	 0.56682323451 
1.00000000000 	 422.16538943608 	 0.57382627904 
1.00000000000 	 437.44820713071 	 0.58088442888 
1.00000000000 	 453.28427841392 	 0.58799510764 
1.00000000000 	 469.69363162995 	 0.59515356255 
1.00000000000 	 486.69702016948 	 0.60236042358 
1.00000000000 	 504.31594871714 	 0.60961040051 
1.00000000000 	 522.57270044903 	 0.61690202517 
1.00000000000 	 541.49036521501 	 0.62423309392 
1.00000000000 	 561.09286874100 	 0.63160076174 
1.00000000000 	 581.40500288865 	 0.63900222829 
1.00000000000 	 602.45245701027 	 0.64643249613 
1.00000000000 	 624.26185043890 	 0.65388953923 
1.00000000000 	 646.86076615463 	 0.66137008439 
1.00000000000 	 670.27778566954 	 0.66887005697 
1.00000000000 	 694.54252517561 	 0.67638555774 
1.00000000000 	 719.68567300115 	 0.68391226001 
1.00000000000 	 745.73902842330 	 0.69144601354 
1.00000000000 	 772.73554188543 	 0.69898280615 
1.00000000000 	 800.70935667059 	 0.70651884885 
1.00000000000 	 829.69585208349 	 0.71404961953 
1.00000000000 	 859.73168819576 	 0.72156970869 
1.00000000000 	 890.85485221102 	 0.72907415006 
1.00000000000 	 923.10470650840 	 0.73655772191 
1.00000000000 	 956.52203842531 	 0.74401656621 
1.00000000000 	 991.14911184236 	 0.75144528829 
1.00000000000 	 1027.02972063577 	 0.75883912303 
1.00000000000 	 1064.20924406472 	 0.76619091977 
1.00000000000 	 1102.73470416390 	 0.77349924177 
1.00000000000 	 1142.65482521357 	 0.78075223864 
1.00000000000 	 1184.02009536266 	 0.78794841101 
1.00000000000 	 1226.88283048257 	 0.79508279472 
1.00000000000 	 1271.29724033264 	 0.80214831690 
1.00000000000 	 1317.31949712075 	 0.80913906256 
1.00000000000 	 1365.00780654601 	 0.81605035772 
1.00000000000 	 1414.42248141323 	 0.82287734389 
1.00000000000 	 1465.62601791225 	 0.82961446227 
1.00000000000 	 1518.68317465873 	 0.83625544894 
1.00000000000 	 1573.66105459626 	 0.84279441424 
1.00000000000 	 1630.62918986345 	 0.84922656825 
1.00000000000 	 1689.65962973324 	 0.85554769662 
1.00000000000 	 1750.82703173573 	 0.86175293268 
1.00000000000 	 1814.20875607977 	 0.86783927886 
1.00000000000 	 1879.88496349267 	 0.87379570662 
1.00000000000 	 1947.93871660183 	 0.87962183832 
1.00000000000 	 2018.45608498650 	 0.88531440407 
1.00000000000 	 2091.52625403246 	 0.89086950207 
1.00000000000 	 2167.24163772744 	 0.89628205749 
1.00000000000 	 2245.69799553977 	 0.90154655695 
1.00000000000 	 2326.99455352823 	 0.90666232711 
1.00000000000 	 2411.23412983612 	 0.91162642557 
1.00000000000 	 2498.52326472839 	 0.91643637551 
1.00000000000 	 2588.97235533627 	 0.92109037759 
1.00000000000 	 2682.69579527972 	 0.92558572777 
1.00000000000 	 2779.81211934445 	 0.92991953727 
1.00000000000 	 2880.44415339630 	 0.93409149320 
1.00000000000 	 2984.71916972271 	 0.93810302950 
1.00000000000 	 3092.76904799777 	 0.94195231617 
1.00000000000 	 3204.73044207429 	 0.94563955056 
1.00000000000 	 3320.74495281390 	 0.94916386701 
1.00000000000 	 3440.95930717388 	 0.95252816262 
1.00000000000 	 3565.52554377701 	 0.95573124253 
1.00000000000 	 3694.60120519930 	 0.95877603595 
1.00000000000 	 3828.34953721869 	 0.96166426498 
1.00000000000 	 3966.93969527677 	 0.96439793147 
1.00000000000 	 4110.54695841470 	 0.96698078449 
1.00000000000 	 4259.35295095366 	 0.96941525313 
1.00000000000 	 4413.54587220053 	 0.97170318425 
1.00000000000 	 4573.32073446906 	 0.97384936614 
1.00000000000 	 4738.87960971766 	 0.97585761849 
1.00000000000 	 4910.43188511573 	 0.97773211646 
1.00000000000 	 5088.19452786179 	 0.97947690797 
1.00000000000 	 5272.39235958825 	 0.98109646042 
1.00000000000 	 5463.25834069991 	 0.98259563062 
1.00000000000 	 5661.03386500583 	 0.98397939208 
1.00000000000 	 5865.96906501720 	 0.98525287374 
1.00000000000 	 6078.32312829723 	 0.98642089238 
1.00000000000 	 6298.36462526327 	 0.98748844148 
1.00000000000 	 6526.37184885573 	 0.98846109760 
1.00000000000 	 6762.63316650331 	 0.98934376314 
1.00000000000 	 7007.44738482975 	 0.99014152299 
1.00000000000 	 7261.12412756334 	 0.99086050954 
1.00000000000 	 7523.98422712716 	 0.99150513215 
1.00000000000 	 7796.36013040524 	 0.99208084212 
1.00000000000 	 8078.59631919787 	 0.99259209868 
1.00000000000 	 8371.04974589791 	 0.99304373851 
1.00000000000 	 8674.09028493891 	 0.99344099918 
1.00000000000 	 8988.10120058618 	 0.99378718727 
1.00000000000 	 9313.47963166233 	 0.99408819790 
1.00000000000 	 9650.63709382046 	 0.99434654443 
1.00000000000 	 10000.00000000000 	 0.99456794470 
