0.00284803587 	 0.00000000000 	 0.00000150415 
0.00284803587 	 0.01000000000 	 0.00000150733 
0.00284803587 	 0.02000000000 	 0.00000151053 
0.00284803587 	 0.03000000000 	 0.00000151373 
0.00284803587 	 0.04000000000 	 0.00000151693 
0.00284803587 	 0.05000000000 	 0.00000152013 
0.00284803587 	 0.06000000000 	 0.00000152335 
0.00284803587 	 0.07000000000 	 0.00000152657 
0.00284803587 	 0.08000000000 	 0.00000152979 
0.00284803587 	 0.09000000000 	 0.00000153302 
0.00284803587 	 0.10000000000 	 0.00000153626 
0.00284803587 	 0.11000000000 	 0.00000153950 
0.00284803587 	 0.12000000000 	 0.00000154275 
0.00284803587 	 0.13000000000 	 0.00000154601 
0.00284803587 	 0.14000000000 	 0.00000154927 
0.00284803587 	 0.15000000000 	 0.00000155254 
0.00284803587 	 0.16000000000 	 0.00000155581 
0.00284803587 	 0.17000000000 	 0.00000155909 
0.00284803587 	 0.18000000000 	 0.00000156237 
0.00284803587 	 0.19000000000 	 0.00000156566 
0.00284803587 	 0.20000000000 	 0.00000156896 
0.00284803587 	 0.21000000000 	 0.00000157226 
0.00284803587 	 0.22000000000 	 0.00000157557 
0.00284803587 	 0.23000000000 	 0.00000157888 
0.00284803587 	 0.24000000000 	 0.00000158220 
0.00284803587 	 0.25000000000 	 0.00000158553 
0.00284803587 	 0.26000000000 	 0.00000158886 
0.00284803587 	 0.27000000000 	 0.00000159220 
0.00284803587 	 0.28000000000 	 0.00000159554 
0.00284803587 	 0.29000000000 	 0.00000159889 
0.00284803587 	 0.30000000000 	 0.00000160224 
0.00284803587 	 0.31000000000 	 0.00000160560 
0.00284803587 	 0.32000000000 	 0.00000160897 
0.00284803587 	 0.33000000000 	 0.00000161234 
0.00284803587 	 0.34000000000 	 0.00000161571 
0.00284803587 	 0.35000000000 	 0.00000161909 
0.00284803587 	 0.36000000000 	 0.00000162248 
0.00284803587 	 0.37000000000 	 0.00000162587 
0.00284803587 	 0.38000000000 	 0.00000162927 
0.00284803587 	 0.39000000000 	 0.00000163267 
0.00284803587 	 0.40000000000 	 0.00000163608 
0.00284803587 	 0.41000000000 	 0.00000163950 
0.00284803587 	 0.42000000000 	 0.00000164292 
0.00284803587 	 0.43000000000 	 0.00000164038 
0.00284803587 	 0.44000000000 	 0.00000164421 
0.00284803587 	 0.45000000000 	 0.00000164804 
0.00284803587 	 0.46000000000 	 0.00000165185 
0.00284803587 	 0.47000000000 	 0.00000165567 
0.00284803587 	 0.48000000000 	 0.00000165949 
0.00284803587 	 0.49000000000 	 0.00000166330 
0.00284803587 	 0.50000000000 	 0.00000166711 
0.00284803587 	 0.51000000000 	 0.00000167092 
0.00284803587 	 0.52000000000 	 0.00000167474 
0.00284803587 	 0.53000000000 	 0.00000167855 
0.00284803587 	 0.54000000000 	 0.00000168237 
0.00284803587 	 0.55000000000 	 0.00000168619 
0.00284803587 	 0.56000000000 	 0.00000169001 
0.00284803587 	 0.57000000000 	 0.00000169383 
0.00284803587 	 0.58000000000 	 0.00000169766 
0.00284803587 	 0.59000000000 	 0.00000170148 
0.00284803587 	 0.60000000000 	 0.00000170531 
0.00284803587 	 0.61000000000 	 0.00000170914 
0.00284803587 	 0.62000000000 	 0.00000171297 
0.00284803587 	 0.63000000000 	 0.00000171680 
0.00284803587 	 0.64000000000 	 0.00000172064 
0.00284803587 	 0.65000000000 	 0.00000172448 
0.00284803587 	 0.66000000000 	 0.00000172832 
0.00284803587 	 0.67000000000 	 0.00000173217 
0.00284803587 	 0.68000000000 	 0.00000173601 
0.00284803587 	 0.69000000000 	 0.00000174655 
0.00284803587 	 0.70000000000 	 0.00000175018 
0.00284803587 	 0.71000000000 	 0.00000175382 
0.00284803587 	 0.72000000000 	 0.00000175747 
0.00284803587 	 0.73000000000 	 0.00000176113 
0.00284803587 	 0.74000000000 	 0.00000176479 
0.00284803587 	 0.75000000000 	 0.00000176846 
0.00284803587 	 0.76000000000 	 0.00000177213 
0.00284803587 	 0.77000000000 	 0.00000177581 
0.00284803587 	 0.78000000000 	 0.00000177949 
0.00284803587 	 0.79000000000 	 0.00000178319 
0.00284803587 	 0.80000000000 	 0.00000178688 
0.00284803587 	 0.81000000000 	 0.00000179058 
0.00284803587 	 0.82000000000 	 0.00000179429 
0.00284803587 	 0.83000000000 	 0.00000179800 
0.00284803587 	 0.84000000000 	 0.00000180172 
0.00284803587 	 0.85000000000 	 0.00000180544 
0.00284803587 	 0.86000000000 	 0.00000180916 
0.00284803587 	 0.87000000000 	 0.00000180974 
0.00284803587 	 0.88000000000 	 0.00000181371 
0.00284803587 	 0.89000000000 	 0.00000181771 
0.00284803587 	 0.90000000000 	 0.00000182170 
0.00284803587 	 0.91000000000 	 0.00000182567 
0.00284803587 	 0.92000000000 	 0.00000182965 
0.00284803587 	 0.93000000000 	 0.00000183364 
0.00284803587 	 0.94000000000 	 0.00000183765 
0.00284803587 	 0.95000000000 	 0.00000184163 
0.00284803587 	 0.96000000000 	 0.00000184563 
0.00284803587 	 0.97000000000 	 0.00000184963 
0.00284803587 	 0.98000000000 	 0.00000185362 
0.00284803587 	 0.99000000000 	 0.00000185762 
0.00284803587 	 1.00000000000 	 0.00000186164 
0.00284803587 	 1.03620101997 	 0.00000187616 
0.00284803587 	 1.07371255379 	 0.00000189127 
0.00284803587 	 1.11258204340 	 0.00000190699 
0.00284803587 	 1.15285864817 	 0.00000192345 
0.00284803587 	 1.19459330712 	 0.00000194064 
0.00284803587 	 1.23783880329 	 0.00000195826 
0.00284803587 	 1.28264983053 	 0.00000197655 
0.00284803587 	 1.32908306266 	 0.00000199545 
0.00284803587 	 1.37719722516 	 0.00000201505 
0.00284803587 	 1.42705316941 	 0.00000203545 
0.00284803587 	 1.47871394970 	 0.00000205683 
0.00284803587 	 1.53224490292 	 0.00000207921 
0.00284803587 	 1.58771373126 	 0.00000210260 
0.00284803587 	 1.64519058775 	 0.00000212704 
0.00284803587 	 1.70474816508 	 0.00000215254 
0.00284803587 	 1.76646178745 	 0.00000217922 
0.00284803587 	 1.83040950590 	 0.00000220706 
0.00284803587 	 1.89667219698 	 0.00000223626 
0.00284803587 	 1.96533366506 	 0.00000226681 
0.00284803587 	 2.03648074833 	 0.00000229424 
0.00284803587 	 2.11020342857 	 0.00000233064 
0.00284803587 	 2.18659494503 	 0.00000236854 
0.00284803587 	 2.26575191231 	 0.00000240789 
0.00284803587 	 2.34777444254 	 0.00000244894 
0.00284803587 	 2.43276627202 	 0.00000249171 
0.00284803587 	 2.52083489243 	 0.00000253622 
0.00284803587 	 2.61209168671 	 0.00000258088 
0.00284803587 	 2.70665207003 	 0.00000263077 
0.00284803587 	 2.80463563568 	 0.00000268299 
0.00284803587 	 2.90616630634 	 0.00000273768 
0.00284803587 	 3.01137249084 	 0.00000279490 
0.00284803587 	 3.12038724653 	 0.00000285489 
0.00284803587 	 3.23334844756 	 0.00000291791 
0.00284803587 	 3.35039895929 	 0.00000298420 
0.00284803587 	 3.47168681893 	 0.00000305399 
0.00284803587 	 3.59736542280 	 0.00000312752 
0.00284803587 	 3.72759372031 	 0.00000320507 
0.00284803587 	 3.86253641503 	 0.00000328702 
0.00284803587 	 4.00236417294 	 0.00000336941 
0.00284803587 	 4.14725383830 	 0.00000346569 
0.00284803587 	 4.29738865733 	 0.00000356728 
0.00284803587 	 4.45295850994 	 0.00000367426 
0.00284803587 	 4.61416014990 	 0.00000378703 
0.00284803587 	 4.78119745364 	 0.00000390609 
0.00284803587 	 4.95428167815 	 0.00000403196 
0.00284803587 	 5.13363172813 	 0.00000416528 
0.00284803587 	 5.31947443285 	 0.00000430672 
0.00284803587 	 5.51204483304 	 0.00000445697 
0.00284803587 	 5.71158647813 	 0.00000461690 
0.00284803587 	 5.91835173430 	 0.00000478266 
0.00284803587 	 6.13260210363 	 0.00000496834 
0.00284803587 	 6.35460855487 	 0.00000516366 
0.00284803587 	 6.58465186608 	 0.00000537174 
0.00284803587 	 6.82302297979 	 0.00000559453 
0.00284803587 	 7.07002337096 	 0.00000583241 
0.00284803587 	 7.32596542822 	 0.00000608851 
0.00284803587 	 7.59117284900 	 0.00000636617 
0.00284803587 	 7.86598104892 	 0.00000666192 
0.00284803587 	 8.15073758597 	 0.00000697876 
0.00284803587 	 8.44580260011 	 0.00000731909 
0.00284803587 	 8.75154926872 	 0.00000768474 
0.00284803587 	 9.06836427859 	 0.00000808873 
0.00284803587 	 9.39664831495 	 0.00000852050 
0.00284803587 	 9.73681656828 	 0.00000898383 
0.00284803587 	 10.08929925933 	 0.00000948337 
0.00284803587 	 10.45454218333 	 0.00001002345 
0.00284803587 	 10.83300727371 	 0.00001062184 
0.00284803587 	 11.22517318638 	 0.00001126563 
0.00284803587 	 11.63153590510 	 0.00001196076 
0.00284803587 	 12.05260936871 	 0.00001271417 
0.00284803587 	 12.48892612118 	 0.00001353209 
0.00284803587 	 12.94103798513 	 0.00001443815 
0.00284803587 	 13.40951675969 	 0.00001541951 
0.00284803587 	 13.89495494373 	 0.00001648621 
0.00284803587 	 14.39796648516 	 0.00001764940 
0.00284803587 	 14.91918755746 	 0.00001892283 
0.00284803587 	 15.45927736419 	 0.00002032244 
0.00284803587 	 16.01891897281 	 0.00002185091 
0.00284803587 	 16.59882017849 	 0.00002352234 
0.00284803587 	 17.19971439928 	 0.00002537318 
0.00284803587 	 17.82236160377 	 0.00002739600 
0.00284803587 	 18.46754927215 	 0.00002962258 
0.00284803587 	 19.13609339219 	 0.00003208178 
0.00284803587 	 19.82883949127 	 0.00003478435 
0.00284803587 	 20.54666370572 	 0.00003776633 
0.00284803587 	 21.29047388890 	 0.00004106577 
0.00284803587 	 22.06121075937 	 0.00004469953 
0.00284803587 	 22.85984909069 	 0.00004873486 
0.00284803587 	 23.68739894419 	 0.00005318644 
0.00284803587 	 24.54490694646 	 0.00005812710 
0.00284803587 	 25.43345761305 	 0.00006359807 
0.00284803587 	 26.35417472006 	 0.00006965103 
0.00284803587 	 27.30822272546 	 0.00007639719 
0.00284803587 	 28.29680824175 	 0.00008385566 
0.00284803587 	 29.32118156207 	 0.00009216674 
0.00284803587 	 30.38263824141 	 0.00010139210 
0.00284803587 	 31.48252073520 	 0.00011163169 
0.00284803587 	 32.62222009712 	 0.00012305755 
0.00284803587 	 33.80317773840 	 0.00013574079 
0.00284803587 	 35.02688725083 	 0.00014987763 
0.00284803587 	 36.29489629577 	 0.00016558135 
0.00284803587 	 37.60880856147 	 0.00018308401 
0.00284803587 	 38.97028579134 	 0.00020254596 
0.00284803587 	 40.38104988560 	 0.00022421332 
0.00284803587 	 41.84288507902 	 0.00024835111 
0.00284803587 	 43.35764019746 	 0.00027518443 
0.00284803587 	 44.92723099621 	 0.00030509574 
0.00284803587 	 46.55364258280 	 0.00033831473 
0.00284803587 	 48.23893192773 	 0.00037536681 
0.00284803587 	 49.98523046589 	 0.00041641926 
0.00284803587 	 51.79474679231 	 0.00046213231 
0.00284803587 	 53.66976945540 	 0.00051283748 
0.00284803587 	 55.61266985137 	 0.00056911332 
0.00284803587 	 57.62590522338 	 0.00063168534 
0.00284803587 	 59.71202176930 	 0.00070091440 
0.00284803587 	 61.87365786196 	 0.00077783694 
0.00284803587 	 64.11354738598 	 0.00086282351 
0.00284803587 	 66.43452319540 	 0.00095667060 
0.00284803587 	 68.83952069645 	 0.00106042890 
0.00284803587 	 71.33158156008 	 0.00117489286 
0.00284803587 	 73.91385756879 	 0.00130099522 
0.00284803587 	 76.58961460288 	 0.00143988454 
0.00284803587 	 79.36223677079 	 0.00159285925 
0.00284803587 	 82.23523068918 	 0.00176076572 
0.00284803587 	 85.21222991780 	 0.00194488224 
0.00284803587 	 88.29699955494 	 0.00214673210 
0.00284803587 	 91.49344099933 	 0.00236759286 
0.00284803587 	 94.80559688429 	 0.00260868513 
0.00284803587 	 98.23765619059 	 0.00287143522 
0.00284803587 	 101.79395954438 	 0.00315804343 
0.00284803587 	 105.47900470692 	 0.00346934915 
0.00284803587 	 109.29745226298 	 0.00380732334 
0.00284803587 	 113.25413151528 	 0.00417376681 
0.00284803587 	 117.35404659222 	 0.00456995170 
0.00284803587 	 121.60238277674 	 0.00499808401 
0.00284803587 	 126.00451306433 	 0.00545974885 
0.00284803587 	 130.56600495838 	 0.00595678162 
0.00284803587 	 135.29262751160 	 0.00649057242 
0.00284803587 	 140.19035862226 	 0.00706328156 
0.00284803587 	 145.26539259468 	 0.00767620503 
0.00284803587 	 150.52414797329 	 0.00833131113 
0.00284803587 	 155.97327566040 	 0.00902982420 
0.00284803587 	 161.61966732774 	 0.00977362953 
0.00284803587 	 167.47046413260 	 0.01056447914 
0.00284803587 	 173.53306574945 	 0.01140296282 
0.00284803587 	 179.81513972851 	 0.01229067988 
0.00284803587 	 186.32463119316 	 0.01322872446 
0.00284803587 	 193.06977288832 	 0.01421830705 
0.00284803587 	 200.05909559272 	 0.01526008892 
0.00284803587 	 207.30143890792 	 0.01635508940 
0.00284803587 	 214.80596243813 	 0.01750368588 
0.00284803587 	 222.58215737454 	 0.01870645215 
0.00284803587 	 230.63985849915 	 0.01996338348 
0.00284803587 	 238.98925662311 	 0.02127466259 
0.00284803587 	 247.64091147530 	 0.02264046869 
0.00284803587 	 256.60576505760 	 0.02406035120 
0.00284803587 	 265.89515548347 	 0.02553444646 
0.00284803587 	 275.52083131769 	 0.02706139346 
0.00284803587 	 285.49496643503 	 0.02864085728 
0.00284803587 	 295.83017541695 	 0.03027196568 
0.00284803587 	 306.53952950565 	 0.03195375617 
0.00284803587 	 317.63657313561 	 0.03368494469 
0.00284803587 	 329.13534106365 	 0.03546516737 
0.00284803587 	 341.05037611911 	 0.03729240774 
0.00284803587 	 353.39674759658 	 0.03916518020 
0.00284803587 	 366.19007031450 	 0.04108214086 
0.00284803587 	 379.44652436364 	 0.04304184911 
0.00284803587 	 393.18287557058 	 0.04504269842 
0.00284803587 	 407.41649670190 	 0.04708397920 
0.00284803587 	 422.16538943608 	 0.04916319537 
0.00284803587 	 437.44820713071 	 0.05127927179 
0.00284803587 	 453.28427841392 	 0.05343135269 
0.00284803587 	 469.69363162995 	 0.05561751300 
0.00284803587 	 486.69702016948 	 0.05783730606 
0.00284803587 	 504.31594871714 	 0.06008889152 
0.00284803587 	 522.57270044903 	 0.06237174635 
0.00284803587 	 541.49036521501 	 0.06468569178 
0.00284803587 	 561.09286874100 	 0.06702942736 
0.00284803587 	 581.40500288865 	 0.06940243677 
0.00284803587 	 602.45245701027 	 0.07180451190 
0.00284803587 	 624.26185043890 	 0.07423561010 
0.00284803587 	 646.86076615463 	 0.07669616017 
0.00284803587 	 670.27778566954 	 0.07918663292 
0.00284803587 	 694.54252517561 	 0.08170678707 
0.00284803587 	 719.68567300115 	 0.08425645415 
0.00284803587 	 745.73902842330 	 0.08683682669 
0.00284803587 	 772.73554188543 	 0.08944925740 
0.00284803587 	 800.70935667059 	 0.09209355737 
0.00284803587 	 829.69585208349 	 0.09477190260 
0.00284803587 	 859.73168819576 	 0.09748458731 
0.00284803587 	 890.85485221102 	 0.10023255758 
0.00284803587 	 923.10470650840 	 0.10301723949 
0.00284803587 	 956.52203842531 	 0.10584017887 
0.00284803587 	 991.14911184236 	 0.10870116011 
0.00284803587 	 1027.02972063577 	 0.11160179002 
0.00284803587 	 1064.20924406472 	 0.11454367608 
0.00284803587 	 1102.73470416390 	 0.11752848660 
0.00284803587 	 1142.65482521357 	 0.12055789960 
0.00284803587 	 1184.02009536266 	 0.12363123591 
0.00284803587 	 1226.88283048257 	 0.12675042127 
0.00284803587 	 1271.29724033264 	 0.12991573469 
0.00284803587 	 1317.31949712075 	 0.13313218611 
0.00284803587 	 1365.00780654601 	 0.13639700399 
0.00284803587 	 1414.42248141323 	 0.13971142383 
0.00284803587 	 1465.62601791225 	 0.14307708913 
0.00284803587 	 1518.68317465873 	 0.14649576929 
0.00284803587 	 1573.66105459626 	 0.14996712754 
0.00284803587 	 1630.62918986345 	 0.15349373876 
0.00284803587 	 1689.65962973324 	 0.15707597980 
0.00284803587 	 1750.82703173573 	 0.16071594062 
0.00284803587 	 1814.20875607977 	 0.16441189010 
0.00284803587 	 1879.88496349267 	 0.16816634062 
0.00284803587 	 1947.93871660183 	 0.17198012935 
0.00284803587 	 2018.45608498650 	 0.17585439486 
0.00284803587 	 2091.52625403246 	 0.17978912620 
0.00284803587 	 2167.24163772744 	 0.18378831386 
0.00284803587 	 2245.69799553977 	 0.18784995746 
0.00284803587 	 2326.99455352823 	 0.19197548173 
0.00284803587 	 2411.23412983612 	 0.19616496065 
0.00284803587 	 2498.52326472839 	 0.20042234777 
0.00284803587 	 2588.97235533627 	 0.20474460304 
0.00284803587 	 2682.69579527972 	 0.20913618772 
0.00284803587 	 2779.81211934445 	 0.21359497995 
0.00284803587 	 2880.44415339630 	 0.21812339437 
0.00284803587 	 2984.71916972271 	 0.22272086899 
0.00284803587 	 3092.76904799777 	 0.22739342998 
0.00284803587 	 3204.73044207429 	 0.23213518482 
0.00284803587 	 3320.74495281390 	 0.23694811162 
0.00284803587 	 3440.95930717388 	 0.24183514426 
0.00284803587 	 3565.52554377701 	 0.24679727108 
0.00284803587 	 3694.60120519930 	 0.25183389278 
0.00284803587 	 3828.34953721869 	 0.25694699846 
0.00284803587 	 3966.93969527677 	 0.26213746894 
0.00284803587 	 4110.54695841470 	 0.26740391782 
0.00284803587 	 4259.35295095366 	 0.27274981346 
0.00284803587 	 4413.54587220053 	 0.27817255784 
0.00284803587 	 4573.32073446906 	 0.28367429987 
0.00284803587 	 4738.87960971766 	 0.28925511069 
0.00284803587 	 4910.43188511573 	 0.29491705356 
0.00284803587 	 5088.19452786179 	 0.30065993457 
0.00284803587 	 5272.39235958825 	 0.30648133827 
0.00284803587 	 5463.25834069991 	 0.31238781207 
0.00284803587 	 5661.03386500583 	 0.31837437327 
0.00284803587 	 5865.96906501720 	 0.32444343182 
0.00284803587 	 6078.32312829723 	 0.33059485750 
0.00284803587 	 6298.36462526327 	 0.33682913303 
0.00284803587 	 6526.37184885573 	 0.34314489488 
0.00284803587 	 6762.63316650331 	 0.34954440750 
0.00284803587 	 7007.44738482975 	 0.35602983359 
0.00284803587 	 7261.12412756334 	 0.36259732446 
0.00284803587 	 7523.98422712716 	 0.36924465827 
0.00284803587 	 7796.36013040524 	 0.37597899626 
0.00284803587 	 8078.59631919787 	 0.38279301932 
0.00284803587 	 8371.04974589791 	 0.38969103427 
0.00284803587 	 8674.09028493891 	 0.39667072206 
0.00284803587 	 8988.10120058618 	 0.40373284756 
0.00284803587 	 9313.47963166233 	 0.41087625779 
0.00284803587 	 9650.63709382046 	 0.41809735316 
0.00284803587 	 10000.00000000000 	 0.42539945148 
