0.00141747416 	 0.00000000000 	 0.00000133485 
0.00141747416 	 0.01000000000 	 0.00000133628 
0.00141747416 	 0.02000000000 	 0.00000133772 
0.00141747416 	 0.03000000000 	 0.00000133916 
0.00141747416 	 0.04000000000 	 0.00000134060 
0.00141747416 	 0.05000000000 	 0.00000134204 
0.00141747416 	 0.06000000000 	 0.00000134349 
0.00141747416 	 0.07000000000 	 0.00000134494 
0.00141747416 	 0.08000000000 	 0.00000134638 
0.00141747416 	 0.09000000000 	 0.00000134783 
0.00141747416 	 0.10000000000 	 0.00000134927 
0.00141747416 	 0.11000000000 	 0.00000135072 
0.00141747416 	 0.12000000000 	 0.00000135217 
0.00141747416 	 0.13000000000 	 0.00000135362 
0.00141747416 	 0.14000000000 	 0.00000135507 
0.00141747416 	 0.15000000000 	 0.00000135653 
0.00141747416 	 0.16000000000 	 0.00000135799 
0.00141747416 	 0.17000000000 	 0.00000135944 
0.00141747416 	 0.18000000000 	 0.00000136090 
0.00141747416 	 0.19000000000 	 0.00000136236 
0.00141747416 	 0.20000000000 	 0.00000136382 
0.00141747416 	 0.21000000000 	 0.00000136528 
0.00141747416 	 0.22000000000 	 0.00000136674 
0.00141747416 	 0.23000000000 	 0.00000136821 
0.00141747416 	 0.24000000000 	 0.00000136968 
0.00141747416 	 0.25000000000 	 0.00000137115 
0.00141747416 	 0.26000000000 	 0.00000137262 
0.00141747416 	 0.27000000000 	 0.00000137409 
0.00141747416 	 0.28000000000 	 0.00000137556 
0.00141747416 	 0.29000000000 	 0.00000137703 
0.00141747416 	 0.30000000000 	 0.00000137851 
0.00141747416 	 0.31000000000 	 0.00000137998 
0.00141747416 	 0.32000000000 	 0.00000138146 
0.00141747416 	 0.33000000000 	 0.00000138294 
0.00141747416 	 0.34000000000 	 0.00000138442 
0.00141747416 	 0.35000000000 	 0.00000138590 
0.00141747416 	 0.36000000000 	 0.00000138738 
0.00141747416 	 0.37000000000 	 0.00000138886 
0.00141747416 	 0.38000000000 	 0.00000139035 
0.00141747416 	 0.39000000000 	 0.00000139184 
0.00141747416 	 0.40000000000 	 0.00000139332 
0.00141747416 	 0.41000000000 	 0.00000139481 
0.00141747416 	 0.42000000000 	 0.00000139630 
0.00141747416 	 0.43000000000 	 0.00000139779 
0.00141747416 	 0.44000000000 	 0.00000139929 
0.00141747416 	 0.45000000000 	 0.00000140078 
0.00141747416 	 0.46000000000 	 0.00000140228 
0.00141747416 	 0.47000000000 	 0.00000140377 
0.00141747416 	 0.48000000000 	 0.00000140527 
0.00141747416 	 0.49000000000 	 0.00000140677 
0.00141747416 	 0.50000000000 	 0.00000140827 
0.00141747416 	 0.51000000000 	 0.00000140977 
0.00141747416 	 0.52000000000 	 0.00000141127 
0.00141747416 	 0.53000000000 	 0.00000141277 
0.00141747416 	 0.54000000000 	 0.00000141428 
0.00141747416 	 0.55000000000 	 0.00000141579 
0.00141747416 	 0.56000000000 	 0.00000141729 
0.00141747416 	 0.57000000000 	 0.00000141880 
0.00141747416 	 0.58000000000 	 0.00000142031 
0.00141747416 	 0.59000000000 	 0.00000142182 
0.00141747416 	 0.60000000000 	 0.00000142333 
0.00141747416 	 0.61000000000 	 0.00000142485 
0.00141747416 	 0.62000000000 	 0.00000142636 
0.00141747416 	 0.63000000000 	 0.00000142788 
0.00141747416 	 0.64000000000 	 0.00000142940 
0.00141747416 	 0.65000000000 	 0.00000143092 
0.00141747416 	 0.66000000000 	 0.00000143244 
0.00141747416 	 0.67000000000 	 0.00000143396 
0.00141747416 	 0.68000000000 	 0.00000143548 
0.00141747416 	 0.69000000000 	 0.00000143700 
0.00141747416 	 0.70000000000 	 0.00000143853 
0.00141747416 	 0.71000000000 	 0.00000144005 
0.00141747416 	 0.72000000000 	 0.00000144158 
0.00141747416 	 0.73000000000 	 0.00000144311 
0.00141747416 	 0.74000000000 	 0.00000144464 
0.00141747416 	 0.75000000000 	 0.00000144617 
0.00141747416 	 0.76000000000 	 0.00000144770 
0.00141747416 	 0.77000000000 	 0.00000144924 
0.00141747416 	 0.78000000000 	 0.00000145077 
0.00141747416 	 0.79000000000 	 0.00000145231 
0.00141747416 	 0.80000000000 	 0.00000145384 
0.00141747416 	 0.81000000000 	 0.00000145538 
0.00141747416 	 0.82000000000 	 0.00000145692 
0.00141747416 	 0.83000000000 	 0.00000145846 
0.00141747416 	 0.84000000000 	 0.00000146000 
0.00141747416 	 0.85000000000 	 0.00000146154 
0.00141747416 	 0.86000000000 	 0.00000146308 
0.00141747416 	 0.87000000000 	 0.00000146463 
0.00141747416 	 0.88000000000 	 0.00000146617 
0.00141747416 	 0.89000000000 	 0.00000146772 
0.00141747416 	 0.90000000000 	 0.00000146927 
0.00141747416 	 0.91000000000 	 0.00000147082 
0.00141747416 	 0.92000000000 	 0.00000147238 
0.00141747416 	 0.93000000000 	 0.00000147394 
0.00141747416 	 0.94000000000 	 0.00000147550 
0.00141747416 	 0.95000000000 	 0.00000147706 
0.00141747416 	 0.96000000000 	 0.00000147862 
0.00141747416 	 0.97000000000 	 0.00000148018 
0.00141747416 	 0.98000000000 	 0.00000148174 
0.00141747416 	 0.99000000000 	 0.00000148331 
0.00141747416 	 1.00000000000 	 0.00000148487 
0.00141747416 	 1.03620101997 	 0.00000149056 
0.00141747416 	 1.07371255379 	 0.00000149646 
0.00141747416 	 1.11258204340 	 0.00000149742 
0.00141747416 	 1.15285864817 	 0.00000150451 
0.00141747416 	 1.19459330712 	 0.00000151185 
0.00141747416 	 1.23783880329 	 0.00000151947 
0.00141747416 	 1.28264983053 	 0.00000153780 
0.00141747416 	 1.32908306266 	 0.00000154537 
0.00141747416 	 1.37719722516 	 0.00000155325 
0.00141747416 	 1.42705316941 	 0.00000156144 
0.00141747416 	 1.47871394970 	 0.00000156997 
0.00141747416 	 1.53224490292 	 0.00000157884 
0.00141747416 	 1.58771373126 	 0.00000158808 
0.00141747416 	 1.64519058775 	 0.00000159769 
0.00141747416 	 1.70474816508 	 0.00000160769 
0.00141747416 	 1.76646178745 	 0.00000161810 
0.00141747416 	 1.83040950590 	 0.00000162893 
0.00141747416 	 1.89667219698 	 0.00000164024 
0.00141747416 	 1.96533366506 	 0.00000165202 
0.00141747416 	 2.03648074833 	 0.00000166168 
0.00141747416 	 2.11020342857 	 0.00000167527 
0.00141747416 	 2.18659494503 	 0.00000168940 
0.00141747416 	 2.26575191231 	 0.00000170409 
0.00141747416 	 2.34777444254 	 0.00000171942 
0.00141747416 	 2.43276627202 	 0.00000173579 
0.00141747416 	 2.52083489243 	 0.00000175232 
0.00141747416 	 2.61209168671 	 0.00000176947 
0.00141747416 	 2.70665207003 	 0.00000178718 
0.00141747416 	 2.80463563568 	 0.00000180539 
0.00141747416 	 2.90616630634 	 0.00000182435 
0.00141747416 	 3.01137249084 	 0.00000184420 
0.00141747416 	 3.12038724653 	 0.00000186497 
0.00141747416 	 3.23334844756 	 0.00000188666 
0.00141747416 	 3.35039895929 	 0.00000190933 
0.00141747416 	 3.47168681893 	 0.00000193298 
0.00141747416 	 3.59736542280 	 0.00000195768 
0.00141747416 	 3.72759372031 	 0.00000198353 
0.00141747416 	 3.86253641503 	 0.00000201060 
0.00141747416 	 4.00236417294 	 0.00000203887 
0.00141747416 	 4.14725383830 	 0.00000206846 
0.00141747416 	 4.29738865733 	 0.00000209579 
0.00141747416 	 4.45295850994 	 0.00000213140 
0.00141747416 	 4.61416014990 	 0.00000216834 
0.00141747416 	 4.78119745364 	 0.00000220700 
0.00141747416 	 4.95428167815 	 0.00000224703 
0.00141747416 	 5.13363172813 	 0.00000228461 
0.00141747416 	 5.31947443285 	 0.00000232950 
0.00141747416 	 5.51204483304 	 0.00000237639 
0.00141747416 	 5.71158647813 	 0.00000242546 
0.00141747416 	 5.91835173430 	 0.00000247680 
0.00141747416 	 6.13260210363 	 0.00000253043 
0.00141747416 	 6.35460855487 	 0.00000258666 
0.00141747416 	 6.58465186608 	 0.00000264571 
0.00141747416 	 6.82302297979 	 0.00000270781 
0.00141747416 	 7.07002337096 	 0.00000277320 
0.00141747416 	 7.32596542822 	 0.00000284209 
0.00141747416 	 7.59117284900 	 0.00000291475 
0.00141747416 	 7.86598104892 	 0.00000299158 
0.00141747416 	 8.15073758597 	 0.00000307296 
0.00141747416 	 8.44580260011 	 0.00000315676 
0.00141747416 	 8.75154926872 	 0.00000325279 
0.00141747416 	 9.06836427859 	 0.00000335377 
0.00141747416 	 9.39664831495 	 0.00000346022 
0.00141747416 	 9.73681656828 	 0.00000357260 
0.00141747416 	 10.08929925933 	 0.00000369140 
0.00141747416 	 10.45454218333 	 0.00000381729 
0.00141747416 	 10.83300727371 	 0.00000395088 
0.00141747416 	 11.22517318638 	 0.00000409285 
0.00141747416 	 11.63153590510 	 0.00000424399 
0.00141747416 	 12.05260936871 	 0.00000440173 
0.00141747416 	 12.48892612118 	 0.00000457611 
0.00141747416 	 12.94103798513 	 0.00000476152 
0.00141747416 	 13.40951675969 	 0.00000495909 
0.00141747416 	 13.89495494373 	 0.00000517048 
0.00141747416 	 14.39796648516 	 0.00000539668 
0.00141747416 	 14.91918755746 	 0.00000564045 
0.00141747416 	 15.45927736419 	 0.00000590487 
0.00141747416 	 16.01891897281 	 0.00000618706 
0.00141747416 	 16.59882017849 	 0.00000648955 
0.00141747416 	 17.19971439928 	 0.00000681489 
0.00141747416 	 17.82236160377 	 0.00000717421 
0.00141747416 	 18.46754927215 	 0.00000755179 
0.00141747416 	 19.13609339219 	 0.00000796592 
0.00141747416 	 19.82883949127 	 0.00000841088 
0.00141747416 	 20.54666370572 	 0.00000889090 
0.00141747416 	 21.29047388890 	 0.00000941063 
0.00141747416 	 22.06121075937 	 0.00000998766 
0.00141747416 	 22.85984909069 	 0.00001060899 
0.00141747416 	 23.68739894419 	 0.00001128045 
0.00141747416 	 24.54490694646 	 0.00001200915 
0.00141747416 	 25.43345761305 	 0.00001280140 
0.00141747416 	 26.35417472006 	 0.00001368021 
0.00141747416 	 27.30822272546 	 0.00001463299 
0.00141747416 	 28.29680824175 	 0.00001567003 
0.00141747416 	 29.32118156207 	 0.00001680249 
0.00141747416 	 30.38263824141 	 0.00001804474 
0.00141747416 	 31.48252073520 	 0.00001941064 
0.00141747416 	 32.62222009712 	 0.00002090450 
0.00141747416 	 33.80317773840 	 0.00002254300 
0.00141747416 	 35.02688725083 	 0.00002435569 
0.00141747416 	 36.29489629577 	 0.00002634069 
0.00141747416 	 37.60880856147 	 0.00002853130 
0.00141747416 	 38.97028579134 	 0.00003095075 
0.00141747416 	 40.38104988560 	 0.00003361393 
0.00141747416 	 41.84288507902 	 0.00003656013 
0.00141747416 	 43.35764019746 	 0.00003981860 
0.00141747416 	 44.92723099621 	 0.00004342256 
0.00141747416 	 46.55364258280 	 0.00004741426 
0.00141747416 	 48.23893192773 	 0.00005181558 
0.00141747416 	 49.98523046589 	 0.00005674548 
0.00141747416 	 51.79474679231 	 0.00006218323 
0.00141747416 	 53.66976945540 	 0.00006822468 
0.00141747416 	 55.61266985137 	 0.00007494566 
0.00141747416 	 57.62590522338 	 0.00008238288 
0.00141747416 	 59.71202176930 	 0.00009071172 
0.00141747416 	 61.87365786196 	 0.00009993224 
0.00141747416 	 64.11354738598 	 0.00011022592 
0.00141747416 	 66.43452319540 	 0.00012168705 
0.00141747416 	 68.83952069645 	 0.00013442218 
0.00141747416 	 71.33158156008 	 0.00014865530 
0.00141747416 	 73.91385756879 	 0.00016445699 
0.00141747416 	 76.58961460288 	 0.00018212222 
0.00141747416 	 79.36223677079 	 0.00020175362 
0.00141747416 	 82.23523068918 	 0.00022366629 
0.00141747416 	 85.21222991780 	 0.00024804425 
0.00141747416 	 88.29699955494 	 0.00027524073 
0.00141747416 	 91.49344099933 	 0.00030550782 
0.00141747416 	 94.80559688429 	 0.00033926904 
0.00141747416 	 98.23765619059 	 0.00037679599 
0.00141747416 	 101.79395954438 	 0.00041844196 
0.00141747416 	 105.47900470692 	 0.00046498654 
0.00141747416 	 109.29745226298 	 0.00051659139 
0.00141747416 	 113.25413151528 	 0.00057389568 
0.00141747416 	 117.35404659222 	 0.00063747941 
0.00141747416 	 121.60238277674 	 0.00070815872 
0.00141747416 	 126.00451306433 	 0.00078643626 
0.00141747416 	 130.56600495838 	 0.00087309613 
0.00141747416 	 135.29262751160 	 0.00096890649 
0.00141747416 	 140.19035862226 	 0.00107475408 
0.00141747416 	 145.26539259468 	 0.00119168283 
0.00141747416 	 150.52414797329 	 0.00132046785 
0.00141747416 	 155.97327566040 	 0.00146251014 
0.00141747416 	 161.61966732774 	 0.00161865426 
0.00141747416 	 167.47046413260 	 0.00179032008 
0.00141747416 	 173.53306574945 	 0.00197846791 
0.00141747416 	 179.81513972851 	 0.00218495558 
0.00141747416 	 186.32463119316 	 0.00241064967 
0.00141747416 	 193.06977288832 	 0.00265707331 
0.00141747416 	 200.05909559272 	 0.00292600294 
0.00141747416 	 207.30143890792 	 0.00321881171 
0.00141747416 	 214.80596243813 	 0.00353710918 
0.00141747416 	 222.58215737454 	 0.00388252836 
0.00141747416 	 230.63985849915 	 0.00425691368 
0.00141747416 	 238.98925662311 	 0.00466195689 
0.00141747416 	 247.64091147530 	 0.00509912596 
0.00141747416 	 256.60576505760 	 0.00557072664 
0.00141747416 	 265.89515548347 	 0.00607830012 
0.00141747416 	 275.52083131769 	 0.00662342196 
0.00141747416 	 285.49496643503 	 0.00720774329 
0.00141747416 	 295.83017541695 	 0.00783311349 
0.00141747416 	 306.53952950565 	 0.00850113255 
0.00141747416 	 317.63657313561 	 0.00921334801 
0.00141747416 	 329.13534106365 	 0.00997146436 
0.00141747416 	 341.05037611911 	 0.01077675561 
0.00141747416 	 353.39674759658 	 0.01163050027 
0.00141747416 	 366.19007031450 	 0.01253400324 
0.00141747416 	 379.44652436364 	 0.01348834659 
0.00141747416 	 393.18287557058 	 0.01449439768 
0.00141747416 	 407.41649670190 	 0.01555347778 
0.00141747416 	 422.16538943608 	 0.01666551396 
0.00141747416 	 437.44820713071 	 0.01783209333 
0.00141747416 	 453.28427841392 	 0.01905258266 
0.00141747416 	 469.69363162995 	 0.02032756880 
0.00141747416 	 486.69702016948 	 0.02165704212 
0.00141747416 	 504.31594871714 	 0.02304120511 
0.00141747416 	 522.57270044903 	 0.02447944765 
0.00141747416 	 541.49036521501 	 0.02597137080 
0.00141747416 	 561.09286874100 	 0.02751640837 
0.00141747416 	 581.40500288865 	 0.02911373806 
0.00141747416 	 602.45245701027 	 0.03076247719 
0.00141747416 	 624.26185043890 	 0.03246173435 
0.00141747416 	 646.86076615463 	 0.03421032694 
0.00141747416 	 670.27778566954 	 0.03600678095 
0.00141747416 	 694.54252517561 	 0.03785058331 
0.00141747416 	 719.68567300115 	 0.03973912429 
0.00141747416 	 745.73902842330 	 0.04167149809 
0.00141747416 	 772.73554188543 	 0.04364619473 
0.00141747416 	 800.70935667059 	 0.04566146129 
0.00141747416 	 829.69585208349 	 0.04771698673 
0.00141747416 	 859.73168819576 	 0.04980988191 
0.00141747416 	 890.85485221102 	 0.05193924532 
0.00141747416 	 923.10470650840 	 0.05410382916 
0.00141747416 	 956.52203842531 	 0.05630233847 
0.00141747416 	 991.14911184236 	 0.05853421556 
0.00141747416 	 1027.02972063577 	 0.06079753183 
0.00141747416 	 1064.20924406472 	 0.06309234958 
0.00141747416 	 1102.73470416390 	 0.06541763433 
0.00141747416 	 1142.65482521357 	 0.06777221880 
0.00141747416 	 1184.02009536266 	 0.07015613768 
0.00141747416 	 1226.88283048257 	 0.07256916940 
0.00141747416 	 1271.29724033264 	 0.07501162162 
0.00141747416 	 1317.31949712075 	 0.07748302552 
0.00141747416 	 1365.00780654601 	 0.07998436754 
0.00141747416 	 1414.42248141323 	 0.08251638245 
0.00141747416 	 1465.62601791225 	 0.08507760450 
0.00141747416 	 1518.68317465873 	 0.08766980844 
0.00141747416 	 1573.66105459626 	 0.09029489634 
0.00141747416 	 1630.62918986345 	 0.09295236551 
0.00141747416 	 1689.65962973324 	 0.09564269443 
0.00141747416 	 1750.82703173573 	 0.09836868189 
0.00141747416 	 1814.20875607977 	 0.10113096248 
0.00141747416 	 1879.88496349267 	 0.10392974964 
0.00141747416 	 1947.93871660183 	 0.10676698197 
0.00141747416 	 2018.45608498650 	 0.10964313165 
0.00141747416 	 2091.52625403246 	 0.11255938594 
0.00141747416 	 2167.24163772744 	 0.11551743290 
0.00141747416 	 2245.69799553977 	 0.11851958790 
0.00141747416 	 2326.99455352823 	 0.12156469817 
0.00141747416 	 2411.23412983612 	 0.12465550851 
0.00141747416 	 2498.52326472839 	 0.12779279762 
0.00141747416 	 2588.97235533627 	 0.13097819193 
0.00141747416 	 2682.69579527972 	 0.13421135803 
0.00141747416 	 2779.81211934445 	 0.13749576762 
0.00141747416 	 2880.44415339630 	 0.14082965808 
0.00141747416 	 2984.71916972271 	 0.14421569394 
0.00141747416 	 3092.76904799777 	 0.14765338387 
0.00141747416 	 3204.73044207429 	 0.15114586363 
0.00141747416 	 3320.74495281390 	 0.15469480805 
0.00141747416 	 3440.95930717388 	 0.15829851606 
0.00141747416 	 3565.52554377701 	 0.16195998666 
0.00141747416 	 3694.60120519930 	 0.16567851533 
0.00141747416 	 3828.34953721869 	 0.16945552625 
0.00141747416 	 3966.93969527677 	 0.17329245225 
0.00141747416 	 4110.54695841470 	 0.17718980681 
0.00141747416 	 4259.35295095366 	 0.18114909821 
0.00141747416 	 4413.54587220053 	 0.18517150860 
0.00141747416 	 4573.32073446906 	 0.18925913925 
0.00141747416 	 4738.87960971766 	 0.19340902981 
0.00141747416 	 4910.43188511573 	 0.19762311435 
0.00141747416 	 5088.19452786179 	 0.20190707041 
0.00141747416 	 5272.39235958825 	 0.20625531464 
0.00141747416 	 5463.25834069991 	 0.21067318029 
0.00141747416 	 5661.03386500583 	 0.21515876316 
0.00141747416 	 5865.96906501720 	 0.21971398870 
0.00141747416 	 6078.32312829723 	 0.22434078292 
0.00141747416 	 6298.36462526327 	 0.22903961458 
0.00141747416 	 6526.37184885573 	 0.23380927952 
0.00141747416 	 6762.63316650331 	 0.23865048075 
0.00141747416 	 7007.44738482975 	 0.24356637741 
0.00141747416 	 7261.12412756334 	 0.24855711020 
0.00141747416 	 7523.98422712716 	 0.25362420437 
0.00141747416 	 7796.36013040524 	 0.25876477888 
0.00141747416 	 8078.59631919787 	 0.26398709967 
0.00141747416 	 8371.04974589791 	 0.26928509187 
0.00141747416 	 8674.09028493891 	 0.27465970234 
0.00141747416 	 8988.10120058618 	 0.28011299858 
0.00141747416 	 9313.47963166233 	 0.28564578650 
0.00141747416 	 9650.63709382046 	 0.29125844386 
0.00141747416 	 10000.00000000000 	 0.29695049966 
