0.28480358684 	 0.00000000000 	 0.00001061490 
0.28480358684 	 0.01000000000 	 0.00001115146 
0.28480358684 	 0.02000000000 	 0.00001152582 
0.28480358684 	 0.03000000000 	 0.00001246583 
0.28480358684 	 0.04000000000 	 0.00001277105 
0.28480358684 	 0.05000000000 	 0.00001336713 
0.28480358684 	 0.06000000000 	 0.00001395680 
0.28480358684 	 0.07000000000 	 0.00001437339 
0.28480358684 	 0.08000000000 	 0.00001519331 
0.28480358684 	 0.09000000000 	 0.00001585953 
0.28480358684 	 0.10000000000 	 0.00001652301 
0.28480358684 	 0.11000000000 	 0.00001758274 
0.28480358684 	 0.12000000000 	 0.00001796362 
0.28480358684 	 0.13000000000 	 0.00001882176 
0.28480358684 	 0.14000000000 	 0.00001962074 
0.28480358684 	 0.15000000000 	 0.00002044737 
0.28480358684 	 0.16000000000 	 0.00002131628 
0.28480358684 	 0.17000000000 	 0.00002201209 
0.28480358684 	 0.18000000000 	 0.00002275538 
0.28480358684 	 0.19000000000 	 0.00002354586 
0.28480358684 	 0.20000000000 	 0.00002450033 
0.28480358684 	 0.21000000000 	 0.00002515145 
0.28480358684 	 0.22000000000 	 0.00002609329 
0.28480358684 	 0.23000000000 	 0.00002745190 
0.28480358684 	 0.24000000000 	 0.00002825713 
0.28480358684 	 0.25000000000 	 0.00002893896 
0.28480358684 	 0.26000000000 	 0.00003004385 
0.28480358684 	 0.27000000000 	 0.00003105807 
0.28480358684 	 0.28000000000 	 0.00003196206 
0.28480358684 	 0.29000000000 	 0.00003304850 
0.28480358684 	 0.30000000000 	 0.00003415271 
0.28480358684 	 0.31000000000 	 0.00003525494 
0.28480358684 	 0.32000000000 	 0.00003633269 
0.28480358684 	 0.33000000000 	 0.00003744914 
0.28480358684 	 0.34000000000 	 0.00003883606 
0.28480358684 	 0.35000000000 	 0.00003996335 
0.28480358684 	 0.36000000000 	 0.00004115740 
0.28480358684 	 0.37000000000 	 0.00004241190 
0.28480358684 	 0.38000000000 	 0.00004319219 
0.28480358684 	 0.39000000000 	 0.00004434995 
0.28480358684 	 0.40000000000 	 0.00004599958 
0.28480358684 	 0.41000000000 	 0.00004703594 
0.28480358684 	 0.42000000000 	 0.00004834605 
0.28480358684 	 0.43000000000 	 0.00004994522 
0.28480358684 	 0.44000000000 	 0.00005115595 
0.28480358684 	 0.45000000000 	 0.00005240401 
0.28480358684 	 0.46000000000 	 0.00005372554 
0.28480358684 	 0.47000000000 	 0.00005508840 
0.28480358684 	 0.48000000000 	 0.00005650100 
0.28480358684 	 0.49000000000 	 0.00005791222 
0.28480358684 	 0.50000000000 	 0.00005940654 
0.28480358684 	 0.51000000000 	 0.00006093304 
0.28480358684 	 0.52000000000 	 0.00006251751 
0.28480358684 	 0.53000000000 	 0.00006403825 
0.28480358684 	 0.54000000000 	 0.00006550786 
0.28480358684 	 0.55000000000 	 0.00006681797 
0.28480358684 	 0.56000000000 	 0.00006843823 
0.28480358684 	 0.57000000000 	 0.00007040499 
0.28480358684 	 0.58000000000 	 0.00007210996 
0.28480358684 	 0.59000000000 	 0.00007365484 
0.28480358684 	 0.60000000000 	 0.00007545589 
0.28480358684 	 0.61000000000 	 0.00007723163 
0.28480358684 	 0.62000000000 	 0.00007846071 
0.28480358684 	 0.63000000000 	 0.00008077187 
0.28480358684 	 0.64000000000 	 0.00008236521 
0.28480358684 	 0.65000000000 	 0.00008420493 
0.28480358684 	 0.66000000000 	 0.00008528717 
0.28480358684 	 0.67000000000 	 0.00008785428 
0.28480358684 	 0.68000000000 	 0.00008975412 
0.28480358684 	 0.69000000000 	 0.00009157567 
0.28480358684 	 0.70000000000 	 0.00009340597 
0.28480358684 	 0.71000000000 	 0.00009524195 
0.28480358684 	 0.72000000000 	 0.00009733859 
0.28480358684 	 0.73000000000 	 0.00009828071 
0.28480358684 	 0.74000000000 	 0.00010028466 
0.28480358684 	 0.75000000000 	 0.00010232177 
0.28480358684 	 0.76000000000 	 0.00010560397 
0.28480358684 	 0.77000000000 	 0.00010776444 
0.28480358684 	 0.78000000000 	 0.00010993678 
0.28480358684 	 0.79000000000 	 0.00011080913 
0.28480358684 	 0.80000000000 	 0.00011287583 
0.28480358684 	 0.81000000000 	 0.00011503024 
0.28480358684 	 0.82000000000 	 0.00011715605 
0.28480358684 	 0.83000000000 	 0.00012052228 
0.28480358684 	 0.84000000000 	 0.00012306718 
0.28480358684 	 0.85000000000 	 0.00012491383 
0.28480358684 	 0.86000000000 	 0.00012626544 
0.28480358684 	 0.87000000000 	 0.00013011748 
0.28480358684 	 0.88000000000 	 0.00013203740 
0.28480358684 	 0.89000000000 	 0.00013434012 
0.28480358684 	 0.90000000000 	 0.00013673519 
0.28480358684 	 0.91000000000 	 0.00013811209 
0.28480358684 	 0.92000000000 	 0.00014156066 
0.28480358684 	 0.93000000000 	 0.00014411949 
0.28480358684 	 0.94000000000 	 0.00014663574 
0.28480358684 	 0.95000000000 	 0.00014919102 
0.28480358684 	 0.96000000000 	 0.00015181537 
0.28480358684 	 0.97000000000 	 0.00015425303 
0.28480358684 	 0.98000000000 	 0.00015675843 
0.28480358684 	 0.99000000000 	 0.00015929167 
0.28480358684 	 1.00000000000 	 0.00016187777 
0.28480358684 	 1.03620101997 	 0.00017182629 
0.28480358684 	 1.07371255379 	 0.00018213594 
0.28480358684 	 1.11258204340 	 0.00019333550 
0.28480358684 	 1.15285864817 	 0.00020502571 
0.28480358684 	 1.19459330712 	 0.00021796729 
0.28480358684 	 1.23783880329 	 0.00023172901 
0.28480358684 	 1.28264983053 	 0.00024691802 
0.28480358684 	 1.32908306266 	 0.00026163924 
0.28480358684 	 1.37719722516 	 0.00027989486 
0.28480358684 	 1.42705316941 	 0.00029798206 
0.28480358684 	 1.47871394970 	 0.00031643599 
0.28480358684 	 1.53224490292 	 0.00033848110 
0.28480358684 	 1.58771373126 	 0.00036143702 
0.28480358684 	 1.64519058775 	 0.00038595975 
0.28480358684 	 1.70474816508 	 0.00041212328 
0.28480358684 	 1.76646178745 	 0.00044089779 
0.28480358684 	 1.83040950590 	 0.00047154763 
0.28480358684 	 1.89667219698 	 0.00050395243 
0.28480358684 	 1.96533366506 	 0.00053913332 
0.28480358684 	 2.03648074833 	 0.00057640519 
0.28480358684 	 2.11020342857 	 0.00061667108 
0.28480358684 	 2.18659494503 	 0.00066102846 
0.28480358684 	 2.26575191231 	 0.00070743661 
0.28480358684 	 2.34777444254 	 0.00075705841 
0.28480358684 	 2.43276627202 	 0.00081116526 
0.28480358684 	 2.52083489243 	 0.00086855895 
0.28480358684 	 2.61209168671 	 0.00092979154 
0.28480358684 	 2.70665207003 	 0.00099711193 
0.28480358684 	 2.80463563568 	 0.00106884146 
0.28480358684 	 2.90616630634 	 0.00114619344 
0.28480358684 	 3.01137249084 	 0.00122895643 
0.28480358684 	 3.12038724653 	 0.00131665391 
0.28480358684 	 3.23334844756 	 0.00141212870 
0.28480358684 	 3.35039895929 	 0.00151404941 
0.28480358684 	 3.47168681893 	 0.00162288602 
0.28480358684 	 3.59736542280 	 0.00173971524 
0.28480358684 	 3.72759372031 	 0.00186481688 
0.28480358684 	 3.86253641503 	 0.00199901230 
0.28480358684 	 4.00236417294 	 0.00214355716 
0.28480358684 	 4.14725383830 	 0.00229729365 
0.28480358684 	 4.29738865733 	 0.00246083427 
0.28480358684 	 4.45295850994 	 0.00263720713 
0.28480358684 	 4.61416014990 	 0.00282491802 
0.28480358684 	 4.78119745364 	 0.00302439953 
0.28480358684 	 4.95428167815 	 0.00323836700 
0.28480358684 	 5.13363172813 	 0.00346744229 
0.28480358684 	 5.31947443285 	 0.00370994615 
0.28480358684 	 5.51204483304 	 0.00397133301 
0.28480358684 	 5.71158647813 	 0.00424800410 
0.28480358684 	 5.91835173430 	 0.00454120144 
0.28480358684 	 6.13260210363 	 0.00485514397 
0.28480358684 	 6.35460855487 	 0.00518425251 
0.28480358684 	 6.58465186608 	 0.00554198047 
0.28480358684 	 6.82302297979 	 0.00591382690 
0.28480358684 	 7.07002337096 	 0.00631003130 
0.28480358684 	 7.32596542822 	 0.00673712203 
0.28480358684 	 7.59117284900 	 0.00718342995 
0.28480358684 	 7.86598104892 	 0.00765762586 
0.28480358684 	 8.15073758597 	 0.00814749608 
0.28480358684 	 8.44580260011 	 0.00868615594 
0.28480358684 	 8.75154926872 	 0.00924543119 
0.28480358684 	 9.06836427859 	 0.00983577817 
0.28480358684 	 9.39664831495 	 0.01045280536 
0.28480358684 	 9.73681656828 	 0.01110760039 
0.28480358684 	 10.08929925933 	 0.01179519362 
0.28480358684 	 10.45454218333 	 0.01251470552 
0.28480358684 	 10.83300727371 	 0.01327731891 
0.28480358684 	 11.22517318638 	 0.01408120054 
0.28480358684 	 11.63153590510 	 0.01491674778 
0.28480358684 	 12.05260936871 	 0.01578605479 
0.28480358684 	 12.48892612118 	 0.01670445484 
0.28480358684 	 12.94103798513 	 0.01765909200 
0.28480358684 	 13.40951675969 	 0.01866013361 
0.28480358684 	 13.89495494373 	 0.01969945869 
0.28480358684 	 14.39796648516 	 0.02078410567 
0.28480358684 	 14.91918755746 	 0.02191076814 
0.28480358684 	 15.45927736419 	 0.02308934637 
0.28480358684 	 16.01891897281 	 0.02430735667 
0.28480358684 	 16.59882017849 	 0.02557239111 
0.28480358684 	 17.19971439928 	 0.02688328331 
0.28480358684 	 17.82236160377 	 0.02824714416 
0.28480358684 	 18.46754927215 	 0.02965156094 
0.28480358684 	 19.13609339219 	 0.03109395378 
0.28480358684 	 19.82883949127 	 0.03258742662 
0.28480358684 	 20.54666370572 	 0.03412870863 
0.28480358684 	 21.29047388890 	 0.03571892132 
0.28480358684 	 22.06121075937 	 0.03734873306 
0.28480358684 	 22.85984909069 	 0.03902460393 
0.28480358684 	 23.68739894419 	 0.04074362168 
0.28480358684 	 24.54490694646 	 0.04250397325 
0.28480358684 	 25.43345761305 	 0.04430878367 
0.28480358684 	 26.35417472006 	 0.04615497496 
0.28480358684 	 27.30822272546 	 0.04804625230 
0.28480358684 	 28.29680824175 	 0.04997321514 
0.28480358684 	 29.32118156207 	 0.05193632601 
0.28480358684 	 30.38263824141 	 0.05393364228 
0.28480358684 	 31.48252073520 	 0.05597050495 
0.28480358684 	 32.62222009712 	 0.05803977892 
0.28480358684 	 33.80317773840 	 0.06014530399 
0.28480358684 	 35.02688725083 	 0.06228129785 
0.28480358684 	 36.29489629577 	 0.06444902393 
0.28480358684 	 37.60880856147 	 0.06664624428 
0.28480358684 	 38.97028579134 	 0.06887194105 
0.28480358684 	 40.38104988560 	 0.07112469456 
0.28480358684 	 41.84288507902 	 0.07340683537 
0.28480358684 	 43.35764019746 	 0.07571000638 
0.28480358684 	 44.92723099621 	 0.07803950895 
0.28480358684 	 46.55364258280 	 0.08039312030 
0.28480358684 	 48.23893192773 	 0.08276961522 
0.28480358684 	 49.98523046589 	 0.08516741618 
0.28480358684 	 51.79474679231 	 0.08758866259 
0.28480358684 	 53.66976945540 	 0.09003819986 
0.28480358684 	 55.61266985137 	 0.09249987954 
0.28480358684 	 57.62590522338 	 0.09498713787 
0.28480358684 	 59.71202176930 	 0.09749689766 
0.28480358684 	 61.87365786196 	 0.10002892794 
0.28480358684 	 64.11354738598 	 0.10258383263 
0.28480358684 	 66.43452319540 	 0.10516241323 
0.28480358684 	 68.83952069645 	 0.10776430420 
0.28480358684 	 71.33158156008 	 0.11039280749 
0.28480358684 	 73.91385756879 	 0.11304623424 
0.28480358684 	 76.58961460288 	 0.11572498666 
0.28480358684 	 79.36223677079 	 0.11843305819 
0.28480358684 	 82.23523068918 	 0.12116826066 
0.28480358684 	 85.21222991780 	 0.12393259097 
0.28480358684 	 88.29699955494 	 0.12672971410 
0.28480358684 	 91.49344099933 	 0.12955816427 
0.28480358684 	 94.80559688429 	 0.13241932145 
0.28480358684 	 98.23765619059 	 0.13531538607 
0.28480358684 	 101.79395954438 	 0.13824678777 
0.28480358684 	 105.47900470692 	 0.14121346577 
0.28480358684 	 109.29745226298 	 0.14421780705 
0.28480358684 	 113.25413151528 	 0.14726281317 
0.28480358684 	 117.35404659222 	 0.15034849748 
0.28480358684 	 121.60238277674 	 0.15347509109 
0.28480358684 	 126.00451306433 	 0.15664341175 
0.28480358684 	 130.56600495838 	 0.15985502642 
0.28480358684 	 135.29262751160 	 0.16311202922 
0.28480358684 	 140.19035862226 	 0.16641393288 
0.28480358684 	 145.26539259468 	 0.16976229129 
0.28480358684 	 150.52414797329 	 0.17315859632 
0.28480358684 	 155.97327566040 	 0.17660418664 
0.28480358684 	 161.61966732774 	 0.18009929730 
0.28480358684 	 167.47046413260 	 0.18364441858 
0.28480358684 	 173.53306574945 	 0.18724315562 
0.28480358684 	 179.81513972851 	 0.19089355753 
0.28480358684 	 186.32463119316 	 0.19459877964 
0.28480358684 	 193.06977288832 	 0.19835713905 
0.28480358684 	 200.05909559272 	 0.20216990630 
0.28480358684 	 207.30143890792 	 0.20603927707 
0.28480358684 	 214.80596243813 	 0.20996844427 
0.28480358684 	 222.58215737454 	 0.21395544335 
0.28480358684 	 230.63985849915 	 0.21800149478 
0.28480358684 	 238.98925662311 	 0.22210580329 
0.28480358684 	 247.64091147530 	 0.22627091271 
0.28480358684 	 256.60576505760 	 0.23050042550 
0.28480358684 	 265.89515548347 	 0.23479420517 
0.28480358684 	 275.52083131769 	 0.23914925166 
0.28480358684 	 285.49496643503 	 0.24356889636 
0.28480358684 	 295.83017541695 	 0.24805459168 
0.28480358684 	 306.53952950565 	 0.25260614852 
0.28480358684 	 317.63657313561 	 0.25722446903 
0.28480358684 	 329.13534106365 	 0.26191020572 
0.28480358684 	 341.05037611911 	 0.26666419139 
0.28480358684 	 353.39674759658 	 0.27148843117 
0.28480358684 	 366.19007031450 	 0.27638356118 
0.28480358684 	 379.44652436364 	 0.28135155279 
0.28480358684 	 393.18287557058 	 0.28638873147 
0.28480358684 	 407.41649670190 	 0.29149926532 
0.28480358684 	 422.16538943608 	 0.29668210188 
0.28480358684 	 437.44820713071 	 0.30193875255 
0.28480358684 	 453.28427841392 	 0.30726936797 
0.28480358684 	 469.69363162995 	 0.31267441643 
0.28480358684 	 486.69702016948 	 0.31815276684 
0.28480358684 	 504.31594871714 	 0.32371448192 
0.28480358684 	 522.57270044903 	 0.32934778211 
0.28480358684 	 541.49036521501 	 0.33505856989 
0.28480358684 	 561.09286874100 	 0.34084695443 
0.28480358684 	 581.40500288865 	 0.34671282895 
0.28480358684 	 602.45245701027 	 0.35265574809 
0.28480358684 	 624.26185043890 	 0.35867642192 
0.28480358684 	 646.86076615463 	 0.36477672087 
0.28480358684 	 670.27778566954 	 0.37095587914 
0.28480358684 	 694.54252517561 	 0.37721048543 
0.28480358684 	 719.68567300115 	 0.38355128943 
0.28480358684 	 745.73902842330 	 0.38996722170 
0.28480358684 	 772.73554188543 	 0.39646093489 
0.28480358684 	 800.70935667059 	 0.40303288999 
0.28480358684 	 829.69585208349 	 0.40968369297 
0.28480358684 	 859.73168819576 	 0.41641154271 
0.28480358684 	 890.85485221102 	 0.42321542490 
0.28480358684 	 923.10470650840 	 0.43009913304 
0.28480358684 	 956.52203842531 	 0.43706012658 
0.28480358684 	 991.14911184236 	 0.44409608852 
0.28480358684 	 1027.02972063577 	 0.45120658176 
0.28480358684 	 1064.20924406472 	 0.45839025893 
0.28480358684 	 1102.73470416390 	 0.46564599146 
0.28480358684 	 1142.65482521357 	 0.47297436501 
0.28480358684 	 1184.02009536266 	 0.48037332523 
0.28480358684 	 1226.88283048257 	 0.48784375099 
0.28480358684 	 1271.29724033264 	 0.49538263938 
0.28480358684 	 1317.31949712075 	 0.50298562365 
0.28480358684 	 1365.00780654601 	 0.51065288241 
0.28480358684 	 1414.42248141323 	 0.51838304502 
0.28480358684 	 1465.62601791225 	 0.52617447671 
0.28480358684 	 1518.68317465873 	 0.53402506474 
0.28480358684 	 1573.66105459626 	 0.54193239559 
0.28480358684 	 1630.62918986345 	 0.54989216998 
0.28480358684 	 1689.65962973324 	 0.55790611196 
0.28480358684 	 1750.82703173573 	 0.56596631711 
0.28480358684 	 1814.20875607977 	 0.57407234436 
0.28480358684 	 1879.88496349267 	 0.58222100933 
0.28480358684 	 1947.93871660183 	 0.59040861372 
0.28480358684 	 2018.45608498650 	 0.59863395821 
0.28480358684 	 2091.52625403246 	 0.60689190464 
0.28480358684 	 2167.24163772744 	 0.61517757118 
0.28480358684 	 2245.69799553977 	 0.62348846804 
0.28480358684 	 2326.99455352823 	 0.63182033409 
0.28480358684 	 2411.23412983612 	 0.64016910223 
0.28480358684 	 2498.52326472839 	 0.64853001494 
0.28480358684 	 2588.97235533627 	 0.65689849662 
0.28480358684 	 2682.69579527972 	 0.66526982590 
0.28480358684 	 2779.81211934445 	 0.67363956204 
0.28480358684 	 2880.44415339630 	 0.68200294251 
0.28480358684 	 2984.71916972271 	 0.69035436973 
0.28480358684 	 3092.76904799777 	 0.69868868246 
0.28480358684 	 3204.73044207429 	 0.70699940416 
0.28480358684 	 3320.74495281390 	 0.71528227006 
0.28480358684 	 3440.95930717388 	 0.72353170800 
0.28480358684 	 3565.52554377701 	 0.73174196807 
0.28480358684 	 3694.60120519930 	 0.73990692894 
0.28480358684 	 3828.34953721869 	 0.74801955010 
0.28480358684 	 3966.93969527677 	 0.75607428685 
0.28480358684 	 4110.54695841470 	 0.76406618065 
0.28480358684 	 4259.35295095366 	 0.77198905401 
0.28480358684 	 4413.54587220053 	 0.77983569351 
0.28480358684 	 4573.32073446906 	 0.78760006794 
0.28480358684 	 4738.87960971766 	 0.79527680875 
0.28480358684 	 4910.43188511573 	 0.80286044054 
0.28480358684 	 5088.19452786179 	 0.81034434847 
0.28480358684 	 5272.39235958825 	 0.81772149145 
0.28480358684 	 5463.25834069991 	 0.82498621900 
0.28480358684 	 5661.03386500583 	 0.83213329767 
0.28480358684 	 5865.96906501720 	 0.83915760437 
0.28480358684 	 6078.32312829723 	 0.84605370648 
0.28480358684 	 6298.36462526327 	 0.85281823100 
0.28480358684 	 6526.37184885573 	 0.85943972504 
0.28480358684 	 6762.63316650331 	 0.86591710064 
0.28480358684 	 7007.44738482975 	 0.87224681465 
0.28480358684 	 7261.12412756334 	 0.87842460749 
0.28480358684 	 7523.98422712716 	 0.88444486981 
0.28480358684 	 7796.36013040524 	 0.89030161450 
0.28480358684 	 8078.59631919787 	 0.89599440677 
0.28480358684 	 8371.04974589791 	 0.90151934252 
0.28480358684 	 8674.09028493891 	 0.90687391345 
0.28480358684 	 8988.10120058618 	 0.91205595405 
0.28480358684 	 9313.47963166233 	 0.91706235486 
0.28480358684 	 9650.63709382046 	 0.92189037398 
0.28480358684 	 10000.00000000000 	 0.92654089754 
