0.00613590727 	 0.00000000000 	 0.00000195757 
0.00613590727 	 0.01000000000 	 0.00000196613 
0.00613590727 	 0.02000000000 	 0.00000197473 
0.00613590727 	 0.03000000000 	 0.00000198335 
0.00613590727 	 0.04000000000 	 0.00000199200 
0.00613590727 	 0.05000000000 	 0.00000200068 
0.00613590727 	 0.06000000000 	 0.00000200940 
0.00613590727 	 0.07000000000 	 0.00000201816 
0.00613590727 	 0.08000000000 	 0.00000202695 
0.00613590727 	 0.09000000000 	 0.00000202924 
0.00613590727 	 0.10000000000 	 0.00000203896 
0.00613590727 	 0.11000000000 	 0.00000204868 
0.00613590727 	 0.12000000000 	 0.00000205840 
0.00613590727 	 0.13000000000 	 0.00000206812 
0.00613590727 	 0.14000000000 	 0.00000207784 
0.00613590727 	 0.15000000000 	 0.00000208758 
0.00613590727 	 0.16000000000 	 0.00000209734 
0.00613590727 	 0.17000000000 	 0.00000210712 
0.00613590727 	 0.18000000000 	 0.00000211690 
0.00613590727 	 0.19000000000 	 0.00000212670 
0.00613590727 	 0.20000000000 	 0.00000213651 
0.00613590727 	 0.21000000000 	 0.00000214633 
0.00613590727 	 0.22000000000 	 0.00000215616 
0.00613590727 	 0.23000000000 	 0.00000216599 
0.00613590727 	 0.24000000000 	 0.00000217585 
0.00613590727 	 0.25000000000 	 0.00000218572 
0.00613590727 	 0.26000000000 	 0.00000219560 
0.00613590727 	 0.27000000000 	 0.00000220550 
0.00613590727 	 0.28000000000 	 0.00000221541 
0.00613590727 	 0.29000000000 	 0.00000222534 
0.00613590727 	 0.30000000000 	 0.00000223529 
0.00613590727 	 0.31000000000 	 0.00000224525 
0.00613590727 	 0.32000000000 	 0.00000225524 
0.00613590727 	 0.33000000000 	 0.00000226525 
0.00613590727 	 0.34000000000 	 0.00000227528 
0.00613590727 	 0.35000000000 	 0.00000228533 
0.00613590727 	 0.36000000000 	 0.00000229541 
0.00613590727 	 0.37000000000 	 0.00000230785 
0.00613590727 	 0.38000000000 	 0.00000231807 
0.00613590727 	 0.39000000000 	 0.00000232831 
0.00613590727 	 0.40000000000 	 0.00000233857 
0.00613590727 	 0.41000000000 	 0.00000234884 
0.00613590727 	 0.42000000000 	 0.00000235914 
0.00613590727 	 0.43000000000 	 0.00000236946 
0.00613590727 	 0.44000000000 	 0.00000237981 
0.00613590727 	 0.45000000000 	 0.00000239018 
0.00613590727 	 0.46000000000 	 0.00000240057 
0.00613590727 	 0.47000000000 	 0.00000241099 
0.00613590727 	 0.48000000000 	 0.00000242143 
0.00613590727 	 0.49000000000 	 0.00000243190 
0.00613590727 	 0.50000000000 	 0.00000244239 
0.00613590727 	 0.51000000000 	 0.00000245289 
0.00613590727 	 0.52000000000 	 0.00000246339 
0.00613590727 	 0.53000000000 	 0.00000247385 
0.00613590727 	 0.54000000000 	 0.00000248438 
0.00613590727 	 0.55000000000 	 0.00000249495 
0.00613590727 	 0.56000000000 	 0.00000250548 
0.00613590727 	 0.57000000000 	 0.00000251605 
0.00613590727 	 0.58000000000 	 0.00000252659 
0.00613590727 	 0.59000000000 	 0.00000253703 
0.00613590727 	 0.60000000000 	 0.00000254768 
0.00613590727 	 0.61000000000 	 0.00000255838 
0.00613590727 	 0.62000000000 	 0.00000256910 
0.00613590727 	 0.63000000000 	 0.00000257985 
0.00613590727 	 0.64000000000 	 0.00000259062 
0.00613590727 	 0.65000000000 	 0.00000260137 
0.00613590727 	 0.66000000000 	 0.00000261224 
0.00613590727 	 0.67000000000 	 0.00000262317 
0.00613590727 	 0.68000000000 	 0.00000263414 
0.00613590727 	 0.69000000000 	 0.00000264514 
0.00613590727 	 0.70000000000 	 0.00000265620 
0.00613590727 	 0.71000000000 	 0.00000266730 
0.00613590727 	 0.72000000000 	 0.00000267843 
0.00613590727 	 0.73000000000 	 0.00000268959 
0.00613590727 	 0.74000000000 	 0.00000270080 
0.00613590727 	 0.75000000000 	 0.00000271205 
0.00613590727 	 0.76000000000 	 0.00000272332 
0.00613590727 	 0.77000000000 	 0.00000273463 
0.00613590727 	 0.78000000000 	 0.00000274596 
0.00613590727 	 0.79000000000 	 0.00000275733 
0.00613590727 	 0.80000000000 	 0.00000276876 
0.00613590727 	 0.81000000000 	 0.00000278022 
0.00613590727 	 0.82000000000 	 0.00000279169 
0.00613590727 	 0.83000000000 	 0.00000279624 
0.00613590727 	 0.84000000000 	 0.00000280882 
0.00613590727 	 0.85000000000 	 0.00000282130 
0.00613590727 	 0.86000000000 	 0.00000283377 
0.00613590727 	 0.87000000000 	 0.00000284628 
0.00613590727 	 0.88000000000 	 0.00000285884 
0.00613590727 	 0.89000000000 	 0.00000287139 
0.00613590727 	 0.90000000000 	 0.00000288394 
0.00613590727 	 0.91000000000 	 0.00000289656 
0.00613590727 	 0.92000000000 	 0.00000290928 
0.00613590727 	 0.93000000000 	 0.00000292199 
0.00613590727 	 0.94000000000 	 0.00000293468 
0.00613590727 	 0.95000000000 	 0.00000294734 
0.00613590727 	 0.96000000000 	 0.00000295997 
0.00613590727 	 0.97000000000 	 0.00000297262 
0.00613590727 	 0.98000000000 	 0.00000298530 
0.00613590727 	 0.99000000000 	 0.00000299802 
0.00613590727 	 1.00000000000 	 0.00000301076 
0.00613590727 	 1.03620101997 	 0.00000305704 
0.00613590727 	 1.07371255379 	 0.00000310528 
0.00613590727 	 1.11258204340 	 0.00000315566 
0.00613590727 	 1.15285864817 	 0.00000320826 
0.00613590727 	 1.19459330712 	 0.00000326327 
0.00613590727 	 1.23783880329 	 0.00000332092 
0.00613590727 	 1.28264983053 	 0.00000338389 
0.00613590727 	 1.32908306266 	 0.00000344828 
0.00613590727 	 1.37719722516 	 0.00000351583 
0.00613590727 	 1.42705316941 	 0.00000358675 
0.00613590727 	 1.47871394970 	 0.00000366130 
0.00613590727 	 1.53224490292 	 0.00000373974 
0.00613590727 	 1.58771373126 	 0.00000382235 
0.00613590727 	 1.64519058775 	 0.00000390941 
0.00613590727 	 1.70474816508 	 0.00000399423 
0.00613590727 	 1.76646178745 	 0.00000409662 
0.00613590727 	 1.83040950590 	 0.00000420377 
0.00613590727 	 1.89667219698 	 0.00000431639 
0.00613590727 	 1.96533366506 	 0.00000443450 
0.00613590727 	 2.03648074833 	 0.00000455879 
0.00613590727 	 2.11020342857 	 0.00000469025 
0.00613590727 	 2.18659494503 	 0.00000482905 
0.00613590727 	 2.26575191231 	 0.00000497587 
0.00613590727 	 2.34777444254 	 0.00000513138 
0.00613590727 	 2.43276627202 	 0.00000529631 
0.00613590727 	 2.52083489243 	 0.00000547143 
0.00613590727 	 2.61209168671 	 0.00000565769 
0.00613590727 	 2.70665207003 	 0.00000585425 
0.00613590727 	 2.80463563568 	 0.00000606791 
0.00613590727 	 2.90616630634 	 0.00000629365 
0.00613590727 	 3.01137249084 	 0.00000653406 
0.00613590727 	 3.12038724653 	 0.00000679150 
0.00613590727 	 3.23334844756 	 0.00000706422 
0.00613590727 	 3.35039895929 	 0.00000736309 
0.00613590727 	 3.47168681893 	 0.00000768066 
0.00613590727 	 3.59736542280 	 0.00000801882 
0.00613590727 	 3.72759372031 	 0.00000838119 
0.00613590727 	 3.86253641503 	 0.00000876403 
0.00613590727 	 4.00236417294 	 0.00000919232 
0.00613590727 	 4.14725383830 	 0.00000964889 
0.00613590727 	 4.29738865733 	 0.00001013729 
0.00613590727 	 4.45295850994 	 0.00001066132 
0.00613590727 	 4.61416014990 	 0.00001122592 
0.00613590727 	 4.78119745364 	 0.00001184156 
0.00613590727 	 4.95428167815 	 0.00001251199 
0.00613590727 	 5.13363172813 	 0.00001323272 
0.00613590727 	 5.31947443285 	 0.00001401043 
0.00613590727 	 5.51204483304 	 0.00001485230 
0.00613590727 	 5.71158647813 	 0.00001577150 
0.00613590727 	 5.91835173430 	 0.00001677613 
0.00613590727 	 6.13260210363 	 0.00001786329 
0.00613590727 	 6.35460855487 	 0.00001904329 
0.00613590727 	 6.58465186608 	 0.00002032760 
0.00613590727 	 6.82302297979 	 0.00002173321 
0.00613590727 	 7.07002337096 	 0.00002326926 
0.00613590727 	 7.32596542822 	 0.00002494379 
0.00613590727 	 7.59117284900 	 0.00002677347 
0.00613590727 	 7.86598104892 	 0.00002878965 
0.00613590727 	 8.15073758597 	 0.00003098940 
0.00613590727 	 8.44580260011 	 0.00003340524 
0.00613590727 	 8.75154926872 	 0.00003606422 
0.00613590727 	 9.06836427859 	 0.00003897943 
0.00613590727 	 9.39664831495 	 0.00004218059 
0.00613590727 	 9.73681656828 	 0.00004572924 
0.00613590727 	 10.08929925933 	 0.00004961888 
0.00613590727 	 10.45454218333 	 0.00005392693 
0.00613590727 	 10.83300727371 	 0.00005867640 
0.00613590727 	 11.22517318638 	 0.00006391476 
0.00613590727 	 11.63153590510 	 0.00006970968 
0.00613590727 	 12.05260936871 	 0.00007609779 
0.00613590727 	 12.48892612118 	 0.00008320926 
0.00613590727 	 12.94103798513 	 0.00009104969 
0.00613590727 	 13.40951675969 	 0.00009975371 
0.00613590727 	 13.89495494373 	 0.00010939186 
0.00613590727 	 14.39796648516 	 0.00012006428 
0.00613590727 	 14.91918755746 	 0.00013195522 
0.00613590727 	 15.45927736419 	 0.00014512819 
0.00613590727 	 16.01891897281 	 0.00015972268 
0.00613590727 	 16.59882017849 	 0.00017598243 
0.00613590727 	 17.19971439928 	 0.00019399252 
0.00613590727 	 17.82236160377 	 0.00021402175 
0.00613590727 	 18.46754927215 	 0.00023620540 
0.00613590727 	 19.13609339219 	 0.00026093547 
0.00613590727 	 19.82883949127 	 0.00028826681 
0.00613590727 	 20.54666370572 	 0.00031880114 
0.00613590727 	 21.29047388890 	 0.00035247759 
0.00613590727 	 22.06121075937 	 0.00039017716 
0.00613590727 	 22.85984909069 	 0.00043169825 
0.00613590727 	 23.68739894419 	 0.00047794783 
0.00613590727 	 24.54490694646 	 0.00052911291 
0.00613590727 	 25.43345761305 	 0.00058588753 
0.00613590727 	 26.35417472006 	 0.00064876248 
0.00613590727 	 27.30822272546 	 0.00071811962 
0.00613590727 	 28.29680824175 	 0.00079538892 
0.00613590727 	 29.32118156207 	 0.00088034864 
0.00613590727 	 30.38263824141 	 0.00097421332 
0.00613590727 	 31.48252073520 	 0.00107781353 
0.00613590727 	 32.62222009712 	 0.00119185172 
0.00613590727 	 33.80317773840 	 0.00131750564 
0.00613590727 	 35.02688725083 	 0.00145571319 
0.00613590727 	 36.29489629577 	 0.00160757443 
0.00613590727 	 37.60880856147 	 0.00177385555 
0.00613590727 	 38.97028579134 	 0.00195680068 
0.00613590727 	 40.38104988560 	 0.00215655425 
0.00613590727 	 41.84288507902 	 0.00237523612 
0.00613590727 	 43.35764019746 	 0.00261380864 
0.00613590727 	 44.92723099621 	 0.00287359511 
0.00613590727 	 46.55364258280 	 0.00315666106 
0.00613590727 	 48.23893192773 	 0.00346401317 
0.00613590727 	 49.98523046589 	 0.00379757996 
0.00613590727 	 51.79474679231 	 0.00415902150 
0.00613590727 	 53.66976945540 	 0.00454957972 
0.00613590727 	 55.61266985137 	 0.00497162822 
0.00613590727 	 57.62590522338 	 0.00542654569 
0.00613590727 	 59.71202176930 	 0.00591605569 
0.00613590727 	 61.87365786196 	 0.00644199742 
0.00613590727 	 64.11354738598 	 0.00700585027 
0.00613590727 	 66.43452319540 	 0.00760956698 
0.00613590727 	 68.83952069645 	 0.00825458739 
0.00613590727 	 71.33158156008 	 0.00894259920 
0.00613590727 	 73.91385756879 	 0.00967503298 
0.00613590727 	 76.58961460288 	 0.01045357866 
0.00613590727 	 79.36223677079 	 0.01127951183 
0.00613590727 	 82.23523068918 	 0.01215399185 
0.00613590727 	 85.21222991780 	 0.01307827041 
0.00613590727 	 88.29699955494 	 0.01405340267 
0.00613590727 	 91.49344099933 	 0.01508031229 
0.00613590727 	 94.80559688429 	 0.01615979919 
0.00613590727 	 98.23765619059 	 0.01729235495 
0.00613590727 	 101.79395954438 	 0.01847893283 
0.00613590727 	 105.47900470692 	 0.01971927713 
0.00613590727 	 109.29745226298 	 0.02101368475 
0.00613590727 	 113.25413151528 	 0.02236210391 
0.00613590727 	 117.35404659222 	 0.02376510044 
0.00613590727 	 121.60238277674 	 0.02522159112 
0.00613590727 	 126.00451306433 	 0.02673113779 
0.00613590727 	 130.56600495838 	 0.02829316532 
0.00613590727 	 135.29262751160 	 0.02990681091 
0.00613590727 	 140.19035862226 	 0.03157132170 
0.00613590727 	 145.26539259468 	 0.03328572585 
0.00613590727 	 150.52414797329 	 0.03504895742 
0.00613590727 	 155.97327566040 	 0.03685939065 
0.00613590727 	 161.61966732774 	 0.03871607996 
0.00613590727 	 167.47046413260 	 0.04061698832 
0.00613590727 	 173.53306574945 	 0.04256102721 
0.00613590727 	 179.81513972851 	 0.04454703558 
0.00613590727 	 186.32463119316 	 0.04657303477 
0.00613590727 	 193.06977288832 	 0.04863807309 
0.00613590727 	 200.05909559272 	 0.05074044275 
0.00613590727 	 207.30143890792 	 0.05287856187 
0.00613590727 	 214.80596243813 	 0.05505131566 
0.00613590727 	 222.58215737454 	 0.05725713076 
0.00613590727 	 230.63985849915 	 0.05949672857 
0.00613590727 	 238.98925662311 	 0.06176733931 
0.00613590727 	 247.64091147530 	 0.06406884106 
0.00613590727 	 256.60576505760 	 0.06640063892 
0.00613590727 	 265.89515548347 	 0.06876153837 
0.00613590727 	 275.52083131769 	 0.07115162682 
0.00613590727 	 285.49496643503 	 0.07357070819 
0.00613590727 	 295.83017541695 	 0.07601920016 
0.00613590727 	 306.53952950565 	 0.07849709092 
0.00613590727 	 317.63657313561 	 0.08100427395 
0.00613590727 	 329.13534106365 	 0.08354184236 
0.00613590727 	 341.05037611911 	 0.08610897795 
0.00613590727 	 353.39674759658 	 0.08870757963 
0.00613590727 	 366.19007031450 	 0.09133929052 
0.00613590727 	 379.44652436364 	 0.09400358765 
0.00613590727 	 393.18287557058 	 0.09670000538 
0.00613590727 	 407.41649670190 	 0.09943331292 
0.00613590727 	 422.16538943608 	 0.10220316546 
0.00613590727 	 437.44820713071 	 0.10500967898 
0.00613590727 	 453.28427841392 	 0.10785401591 
0.00613590727 	 469.69363162995 	 0.11073814929 
0.00613590727 	 486.69702016948 	 0.11366254053 
0.00613590727 	 504.31594871714 	 0.11662903646 
0.00613590727 	 522.57270044903 	 0.11963987002 
0.00613590727 	 541.49036521501 	 0.12269423712 
0.00613590727 	 561.09286874100 	 0.12579328329 
0.00613590727 	 581.40500288865 	 0.12893970236 
0.00613590727 	 602.45245701027 	 0.13213461709 
0.00613590727 	 624.26185043890 	 0.13537769124 
0.00613590727 	 646.86076615463 	 0.13867129925 
0.00613590727 	 670.27778566954 	 0.14201494095 
0.00613590727 	 694.54252517561 	 0.14541114118 
0.00613590727 	 719.68567300115 	 0.14885944011 
0.00613590727 	 745.73902842330 	 0.15236071785 
0.00613590727 	 772.73554188543 	 0.15592110723 
0.00613590727 	 800.70935667059 	 0.15953582176 
0.00613590727 	 829.69585208349 	 0.16320756736 
0.00613590727 	 859.73168819576 	 0.16693702983 
0.00613590727 	 890.85485221102 	 0.17072483635 
0.00613590727 	 923.10470650840 	 0.17457305170 
0.00613590727 	 956.52203842531 	 0.17848225632 
0.00613590727 	 991.14911184236 	 0.18245311890 
0.00613590727 	 1027.02972063577 	 0.18648694462 
0.00613590727 	 1064.20924406472 	 0.19058579934 
0.00613590727 	 1102.73470416390 	 0.19474716367 
0.00613590727 	 1142.65482521357 	 0.19897416247 
0.00613590727 	 1184.02009536266 	 0.20326905598 
0.00613590727 	 1226.88283048257 	 0.20763006530 
0.00613590727 	 1271.29724033264 	 0.21205947360 
0.00613590727 	 1317.31949712075 	 0.21655755489 
0.00613590727 	 1365.00780654601 	 0.22112524532 
0.00613590727 	 1414.42248141323 	 0.22576494331 
0.00613590727 	 1465.62601791225 	 0.23047583165 
0.00613590727 	 1518.68317465873 	 0.23525826494 
0.00613590727 	 1573.66105459626 	 0.24011222084 
0.00613590727 	 1630.62918986345 	 0.24504119632 
0.00613590727 	 1689.65962973324 	 0.25004434232 
0.00613590727 	 1750.82703173573 	 0.25512482580 
0.00613590727 	 1814.20875607977 	 0.26027975478 
0.00613590727 	 1879.88496349267 	 0.26551399503 
0.00613590727 	 1947.93871660183 	 0.27082525513 
0.00613590727 	 2018.45608498650 	 0.27621326362 
0.00613590727 	 2091.52625403246 	 0.28167979848 
0.00613590727 	 2167.24163772744 	 0.28722589142 
0.00613590727 	 2245.69799553977 	 0.29285207159 
0.00613590727 	 2326.99455352823 	 0.29855858121 
0.00613590727 	 2411.23412983612 	 0.30434186095 
0.00613590727 	 2498.52326472839 	 0.31021456646 
0.00613590727 	 2588.97235533627 	 0.31616491711 
0.00613590727 	 2682.69579527972 	 0.32219714343 
0.00613590727 	 2779.81211934445 	 0.32831159730 
0.00613590727 	 2880.44415339630 	 0.33450935029 
0.00613590727 	 2984.71916972271 	 0.34078725909 
0.00613590727 	 3092.76904799777 	 0.34715051288 
0.00613590727 	 3204.73044207429 	 0.35359841451 
0.00613590727 	 3320.74495281390 	 0.36012720406 
0.00613590727 	 3440.95930717388 	 0.36673932749 
0.00613590727 	 3565.52554377701 	 0.37343505352 
0.00613590727 	 3694.60120519930 	 0.38021387777 
0.00613590727 	 3828.34953721869 	 0.38707497021 
0.00613590727 	 3966.93969527677 	 0.39401645087 
0.00613590727 	 4110.54695841470 	 0.40103934061 
0.00613590727 	 4259.35295095366 	 0.40814724230 
0.00613590727 	 4413.54587220053 	 0.41533248272 
0.00613590727 	 4573.32073446906 	 0.42259944882 
0.00613590727 	 4738.87960971766 	 0.42994388721 
0.00613590727 	 4910.43188511573 	 0.43736593594 
0.00613590727 	 5088.19452786179 	 0.44486659596 
0.00613590727 	 5272.39235958825 	 0.45244189201 
0.00613590727 	 5463.25834069991 	 0.46009378735 
0.00613590727 	 5661.03386500583 	 0.46781686808 
0.00613590727 	 5865.96906501720 	 0.47561249542 
0.00613590727 	 6078.32312829723 	 0.48347753107 
0.00613590727 	 6298.36462526327 	 0.49141091109 
0.00613590727 	 6526.37184885573 	 0.49941102116 
0.00613590727 	 6762.63316650331 	 0.50747489588 
0.00613590727 	 7007.44738482975 	 0.51560077542 
0.00613590727 	 7261.12412756334 	 0.52378576715 
0.00613590727 	 7523.98422712716 	 0.53202867399 
0.00613590727 	 7796.36013040524 	 0.54032573541 
0.00613590727 	 8078.59631919787 	 0.54867460059 
0.00613590727 	 8371.04974589791 	 0.55707238430 
0.00613590727 	 8674.09028493891 	 0.56551551546 
0.00613590727 	 8988.10120058618 	 0.57400009700 
0.00613590727 	 9313.47963166233 	 0.58252329875 
0.00613590727 	 9650.63709382046 	 0.59108160094 
0.00613590727 	 10000.00000000000 	 0.59967094014 
