0.00231012970 	 0.00000000000 	 -0.00000000001 
0.00231012970 	 0.01000000000 	 -0.00000000001 
0.00231012970 	 0.02000000000 	 -0.00000000001 
0.00231012970 	 0.03000000000 	 -0.00000000001 
0.00231012970 	 0.04000000000 	 -0.00000000001 
0.00231012970 	 0.05000000000 	 -0.00000000001 
0.00231012970 	 0.06000000000 	 -0.00000000001 
0.00231012970 	 0.07000000000 	 -0.00000000001 
0.00231012970 	 0.08000000000 	 -0.00000000001 
0.00231012970 	 0.09000000000 	 -0.00000000001 
0.00231012970 	 0.10000000000 	 -0.00000000001 
0.00231012970 	 0.11000000000 	 -0.00000000001 
0.00231012970 	 0.12000000000 	 -0.00000000001 
0.00231012970 	 0.13000000000 	 -0.00000000001 
0.00231012970 	 0.14000000000 	 -0.00000000001 
0.00231012970 	 0.15000000000 	 -0.00000000001 
0.00231012970 	 0.16000000000 	 -0.00000000001 
0.00231012970 	 0.17000000000 	 -0.00000000001 
0.00231012970 	 0.18000000000 	 -0.00000000001 
0.00231012970 	 0.19000000000 	 -0.00000000001 
0.00231012970 	 0.20000000000 	 -0.00000000001 
0.00231012970 	 0.21000000000 	 -0.00000000001 
0.00231012970 	 0.22000000000 	 -0.00000000058 
0.00231012970 	 0.23000000000 	 -0.00000000061 
0.00231012970 	 0.24000000000 	 -0.00000000063 
0.00231012970 	 0.25000000000 	 -0.00000000065 
0.00231012970 	 0.26000000000 	 -0.00000000067 
0.00231012970 	 0.27000000000 	 -0.00000000069 
0.00231012970 	 0.28000000000 	 0.00000000012 
0.00231012970 	 0.29000000000 	 0.00000000011 
0.00231012970 	 0.30000000000 	 0.00000000011 
0.00231012970 	 0.31000000000 	 0.00000000010 
0.00231012970 	 0.32000000000 	 0.00000000009 
0.00231012970 	 0.33000000000 	 0.00000000008 
0.00231012970 	 0.34000000000 	 0.00000000007 
0.00231012970 	 0.35000000000 	 0.00000000007 
0.00231012970 	 0.36000000000 	 0.00000000006 
0.00231012970 	 0.37000000000 	 0.00000000005 
0.00231012970 	 0.38000000000 	 0.00000000004 
0.00231012970 	 0.39000000000 	 0.00000000004 
0.00231012970 	 0.40000000000 	 0.00000000003 
0.00231012970 	 0.41000000000 	 0.00000000002 
0.00231012970 	 0.42000000000 	 0.00000000001 
0.00231012970 	 0.43000000000 	 0.00000000001 
0.00231012970 	 0.44000000000 	 -0.00000000000 
0.00231012970 	 0.45000000000 	 -0.00000000001 
0.00231012970 	 0.46000000000 	 -0.00000000002 
0.00231012970 	 0.47000000000 	 -0.00000000003 
0.00231012970 	 0.48000000000 	 -0.00000000003 
0.00231012970 	 0.49000000000 	 -0.00000000058 
0.00231012970 	 0.50000000000 	 -0.00000000059 
0.00231012970 	 0.51000000000 	 -0.00000000059 
0.00231012970 	 0.52000000000 	 -0.00000000060 
0.00231012970 	 0.53000000000 	 -0.00000000060 
0.00231012970 	 0.54000000000 	 -0.00000000061 
0.00231012970 	 0.55000000000 	 -0.00000000061 
0.00231012970 	 0.56000000000 	 -0.00000000062 
0.00231012970 	 0.57000000000 	 -0.00000000062 
0.00231012970 	 0.58000000000 	 -0.00000000063 
0.00231012970 	 0.59000000000 	 -0.00000000063 
0.00231012970 	 0.60000000000 	 -0.00000000063 
0.00231012970 	 0.61000000000 	 -0.00000000064 
0.00231012970 	 0.62000000000 	 -0.00000000064 
0.00231012970 	 0.63000000000 	 -0.00000000065 
0.00231012970 	 0.64000000000 	 -0.00000000065 
0.00231012970 	 0.65000000000 	 -0.00000000065 
0.00231012970 	 0.66000000000 	 -0.00000000066 
0.00231012970 	 0.67000000000 	 -0.00000000066 
0.00231012970 	 0.68000000000 	 -0.00000000067 
0.00231012970 	 0.69000000000 	 -0.00000000067 
0.00231012970 	 0.70000000000 	 -0.00000000068 
0.00231012970 	 0.71000000000 	 -0.00000000068 
0.00231012970 	 0.72000000000 	 0.00000000112 
0.00231012970 	 0.73000000000 	 0.00000000112 
0.00231012970 	 0.74000000000 	 0.00000000112 
0.00231012970 	 0.75000000000 	 0.00000000112 
0.00231012970 	 0.76000000000 	 0.00000000112 
0.00231012970 	 0.77000000000 	 0.00000000112 
0.00231012970 	 0.78000000000 	 0.00000000112 
0.00231012970 	 0.79000000000 	 0.00000000112 
0.00231012970 	 0.80000000000 	 0.00000000112 
0.00231012970 	 0.81000000000 	 0.00000000112 
0.00231012970 	 0.82000000000 	 -0.00000000015 
0.00231012970 	 0.83000000000 	 -0.00000000015 
0.00231012970 	 0.84000000000 	 -0.00000000015 
0.00231012970 	 0.85000000000 	 -0.00000000016 
0.00231012970 	 0.86000000000 	 -0.00000000016 
0.00231012970 	 0.87000000000 	 -0.00000000017 
0.00231012970 	 0.88000000000 	 -0.00000000017 
0.00231012970 	 0.89000000000 	 -0.00000000018 
0.00231012970 	 0.90000000000 	 -0.00000000018 
0.00231012970 	 0.91000000000 	 -0.00000000018 
0.00231012970 	 0.92000000000 	 -0.00000000019 
0.00231012970 	 0.93000000000 	 -0.00000000019 
0.00231012970 	 0.94000000000 	 -0.00000000019 
0.00231012970 	 0.95000000000 	 -0.00000000020 
0.00231012970 	 0.96000000000 	 -0.00000000020 
0.00231012970 	 0.97000000000 	 -0.00000000021 
0.00231012970 	 0.98000000000 	 -0.00000000021 
0.00231012970 	 0.99000000000 	 -0.00000000021 
0.00231012970 	 1.00000000000 	 -0.00000000022 
0.00231012970 	 1.03620101997 	 -0.00000000024 
0.00231012970 	 1.07371255379 	 -0.00000000026 
0.00231012970 	 1.11258204340 	 -0.00000000028 
0.00231012970 	 1.15285864817 	 -0.00000000031 
0.00231012970 	 1.19459330712 	 -0.00000000033 
0.00231012970 	 1.23783880329 	 -0.00000000035 
0.00231012970 	 1.28264983053 	 -0.00000000037 
0.00231012970 	 1.32908306266 	 -0.00000000040 
0.00231012970 	 1.37719722516 	 -0.00000000043 
0.00231012970 	 1.42705316941 	 -0.00000000049 
0.00231012970 	 1.47871394970 	 -0.00000000040 
0.00231012970 	 1.53224490292 	 -0.00000000045 
0.00231012970 	 1.58771373126 	 -0.00000000052 
0.00231012970 	 1.64519058775 	 -0.00000000064 
0.00231012970 	 1.70474816508 	 -0.00000000083 
0.00231012970 	 1.76646178745 	 0.00000000016 
0.00231012970 	 1.83040950590 	 0.00000000017 
0.00231012970 	 1.89667219698 	 0.00000000017 
0.00231012970 	 1.96533366506 	 0.00000000017 
0.00231012970 	 2.03648074833 	 0.00000000017 
0.00231012970 	 2.11020342857 	 0.00000000017 
0.00231012970 	 2.18659494503 	 0.00000000017 
0.00231012970 	 2.26575191231 	 0.00000000017 
0.00231012970 	 2.34777444254 	 0.00000000016 
0.00231012970 	 2.43276627202 	 0.00000000015 
0.00231012970 	 2.52083489243 	 -0.00000000080 
0.00231012970 	 2.61209168671 	 -0.00000000096 
0.00231012970 	 2.70665207003 	 -0.00000000114 
0.00231012970 	 2.80463563568 	 -0.00000000044 
0.00231012970 	 2.90616630634 	 -0.00000000043 
0.00231012970 	 3.01137249084 	 -0.00000000040 
0.00231012970 	 3.12038724653 	 -0.00000000497 
0.00231012970 	 3.23334844756 	 0.00000000000 
0.00231012970 	 3.35039895929 	 -0.00000000021 
0.00231012970 	 3.47168681893 	 -0.00000000174 
0.00231012970 	 3.59736542280 	 -0.00000000148 
0.00231012970 	 3.72759372031 	 -0.00000000130 
0.00231012970 	 3.86253641503 	 -0.00000000117 
0.00231012970 	 4.00236417294 	 -0.00000000014 
0.00231012970 	 4.14725383830 	 -0.00000000013 
0.00231012970 	 4.29738865733 	 -0.00000000123 
0.00231012970 	 4.45295850994 	 -0.00000000101 
0.00231012970 	 4.61416014990 	 0.00000000007 
0.00231012970 	 4.78119745364 	 0.00000000006 
0.00231012970 	 4.95428167815 	 0.00000000122 
0.00231012970 	 5.13363172813 	 0.00000000000 
0.00231012970 	 5.31947443285 	 0.00000000000 
0.00231012970 	 5.51204483304 	 0.00000000000 
0.00231012970 	 5.71158647813 	 0.00000000000 
0.00231012970 	 5.91835173430 	 0.00000000000 
0.00231012970 	 6.13260210363 	 0.00000000000 
0.00231012970 	 6.35460855487 	 0.00000000000 
0.00231012970 	 6.58465186608 	 0.00000000000 
0.00231012970 	 6.82302297979 	 0.00000000000 
0.00231012970 	 7.07002337096 	 0.00000000000 
0.00231012970 	 7.32596542822 	 -0.00000000123 
0.00231012970 	 7.59117284900 	 -0.00000000125 
0.00231012970 	 7.86598104892 	 -0.00000000149 
0.00231012970 	 8.15073758597 	 -0.00000000079 
0.00231012970 	 8.44580260011 	 -0.00000000077 
0.00231012970 	 8.75154926872 	 -0.00000000072 
0.00231012970 	 9.06836427859 	 -0.00000000067 
0.00231012970 	 9.39664831495 	 -0.00000000066 
0.00231012970 	 9.73681656828 	 -0.00000000068 
0.00231012970 	 10.08929925933 	 -0.00000000072 
0.00231012970 	 10.45454218333 	 -0.00000000083 
0.00231012970 	 10.83300727371 	 -0.00000000016 
0.00231012970 	 11.22517318638 	 -0.00000000011 
0.00231012970 	 11.63153590510 	 -0.00000000069 
0.00231012970 	 12.05260936871 	 -0.00000000094 
0.00231012970 	 12.48892612118 	 -0.00000000029 
0.00231012970 	 12.94103798513 	 -0.00000000034 
0.00231012970 	 13.40951675969 	 -0.00000000038 
0.00231012970 	 13.89495494373 	 -0.00000000043 
0.00231012970 	 14.39796648516 	 -0.00000000049 
0.00231012970 	 14.91918755746 	 0.00000000038 
0.00231012970 	 15.45927736419 	 0.00000000033 
0.00231012970 	 16.01891897281 	 0.00000000029 
0.00231012970 	 16.59882017849 	 0.00000000069 
0.00231012970 	 17.19971439928 	 0.00000000068 
0.00231012970 	 17.82236160377 	 0.00000000109 
0.00231012970 	 18.46754927215 	 0.00000000125 
0.00231012970 	 19.13609339219 	 0.00000000091 
0.00231012970 	 19.82883949127 	 -0.00000000002 
0.00231012970 	 20.54666370572 	 -0.00000000082 
0.00231012970 	 21.29047388890 	 -0.00000000230 
0.00231012970 	 22.06121075937 	 0.00000000062 
0.00231012970 	 22.85984909069 	 0.00000000053 
0.00231012970 	 23.68739894419 	 0.00000000030 
0.00231012970 	 24.54490694646 	 0.00000000036 
0.00231012970 	 25.43345761305 	 -0.00000000155 
0.00231012970 	 26.35417472006 	 -0.00000000134 
0.00231012970 	 27.30822272546 	 -0.00000000108 
0.00231012970 	 28.29680824175 	 -0.00000000057 
0.00231012970 	 29.32118156207 	 -0.00000000223 
0.00231012970 	 30.38263824141 	 0.00000000118 
0.00231012970 	 31.48252073520 	 0.00000000107 
0.00231012970 	 32.62222009712 	 -0.00000000367 
0.00231012970 	 33.80317773840 	 -0.00000000000 
0.00231012970 	 35.02688725083 	 -0.00000000000 
0.00231012970 	 36.29489629577 	 0.00000000059 
0.00231012970 	 37.60880856147 	 0.00000000048 
0.00231012970 	 38.97028579134 	 0.00000000041 
0.00231012970 	 40.38104988560 	 -0.00000000204 
0.00231012970 	 41.84288507902 	 -0.00000000189 
0.00231012970 	 43.35764019746 	 -0.00000000056 
0.00231012970 	 44.92723099621 	 0.00000000011 
0.00231012970 	 46.55364258280 	 -0.00000000216 
0.00231012970 	 48.23893192773 	 -0.00000000374 
0.00231012970 	 49.98523046589 	 -0.00000000070 
0.00231012970 	 51.79474679231 	 -0.00000000093 
0.00231012970 	 53.66976945540 	 -0.00000000069 
0.00231012970 	 55.61266985137 	 0.00000000201 
0.00231012970 	 57.62590522338 	 -0.00000000234 
0.00231012970 	 59.71202176930 	 0.00000000132 
0.00231012970 	 61.87365786196 	 -0.00000000221 
0.00231012970 	 64.11354738598 	 -0.00000000272 
0.00231012970 	 66.43452319540 	 0.00000000229 
0.00231012970 	 68.83952069645 	 0.00000000076 
0.00231012970 	 71.33158156008 	 -0.00000000119 
0.00231012970 	 73.91385756879 	 -0.00000000261 
0.00231012970 	 76.58961460288 	 0.00000000185 
0.00231012970 	 79.36223677079 	 0.00000000420 
0.00231012970 	 82.23523068918 	 0.00000000308 
0.00231012970 	 85.21222991780 	 -0.00000000075 
0.00231012970 	 88.29699955494 	 0.00000000413 
0.00231012970 	 91.49344099933 	 0.00000000463 
0.00231012970 	 94.80559688429 	 0.00000000806 
0.00231012970 	 98.23765619059 	 0.00000000731 
0.00231012970 	 101.79395954438 	 0.00000001025 
0.00231012970 	 105.47900470692 	 -0.00000000455 
0.00231012970 	 109.29745226298 	 -0.00000000224 
0.00231012970 	 113.25413151528 	 0.00000000283 
0.00231012970 	 117.35404659222 	 0.00000000158 
0.00231012970 	 121.60238277674 	 -0.00000000321 
0.00231012970 	 126.00451306433 	 0.00000000418 
0.00231012970 	 130.56600495838 	 0.00000003200 
0.00231012970 	 135.29262751160 	 0.00000002794 
0.00231012970 	 140.19035862226 	 0.00000002378 
0.00231012970 	 145.26539259468 	 -0.00000000296 
0.00231012970 	 150.52414797329 	 0.00000001384 
0.00231012970 	 155.97327566040 	 -0.00000000259 
0.00231012970 	 161.61966732774 	 -0.00000000217 
0.00231012970 	 167.47046413260 	 0.00000000790 
0.00231012970 	 173.53306574945 	 -0.00000001798 
0.00231012970 	 179.81513972851 	 0.00000002732 
0.00231012970 	 186.32463119316 	 0.00000002221 
0.00231012970 	 193.06977288832 	 0.00000001049 
0.00231012970 	 200.05909559272 	 0.00000000293 
0.00231012970 	 207.30143890792 	 -0.00000000697 
0.00231012970 	 214.80596243813 	 0.00000003896 
0.00231012970 	 222.58215737454 	 0.00000002713 
0.00231012970 	 230.63985849915 	 0.00000003464 
0.00231012970 	 238.98925662311 	 0.00000002714 
0.00231012970 	 247.64091147530 	 0.00000003142 
0.00231012970 	 256.60576505760 	 0.00000001069 
0.00231012970 	 265.89515548347 	 -0.00000001517 
0.00231012970 	 275.52083131769 	 -0.00000000891 
0.00231012970 	 285.49496643503 	 -0.00000000353 
0.00231012970 	 295.83017541695 	 0.00000000082 
0.00231012970 	 306.53952950565 	 -0.00000005905 
0.00231012970 	 317.63657313561 	 -0.00000006534 
0.00231012970 	 329.13534106365 	 -0.00000004057 
0.00231012970 	 341.05037611911 	 -0.00000002726 
0.00231012970 	 353.39674759658 	 -0.00000000188 
0.00231012970 	 366.19007031450 	 0.00000001534 
0.00231012970 	 379.44652436364 	 0.00000003902 
0.00231012970 	 393.18287557058 	 0.00000001576 
0.00231012970 	 407.41649670190 	 -0.00000001690 
0.00231012970 	 422.16538943608 	 -0.00000010901 
0.00231012970 	 437.44820713071 	 -0.00000002912 
0.00231012970 	 453.28427841392 	 -0.00000005406 
0.00231012970 	 469.69363162995 	 0.00000003836 
0.00231012970 	 486.69702016948 	 0.00000015584 
0.00231012970 	 504.31594871714 	 0.00000016048 
0.00231012970 	 522.57270044903 	 0.00000024353 
0.00231012970 	 541.49036521501 	 0.00000037896 
0.00231012970 	 561.09286874100 	 0.00000078615 
0.00231012970 	 581.40500288865 	 0.00000115455 
0.00231012970 	 602.45245701027 	 0.00000168870 
0.00231012970 	 624.26185043890 	 0.00000242044 
0.00231012970 	 646.86076615463 	 0.00000331955 
0.00231012970 	 670.27778566954 	 0.00000482883 
0.00231012970 	 694.54252517561 	 0.00000683265 
0.00231012970 	 719.68567300115 	 0.00000945853 
0.00231012970 	 745.73902842330 	 0.00001294627 
0.00231012970 	 772.73554188543 	 0.00001748209 
0.00231012970 	 800.70935667059 	 0.00002352462 
0.00231012970 	 829.69585208349 	 0.00003149543 
0.00231012970 	 859.73168819576 	 0.00004181310 
0.00231012970 	 890.85485221102 	 0.00005481621 
0.00231012970 	 923.10470650840 	 0.00007112261 
0.00231012970 	 956.52203842531 	 0.00009195170 
0.00231012970 	 991.14911184236 	 0.00011793361 
0.00231012970 	 1027.02972063577 	 0.00014979782 
0.00231012970 	 1064.20924406472 	 0.00018908916 
0.00231012970 	 1102.73470416390 	 0.00023707770 
0.00231012970 	 1142.65482521357 	 0.00029499254 
0.00231012970 	 1184.02009536266 	 0.00036459103 
0.00231012970 	 1226.88283048257 	 0.00044766648 
0.00231012970 	 1271.29724033264 	 0.00054625547 
0.00231012970 	 1317.31949712075 	 0.00066243640 
0.00231012970 	 1365.00780654601 	 0.00079866291 
0.00231012970 	 1414.42248141323 	 0.00095698493 
0.00231012970 	 1465.62601791225 	 0.00114028133 
0.00231012970 	 1518.68317465873 	 0.00135131354 
0.00231012970 	 1573.66105459626 	 0.00159254612 
0.00231012970 	 1630.62918986345 	 0.00186707550 
0.00231012970 	 1689.65962973324 	 0.00217786303 
0.00231012970 	 1750.82703173573 	 0.00252790169 
0.00231012970 	 1814.20875607977 	 0.00292033367 
0.00231012970 	 1879.88496349267 	 0.00335802425 
0.00231012970 	 1947.93871660183 	 0.00384387328 
0.00231012970 	 2018.45608498650 	 0.00438067752 
0.00231012970 	 2091.52625403246 	 0.00497132518 
0.00231012970 	 2167.24163772744 	 0.00561844684 
0.00231012970 	 2245.69799553977 	 0.00632446475 
0.00231012970 	 2326.99455352823 	 0.00709173315 
0.00231012970 	 2411.23412983612 	 0.00792263275 
0.00231012970 	 2498.52326472839 	 0.00881836642 
0.00231012970 	 2588.97235533627 	 0.00978078034 
0.00231012970 	 2682.69579527972 	 0.01081119886 
0.00231012970 	 2779.81211934445 	 0.01191075281 
0.00231012970 	 2880.44415339630 	 0.01308024761 
0.00231012970 	 2984.71916972271 	 0.01431986438 
0.00231012970 	 3092.76904799777 	 0.01562988921 
0.00231012970 	 3204.73044207429 	 0.01701008941 
0.00231012970 	 3320.74495281390 	 0.01846000927 
0.00231012970 	 3440.95930717388 	 0.01997947670 
0.00231012970 	 3565.52554377701 	 0.02156659562 
0.00231012970 	 3694.60120519930 	 0.02322040530 
0.00231012970 	 3828.34953721869 	 0.02493954198 
0.00231012970 	 3966.93969527677 	 0.02672234792 
0.00231012970 	 4110.54695841470 	 0.02856663637 
0.00231012970 	 4259.35295095366 	 0.03047024279 
0.00231012970 	 4413.54587220053 	 0.03243089090 
0.00231012970 	 4573.32073446906 	 0.03444634906 
0.00231012970 	 4738.87960971766 	 0.03651416842 
0.00231012970 	 4910.43188511573 	 0.03863173648 
0.00231012970 	 5088.19452786179 	 0.04079668030 
0.00231012970 	 5272.39235958825 	 0.04300669207 
0.00231012970 	 5463.25834069991 	 0.04525968283 
0.00231012970 	 5661.03386500583 	 0.04755207570 
0.00231012970 	 5865.96906501720 	 0.04988229223 
0.00231012970 	 6078.32312829723 	 0.05224837291 
0.00231012970 	 6298.36462526327 	 0.05464819813 
0.00231012970 	 6526.37184885573 	 0.05708008002 
0.00231012970 	 6762.63316650331 	 0.05954378751 
0.00231012970 	 7007.44738482975 	 0.06203599390 
0.00231012970 	 7261.12412756334 	 0.06455658356 
0.00231012970 	 7523.98422712716 	 0.06710464322 
0.00231012970 	 7796.36013040524 	 0.06967955208 
0.00231012970 	 8078.59631919787 	 0.07228105117 
0.00231012970 	 8371.04974589791 	 0.07490960439 
0.00231012970 	 8674.09028493891 	 0.07756463492 
0.00231012970 	 8988.10120058618 	 0.08024680377 
0.00231012970 	 9313.47963166233 	 0.08295635886 
0.00231012970 	 9650.63709382046 	 0.08569363904 
0.00231012970 	 10000.00000000000 	 0.08846139590 
