0.02477076356 	 0.00000000000 	 0.00000000002 
0.02477076356 	 0.01000000000 	 0.00000000002 
0.02477076356 	 0.02000000000 	 0.00000000002 
0.02477076356 	 0.03000000000 	 0.00000000003 
0.02477076356 	 0.04000000000 	 0.00000000003 
0.02477076356 	 0.05000000000 	 0.00000000003 
0.02477076356 	 0.06000000000 	 0.00000000003 
0.02477076356 	 0.07000000000 	 0.00000000003 
0.02477076356 	 0.08000000000 	 0.00000000003 
0.02477076356 	 0.09000000000 	 0.00000000003 
0.02477076356 	 0.10000000000 	 0.00000000001 
0.02477076356 	 0.11000000000 	 -0.00000000000 
0.02477076356 	 0.12000000000 	 -0.00000000000 
0.02477076356 	 0.13000000000 	 -0.00000000000 
0.02477076356 	 0.14000000000 	 -0.00000000000 
0.02477076356 	 0.15000000000 	 -0.00000000000 
0.02477076356 	 0.16000000000 	 -0.00000000000 
0.02477076356 	 0.17000000000 	 -0.00000000000 
0.02477076356 	 0.18000000000 	 -0.00000000000 
0.02477076356 	 0.19000000000 	 -0.00000000101 
0.02477076356 	 0.20000000000 	 -0.00000000083 
0.02477076356 	 0.21000000000 	 -0.00000000070 
0.02477076356 	 0.22000000000 	 0.00000000011 
0.02477076356 	 0.23000000000 	 0.00000000011 
0.02477076356 	 0.24000000000 	 0.00000000011 
0.02477076356 	 0.25000000000 	 0.00000000011 
0.02477076356 	 0.26000000000 	 0.00000000011 
0.02477076356 	 0.27000000000 	 0.00000000039 
0.02477076356 	 0.28000000000 	 0.00000000038 
0.02477076356 	 0.29000000000 	 0.00000000037 
0.02477076356 	 0.30000000000 	 0.00000000037 
0.02477076356 	 0.31000000000 	 0.00000000036 
0.02477076356 	 0.32000000000 	 0.00000000035 
0.02477076356 	 0.33000000000 	 0.00000000034 
0.02477076356 	 0.34000000000 	 0.00000000034 
0.02477076356 	 0.35000000000 	 0.00000000033 
0.02477076356 	 0.36000000000 	 0.00000000033 
0.02477076356 	 0.37000000000 	 0.00000000032 
0.02477076356 	 0.38000000000 	 0.00000000060 
0.02477076356 	 0.39000000000 	 0.00000000059 
0.02477076356 	 0.40000000000 	 0.00000000058 
0.02477076356 	 0.41000000000 	 0.00000000058 
0.02477076356 	 0.42000000000 	 0.00000000057 
0.02477076356 	 0.43000000000 	 0.00000000056 
0.02477076356 	 0.44000000000 	 0.00000000056 
0.02477076356 	 0.45000000000 	 0.00000000075 
0.02477076356 	 0.46000000000 	 0.00000000073 
0.02477076356 	 0.47000000000 	 0.00000000074 
0.02477076356 	 0.48000000000 	 0.00000000054 
0.02477076356 	 0.49000000000 	 0.00000000073 
0.02477076356 	 0.50000000000 	 0.00000000072 
0.02477076356 	 0.51000000000 	 0.00000000072 
0.02477076356 	 0.52000000000 	 -0.00000000130 
0.02477076356 	 0.53000000000 	 -0.00000000131 
0.02477076356 	 0.54000000000 	 -0.00000000099 
0.02477076356 	 0.55000000000 	 -0.00000000097 
0.02477076356 	 0.56000000000 	 -0.00000000095 
0.02477076356 	 0.57000000000 	 -0.00000000093 
0.02477076356 	 0.58000000000 	 -0.00000000091 
0.02477076356 	 0.59000000000 	 -0.00000000066 
0.02477076356 	 0.60000000000 	 -0.00000000065 
0.02477076356 	 0.61000000000 	 -0.00000000064 
0.02477076356 	 0.62000000000 	 -0.00000000063 
0.02477076356 	 0.63000000000 	 0.00000000006 
0.02477076356 	 0.64000000000 	 0.00000000005 
0.02477076356 	 0.65000000000 	 0.00000000005 
0.02477076356 	 0.66000000000 	 0.00000000005 
0.02477076356 	 0.67000000000 	 0.00000000005 
0.02477076356 	 0.68000000000 	 0.00000000005 
0.02477076356 	 0.69000000000 	 0.00000000005 
0.02477076356 	 0.70000000000 	 0.00000000005 
0.02477076356 	 0.71000000000 	 0.00000000005 
0.02477076356 	 0.72000000000 	 0.00000000005 
0.02477076356 	 0.73000000000 	 -0.00000000006 
0.02477076356 	 0.74000000000 	 -0.00000000010 
0.02477076356 	 0.75000000000 	 -0.00000000009 
0.02477076356 	 0.76000000000 	 -0.00000000009 
0.02477076356 	 0.77000000000 	 -0.00000000008 
0.02477076356 	 0.78000000000 	 -0.00000000009 
0.02477076356 	 0.79000000000 	 -0.00000000008 
0.02477076356 	 0.80000000000 	 -0.00000000008 
0.02477076356 	 0.81000000000 	 -0.00000000003 
0.02477076356 	 0.82000000000 	 -0.00000000003 
0.02477076356 	 0.83000000000 	 -0.00000000043 
0.02477076356 	 0.84000000000 	 -0.00000000009 
0.02477076356 	 0.85000000000 	 -0.00000000008 
0.02477076356 	 0.86000000000 	 0.00000000003 
0.02477076356 	 0.87000000000 	 0.00000000125 
0.02477076356 	 0.88000000000 	 0.00000000127 
0.02477076356 	 0.89000000000 	 0.00000000004 
0.02477076356 	 0.90000000000 	 -0.00000000001 
0.02477076356 	 0.91000000000 	 -0.00000000001 
0.02477076356 	 0.92000000000 	 -0.00000000001 
0.02477076356 	 0.93000000000 	 -0.00000000001 
0.02477076356 	 0.94000000000 	 0.00000000137 
0.02477076356 	 0.95000000000 	 0.00000000140 
0.02477076356 	 0.96000000000 	 0.00000000141 
0.02477076356 	 0.97000000000 	 0.00000000142 
0.02477076356 	 0.98000000000 	 -0.00000000181 
0.02477076356 	 0.99000000000 	 -0.00000000176 
0.02477076356 	 1.00000000000 	 -0.00000000172 
0.02477076356 	 1.03620101997 	 -0.00000000068 
0.02477076356 	 1.07371255379 	 -0.00000000070 
0.02477076356 	 1.11258204340 	 -0.00000000072 
0.02477076356 	 1.15285864817 	 -0.00000000076 
0.02477076356 	 1.19459330712 	 -0.00000000079 
0.02477076356 	 1.23783880329 	 -0.00000000081 
0.02477076356 	 1.28264983053 	 -0.00000000082 
0.02477076356 	 1.32908306266 	 -0.00000000083 
0.02477076356 	 1.37719722516 	 -0.00000000134 
0.02477076356 	 1.42705316941 	 -0.00000000133 
0.02477076356 	 1.47871394970 	 -0.00000000133 
0.02477076356 	 1.53224490292 	 -0.00000000132 
0.02477076356 	 1.58771373126 	 -0.00000000131 
0.02477076356 	 1.64519058775 	 -0.00000000130 
0.02477076356 	 1.70474816508 	 -0.00000000008 
0.02477076356 	 1.76646178745 	 -0.00000000010 
0.02477076356 	 1.83040950590 	 -0.00000000011 
0.02477076356 	 1.89667219698 	 -0.00000000012 
0.02477076356 	 1.96533366506 	 -0.00000000014 
0.02477076356 	 2.03648074833 	 -0.00000000016 
0.02477076356 	 2.11020342857 	 -0.00000000019 
0.02477076356 	 2.18659494503 	 -0.00000000021 
0.02477076356 	 2.26575191231 	 0.00000000005 
0.02477076356 	 2.34777444254 	 0.00000000002 
0.02477076356 	 2.43276627202 	 -0.00000000002 
0.02477076356 	 2.52083489243 	 -0.00000000004 
0.02477076356 	 2.61209168671 	 -0.00000000006 
0.02477076356 	 2.70665207003 	 -0.00000000010 
0.02477076356 	 2.80463563568 	 -0.00000000174 
0.02477076356 	 2.90616630634 	 0.00000000218 
0.02477076356 	 3.01137249084 	 -0.00000000116 
0.02477076356 	 3.12038724653 	 0.00000000311 
0.02477076356 	 3.23334844756 	 0.00000000300 
0.02477076356 	 3.35039895929 	 -0.00000000057 
0.02477076356 	 3.47168681893 	 -0.00000000056 
0.02477076356 	 3.59736542280 	 -0.00000000051 
0.02477076356 	 3.72759372031 	 -0.00000000050 
0.02477076356 	 3.86253641503 	 -0.00000000143 
0.02477076356 	 4.00236417294 	 -0.00000000598 
0.02477076356 	 4.14725383830 	 0.00000000005 
0.02477076356 	 4.29738865733 	 0.00000000003 
0.02477076356 	 4.45295850994 	 0.00000000001 
0.02477076356 	 4.61416014990 	 0.00000000005 
0.02477076356 	 4.78119745364 	 0.00000000005 
0.02477076356 	 4.95428167815 	 0.00000000009 
0.02477076356 	 5.13363172813 	 -0.00000000067 
0.02477076356 	 5.31947443285 	 0.00000000092 
0.02477076356 	 5.51204483304 	 0.00000000120 
0.02477076356 	 5.71158647813 	 0.00000000548 
0.02477076356 	 5.91835173430 	 -0.00000000020 
0.02477076356 	 6.13260210363 	 -0.00000000350 
0.02477076356 	 6.35460855487 	 -0.00000000049 
0.02477076356 	 6.58465186608 	 -0.00000000143 
0.02477076356 	 6.82302297979 	 0.00000000371 
0.02477076356 	 7.07002337096 	 0.00000000328 
0.02477076356 	 7.32596542822 	 -0.00000000202 
0.02477076356 	 7.59117284900 	 0.00000000140 
0.02477076356 	 7.86598104892 	 0.00000000978 
0.02477076356 	 8.15073758597 	 -0.00000000007 
0.02477076356 	 8.44580260011 	 0.00000000243 
0.02477076356 	 8.75154926872 	 0.00000000543 
0.02477076356 	 9.06836427859 	 0.00000000386 
0.02477076356 	 9.39664831495 	 0.00000000395 
0.02477076356 	 9.73681656828 	 0.00000000626 
0.02477076356 	 10.08929925933 	 0.00000000803 
0.02477076356 	 10.45454218333 	 0.00000000485 
0.02477076356 	 10.83300727371 	 -0.00000000072 
0.02477076356 	 11.22517318638 	 -0.00000000164 
0.02477076356 	 11.63153590510 	 0.00000000633 
0.02477076356 	 12.05260936871 	 0.00000000072 
0.02477076356 	 12.48892612118 	 -0.00000000336 
0.02477076356 	 12.94103798513 	 0.00000000252 
0.02477076356 	 13.40951675969 	 0.00000000345 
0.02477076356 	 13.89495494373 	 -0.00000000026 
0.02477076356 	 14.39796648516 	 -0.00000000153 
0.02477076356 	 14.91918755746 	 -0.00000000072 
0.02477076356 	 15.45927736419 	 -0.00000000042 
0.02477076356 	 16.01891897281 	 -0.00000000074 
0.02477076356 	 16.59882017849 	 -0.00000000024 
0.02477076356 	 17.19971439928 	 0.00000000009 
0.02477076356 	 17.82236160377 	 0.00000001571 
0.02477076356 	 18.46754927215 	 -0.00000000036 
0.02477076356 	 19.13609339219 	 0.00000000603 
0.02477076356 	 19.82883949127 	 -0.00000000914 
0.02477076356 	 20.54666370572 	 -0.00000000253 
0.02477076356 	 21.29047388890 	 -0.00000000278 
0.02477076356 	 22.06121075937 	 -0.00000000191 
0.02477076356 	 22.85984909069 	 -0.00000000155 
0.02477076356 	 23.68739894419 	 0.00000004724 
0.02477076356 	 24.54490694646 	 0.00000001512 
0.02477076356 	 25.43345761305 	 -0.00000001868 
0.02477076356 	 26.35417472006 	 -0.00000000674 
0.02477076356 	 27.30822272546 	 -0.00000000056 
0.02477076356 	 28.29680824175 	 0.00000003276 
0.02477076356 	 29.32118156207 	 0.00000001266 
0.02477076356 	 30.38263824141 	 0.00000001276 
0.02477076356 	 31.48252073520 	 0.00000001849 
0.02477076356 	 32.62222009712 	 0.00000004722 
0.02477076356 	 33.80317773840 	 0.00000008314 
0.02477076356 	 35.02688725083 	 0.00000011308 
0.02477076356 	 36.29489629577 	 0.00000011758 
0.02477076356 	 37.60880856147 	 0.00000016104 
0.02477076356 	 38.97028579134 	 0.00000015004 
0.02477076356 	 40.38104988560 	 0.00000037736 
0.02477076356 	 41.84288507902 	 0.00000056288 
0.02477076356 	 43.35764019746 	 0.00000085683 
0.02477076356 	 44.92723099621 	 0.00000117036 
0.02477076356 	 46.55364258280 	 0.00000156017 
0.02477076356 	 48.23893192773 	 0.00000218939 
0.02477076356 	 49.98523046589 	 0.00000301200 
0.02477076356 	 51.79474679231 	 0.00000403878 
0.02477076356 	 53.66976945540 	 0.00000535692 
0.02477076356 	 55.61266985137 	 0.00000722677 
0.02477076356 	 57.62590522338 	 0.00000951226 
0.02477076356 	 59.71202176930 	 0.00001250281 
0.02477076356 	 61.87365786196 	 0.00001651781 
0.02477076356 	 64.11354738598 	 0.00002169087 
0.02477076356 	 66.43452319540 	 0.00002804584 
0.02477076356 	 68.83952069645 	 0.00003599331 
0.02477076356 	 71.33158156008 	 0.00004596913 
0.02477076356 	 73.91385756879 	 0.00005843810 
0.02477076356 	 76.58961460288 	 0.00007419404 
0.02477076356 	 79.36223677079 	 0.00009349485 
0.02477076356 	 82.23523068918 	 0.00011693002 
0.02477076356 	 85.21222991780 	 0.00014516733 
0.02477076356 	 88.29699955494 	 0.00017986573 
0.02477076356 	 91.49344099933 	 0.00022160959 
0.02477076356 	 94.80559688429 	 0.00027141581 
0.02477076356 	 98.23765619059 	 0.00033046457 
0.02477076356 	 101.79395954438 	 0.00040075246 
0.02477076356 	 105.47900470692 	 0.00048329794 
0.02477076356 	 109.29745226298 	 0.00057994075 
0.02477076356 	 113.25413151528 	 0.00069243744 
0.02477076356 	 117.35404659222 	 0.00082349189 
0.02477076356 	 121.60238277674 	 0.00097436597 
0.02477076356 	 126.00451306433 	 0.00114778060 
0.02477076356 	 130.56600495838 	 0.00134565881 
0.02477076356 	 135.29262751160 	 0.00157054082 
0.02477076356 	 140.19035862226 	 0.00182602040 
0.02477076356 	 145.26539259468 	 0.00211336966 
0.02477076356 	 150.52414797329 	 0.00243580973 
0.02477076356 	 155.97327566040 	 0.00279613737 
0.02477076356 	 161.61966732774 	 0.00319707229 
0.02477076356 	 167.47046413260 	 0.00364168933 
0.02477076356 	 173.53306574945 	 0.00413203549 
0.02477076356 	 179.81513972851 	 0.00467158399 
0.02477076356 	 186.32463119316 	 0.00526223522 
0.02477076356 	 193.06977288832 	 0.00590659369 
0.02477076356 	 200.05909559272 	 0.00660704725 
0.02477076356 	 207.30143890792 	 0.00736592447 
0.02477076356 	 214.80596243813 	 0.00818532807 
0.02477076356 	 222.58215737454 	 0.00906678171 
0.02477076356 	 230.63985849915 	 0.01001180943 
0.02477076356 	 238.98925662311 	 0.01102191159 
0.02477076356 	 247.64091147530 	 0.01209817621 
0.02477076356 	 256.60576505760 	 0.01324142682 
0.02477076356 	 265.89515548347 	 0.01445230727 
0.02477076356 	 275.52083131769 	 0.01573130996 
0.02477076356 	 285.49496643503 	 0.01707806264 
0.02477076356 	 295.83017541695 	 0.01849252724 
0.02477076356 	 306.53952950565 	 0.01997410698 
0.02477076356 	 317.63657313561 	 0.02152235501 
0.02477076356 	 329.13534106365 	 0.02313573528 
0.02477076356 	 341.05037611911 	 0.02481351249 
0.02477076356 	 353.39674759658 	 0.02655354628 
0.02477076356 	 366.19007031450 	 0.02835514054 
0.02477076356 	 379.44652436364 	 0.03021559168 
0.02477076356 	 393.18287557058 	 0.03213318785 
0.02477076356 	 407.41649670190 	 0.03410557576 
0.02477076356 	 422.16538943608 	 0.03613068685 
0.02477076356 	 437.44820713071 	 0.03820610181 
0.02477076356 	 453.28427841392 	 0.04032930838 
0.02477076356 	 469.69363162995 	 0.04249863540 
0.02477076356 	 486.69702016948 	 0.04471115883 
0.02477076356 	 504.31594871714 	 0.04696517342 
0.02477076356 	 522.57270044903 	 0.04925742322 
0.02477076356 	 541.49036521501 	 0.05158645736 
0.02477076356 	 561.09286874100 	 0.05395025314 
0.02477076356 	 581.40500288865 	 0.05634692264 
0.02477076356 	 602.45245701027 	 0.05877501321 
0.02477076356 	 624.26185043890 	 0.06123318362 
0.02477076356 	 646.86076615463 	 0.06372067137 
0.02477076356 	 670.27778566954 	 0.06623540218 
0.02477076356 	 694.54252517561 	 0.06877707952 
0.02477076356 	 719.68567300115 	 0.07134495535 
0.02477076356 	 745.73902842330 	 0.07393956257 
0.02477076356 	 772.73554188543 	 0.07656038730 
0.02477076356 	 800.70935667059 	 0.07920703197 
0.02477076356 	 829.69585208349 	 0.08188135258 
0.02477076356 	 859.73168819576 	 0.08458212654 
0.02477076356 	 890.85485221102 	 0.08731009594 
0.02477076356 	 923.10470650840 	 0.09006870682 
0.02477076356 	 956.52203842531 	 0.09285602520 
0.02477076356 	 991.14911184236 	 0.09567351830 
0.02477076356 	 1027.02972063577 	 0.09852274624 
0.02477076356 	 1064.20924406472 	 0.10140692077 
0.02477076356 	 1102.73470416390 	 0.10432376581 
0.02477076356 	 1142.65482521357 	 0.10727762514 
0.02477076356 	 1184.02009536266 	 0.11026741444 
0.02477076356 	 1226.88283048257 	 0.11329555956 
0.02477076356 	 1271.29724033264 	 0.11636417243 
0.02477076356 	 1317.31949712075 	 0.11947376917 
0.02477076356 	 1365.00780654601 	 0.12262504827 
0.02477076356 	 1414.42248141323 	 0.12582106407 
0.02477076356 	 1465.62601791225 	 0.12906115021 
0.02477076356 	 1518.68317465873 	 0.13234726801 
0.02477076356 	 1573.66105459626 	 0.13568049376 
0.02477076356 	 1630.62918986345 	 0.13906280202 
0.02477076356 	 1689.65962973324 	 0.14249443509 
0.02477076356 	 1750.82703173573 	 0.14597703050 
0.02477076356 	 1814.20875607977 	 0.14951080727 
0.02477076356 	 1879.88496349267 	 0.15309864538 
0.02477076356 	 1947.93871660183 	 0.15673973396 
0.02477076356 	 2018.45608498650 	 0.16043653928 
0.02477076356 	 2091.52625403246 	 0.16418940473 
0.02477076356 	 2167.24163772744 	 0.16799884740 
0.02477076356 	 2245.69799553977 	 0.17186605806 
0.02477076356 	 2326.99455352823 	 0.17579169779 
0.02477076356 	 2411.23412983612 	 0.17977852414 
0.02477076356 	 2498.52326472839 	 0.18382641326 
0.02477076356 	 2588.97235533627 	 0.18793660067 
0.02477076356 	 2682.69579527972 	 0.19210839607 
0.02477076356 	 2779.81211934445 	 0.19634319489 
0.02477076356 	 2880.44415339630 	 0.20064491219 
0.02477076356 	 2984.71916972271 	 0.20501149573 
0.02477076356 	 3092.76904799777 	 0.20944484274 
0.02477076356 	 3204.73044207429 	 0.21394485224 
0.02477076356 	 3320.74495281390 	 0.21851426541 
0.02477076356 	 3440.95930717388 	 0.22315243577 
0.02477076356 	 3565.52554377701 	 0.22786014188 
0.02477076356 	 3694.60120519930 	 0.23263843149 
0.02477076356 	 3828.34953721869 	 0.23748836505 
0.02477076356 	 3966.93969527677 	 0.24241122686 
0.02477076356 	 4110.54695841470 	 0.24740803587 
0.02477076356 	 4259.35295095366 	 0.25247917976 
0.02477076356 	 4413.54587220053 	 0.25762421911 
0.02477076356 	 4573.32073446906 	 0.26284439378 
0.02477076356 	 4738.87960971766 	 0.26814127351 
0.02477076356 	 4910.43188511573 	 0.27351537357 
0.02477076356 	 5088.19452786179 	 0.27896588426 
0.02477076356 	 5272.39235958825 	 0.28449533701 
0.02477076356 	 5463.25834069991 	 0.29010318298 
0.02477076356 	 5661.03386500583 	 0.29579022860 
0.02477076356 	 5865.96906501720 	 0.30155939300 
0.02477076356 	 6078.32312829723 	 0.30740644009 
0.02477076356 	 6298.36462526327 	 0.31333562796 
0.02477076356 	 6526.37184885573 	 0.31934468894 
0.02477076356 	 6762.63316650331 	 0.32543484081 
0.02477076356 	 7007.44738482975 	 0.33160712385 
0.02477076356 	 7261.12412756334 	 0.33786128968 
0.02477076356 	 7523.98422712716 	 0.34419644306 
0.02477076356 	 7796.36013040524 	 0.35061652586 
0.02477076356 	 8078.59631919787 	 0.35711758255 
0.02477076356 	 8371.04974589791 	 0.36370233509 
0.02477076356 	 8674.09028493891 	 0.37036971821 
0.02477076356 	 8988.10120058618 	 0.37711685167 
0.02477076356 	 9313.47963166233 	 0.38394539222 
0.02477076356 	 9650.63709382046 	 0.39085754071 
0.02477076356 	 10000.00000000000 	 0.39785003604 
