0.00151991108 	 0.00000000000 	 0.00000000000 
0.00151991108 	 0.01000000000 	 0.00000000000 
0.00151991108 	 0.02000000000 	 0.00000000000 
0.00151991108 	 0.03000000000 	 0.00000000000 
0.00151991108 	 0.04000000000 	 0.00000000000 
0.00151991108 	 0.05000000000 	 0.00000000000 
0.00151991108 	 0.06000000000 	 0.00000000000 
0.00151991108 	 0.07000000000 	 0.00000000000 
0.00151991108 	 0.08000000000 	 0.00000000000 
0.00151991108 	 0.09000000000 	 0.00000000000 
0.00151991108 	 0.10000000000 	 0.00000000000 
0.00151991108 	 0.11000000000 	 0.00000000000 
0.00151991108 	 0.12000000000 	 0.00000000000 
0.00151991108 	 0.13000000000 	 0.00000000000 
0.00151991108 	 0.14000000000 	 0.00000000000 
0.00151991108 	 0.15000000000 	 0.00000000000 
0.00151991108 	 0.16000000000 	 0.00000000000 
0.00151991108 	 0.17000000000 	 0.00000000000 
0.00151991108 	 0.18000000000 	 0.00000000000 
0.00151991108 	 0.19000000000 	 0.00000000000 
0.00151991108 	 0.20000000000 	 0.00000000000 
0.00151991108 	 0.21000000000 	 0.00000000000 
0.00151991108 	 0.22000000000 	 0.00000000000 
0.00151991108 	 0.23000000000 	 -0.00000000002 
0.00151991108 	 0.24000000000 	 -0.00000000002 
0.00151991108 	 0.25000000000 	 -0.00000000002 
0.00151991108 	 0.26000000000 	 -0.00000000002 
0.00151991108 	 0.27000000000 	 -0.00000000002 
0.00151991108 	 0.28000000000 	 -0.00000000002 
0.00151991108 	 0.29000000000 	 -0.00000000002 
0.00151991108 	 0.30000000000 	 -0.00000000002 
0.00151991108 	 0.31000000000 	 -0.00000000002 
0.00151991108 	 0.32000000000 	 -0.00000000002 
0.00151991108 	 0.33000000000 	 -0.00000000002 
0.00151991108 	 0.34000000000 	 -0.00000000002 
0.00151991108 	 0.35000000000 	 -0.00000000002 
0.00151991108 	 0.36000000000 	 -0.00000000002 
0.00151991108 	 0.37000000000 	 -0.00000000002 
0.00151991108 	 0.38000000000 	 -0.00000000002 
0.00151991108 	 0.39000000000 	 -0.00000000003 
0.00151991108 	 0.40000000000 	 -0.00000000003 
0.00151991108 	 0.41000000000 	 -0.00000000003 
0.00151991108 	 0.42000000000 	 -0.00000000003 
0.00151991108 	 0.43000000000 	 -0.00000000003 
0.00151991108 	 0.44000000000 	 -0.00000000003 
0.00151991108 	 0.45000000000 	 -0.00000000003 
0.00151991108 	 0.46000000000 	 -0.00000000003 
0.00151991108 	 0.47000000000 	 -0.00000000003 
0.00151991108 	 0.48000000000 	 -0.00000000003 
0.00151991108 	 0.49000000000 	 -0.00000000003 
0.00151991108 	 0.50000000000 	 -0.00000000003 
0.00151991108 	 0.51000000000 	 -0.00000000003 
0.00151991108 	 0.52000000000 	 -0.00000000003 
0.00151991108 	 0.53000000000 	 -0.00000000003 
0.00151991108 	 0.54000000000 	 -0.00000000003 
0.00151991108 	 0.55000000000 	 -0.00000000003 
0.00151991108 	 0.56000000000 	 -0.00000000003 
0.00151991108 	 0.57000000000 	 -0.00000000003 
0.00151991108 	 0.58000000000 	 -0.00000000003 
0.00151991108 	 0.59000000000 	 -0.00000000003 
0.00151991108 	 0.60000000000 	 0.00000000007 
0.00151991108 	 0.61000000000 	 0.00000000007 
0.00151991108 	 0.62000000000 	 0.00000000007 
0.00151991108 	 0.63000000000 	 0.00000000007 
0.00151991108 	 0.64000000000 	 0.00000000007 
0.00151991108 	 0.65000000000 	 0.00000000007 
0.00151991108 	 0.66000000000 	 0.00000000007 
0.00151991108 	 0.67000000000 	 0.00000000007 
0.00151991108 	 0.68000000000 	 0.00000000007 
0.00151991108 	 0.69000000000 	 0.00000000007 
0.00151991108 	 0.70000000000 	 0.00000000007 
0.00151991108 	 0.71000000000 	 0.00000000007 
0.00151991108 	 0.72000000000 	 0.00000000007 
0.00151991108 	 0.73000000000 	 0.00000000007 
0.00151991108 	 0.74000000000 	 0.00000000007 
0.00151991108 	 0.75000000000 	 0.00000000007 
0.00151991108 	 0.76000000000 	 0.00000000007 
0.00151991108 	 0.77000000000 	 0.00000000007 
0.00151991108 	 0.78000000000 	 0.00000000007 
0.00151991108 	 0.79000000000 	 0.00000000007 
0.00151991108 	 0.80000000000 	 0.00000000007 
0.00151991108 	 0.81000000000 	 0.00000000007 
0.00151991108 	 0.82000000000 	 0.00000000007 
0.00151991108 	 0.83000000000 	 0.00000000039 
0.00151991108 	 0.84000000000 	 0.00000000039 
0.00151991108 	 0.85000000000 	 0.00000000039 
0.00151991108 	 0.86000000000 	 0.00000000039 
0.00151991108 	 0.87000000000 	 0.00000000039 
0.00151991108 	 0.88000000000 	 0.00000000039 
0.00151991108 	 0.89000000000 	 0.00000000039 
0.00151991108 	 0.90000000000 	 0.00000000040 
0.00151991108 	 0.91000000000 	 0.00000000040 
0.00151991108 	 0.92000000000 	 0.00000000040 
0.00151991108 	 0.93000000000 	 0.00000000040 
0.00151991108 	 0.94000000000 	 0.00000000040 
0.00151991108 	 0.95000000000 	 0.00000000040 
0.00151991108 	 0.96000000000 	 0.00000000040 
0.00151991108 	 0.97000000000 	 0.00000000040 
0.00151991108 	 0.98000000000 	 0.00000000040 
0.00151991108 	 0.99000000000 	 0.00000000040 
0.00151991108 	 1.00000000000 	 0.00000000040 
0.00151991108 	 1.03620101997 	 0.00000000041 
0.00151991108 	 1.07371255379 	 0.00000000041 
0.00151991108 	 1.11258204340 	 0.00000000041 
0.00151991108 	 1.15285864817 	 0.00000000042 
0.00151991108 	 1.19459330712 	 0.00000000042 
0.00151991108 	 1.23783880329 	 -0.00000000028 
0.00151991108 	 1.28264983053 	 -0.00000000029 
0.00151991108 	 1.32908306266 	 -0.00000000030 
0.00151991108 	 1.37719722516 	 -0.00000000030 
0.00151991108 	 1.42705316941 	 -0.00000000031 
0.00151991108 	 1.47871394970 	 -0.00000000032 
0.00151991108 	 1.53224490292 	 -0.00000000033 
0.00151991108 	 1.58771373126 	 0.00000000003 
0.00151991108 	 1.64519058775 	 0.00000000003 
0.00151991108 	 1.70474816508 	 0.00000000002 
0.00151991108 	 1.76646178745 	 0.00000000001 
0.00151991108 	 1.83040950590 	 0.00000000001 
0.00151991108 	 1.89667219698 	 0.00000000000 
0.00151991108 	 1.96533366506 	 -0.00000000000 
0.00151991108 	 2.03648074833 	 -0.00000000001 
0.00151991108 	 2.11020342857 	 -0.00000000002 
0.00151991108 	 2.18659494503 	 -0.00000000031 
0.00151991108 	 2.26575191231 	 0.00000000020 
0.00151991108 	 2.34777444254 	 0.00000000012 
0.00151991108 	 2.43276627202 	 0.00000000013 
0.00151991108 	 2.52083489243 	 0.00000000014 
0.00151991108 	 2.61209168671 	 0.00000000008 
0.00151991108 	 2.70665207003 	 -0.00000000032 
0.00151991108 	 2.80463563568 	 -0.00000000024 
0.00151991108 	 2.90616630634 	 -0.00000000024 
0.00151991108 	 3.01137249084 	 0.00000000015 
0.00151991108 	 3.12038724653 	 0.00000000015 
0.00151991108 	 3.23334844756 	 0.00000000013 
0.00151991108 	 3.35039895929 	 0.00000000014 
0.00151991108 	 3.47168681893 	 0.00000000007 
0.00151991108 	 3.59736542280 	 -0.00000000025 
0.00151991108 	 3.72759372031 	 -0.00000000023 
0.00151991108 	 3.86253641503 	 -0.00000000021 
0.00151991108 	 4.00236417294 	 -0.00000000019 
0.00151991108 	 4.14725383830 	 -0.00000000018 
0.00151991108 	 4.29738865733 	 -0.00000000008 
0.00151991108 	 4.45295850994 	 -0.00000000040 
0.00151991108 	 4.61416014990 	 -0.00000000012 
0.00151991108 	 4.78119745364 	 0.00000000000 
0.00151991108 	 4.95428167815 	 0.00000000000 
0.00151991108 	 5.13363172813 	 0.00000000000 
0.00151991108 	 5.31947443285 	 0.00000000000 
0.00151991108 	 5.51204483304 	 0.00000000000 
0.00151991108 	 5.71158647813 	 0.00000000000 
0.00151991108 	 5.91835173430 	 0.00000000000 
0.00151991108 	 6.13260210363 	 0.00000000000 
0.00151991108 	 6.35460855487 	 0.00000000000 
0.00151991108 	 6.58465186608 	 0.00000000000 
0.00151991108 	 6.82302297979 	 0.00000000000 
0.00151991108 	 7.07002337096 	 0.00000000000 
0.00151991108 	 7.32596542822 	 0.00000000000 
0.00151991108 	 7.59117284900 	 0.00000000000 
0.00151991108 	 7.86598104892 	 0.00000000000 
0.00151991108 	 8.15073758597 	 0.00000000000 
0.00151991108 	 8.44580260011 	 0.00000000000 
0.00151991108 	 8.75154926872 	 0.00000000000 
0.00151991108 	 9.06836427859 	 0.00000000000 
0.00151991108 	 9.39664831495 	 0.00000000000 
0.00151991108 	 9.73681656828 	 0.00000000000 
0.00151991108 	 10.08929925933 	 0.00000000000 
0.00151991108 	 10.45454218333 	 -0.00000000049 
0.00151991108 	 10.83300727371 	 -0.00000000048 
0.00151991108 	 11.22517318638 	 -0.00000000046 
0.00151991108 	 11.63153590510 	 -0.00000000047 
0.00151991108 	 12.05260936871 	 -0.00000000059 
0.00151991108 	 12.48892612118 	 -0.00000000060 
0.00151991108 	 12.94103798513 	 -0.00000000061 
0.00151991108 	 13.40951675969 	 -0.00000000064 
0.00151991108 	 13.89495494373 	 -0.00000000035 
0.00151991108 	 14.39796648516 	 -0.00000000032 
0.00151991108 	 14.91918755746 	 -0.00000000030 
0.00151991108 	 15.45927736419 	 -0.00000000028 
0.00151991108 	 16.01891897281 	 -0.00000000027 
0.00151991108 	 16.59882017849 	 -0.00000000027 
0.00151991108 	 17.19971439928 	 -0.00000000027 
0.00151991108 	 17.82236160377 	 -0.00000000030 
0.00151991108 	 18.46754927215 	 0.00000000030 
0.00151991108 	 19.13609339219 	 0.00000000023 
0.00151991108 	 19.82883949127 	 0.00000000023 
0.00151991108 	 20.54666370572 	 -0.00000000067 
0.00151991108 	 21.29047388890 	 -0.00000000061 
0.00151991108 	 22.06121075937 	 -0.00000000054 
0.00151991108 	 22.85984909069 	 -0.00000000049 
0.00151991108 	 23.68739894419 	 0.00000000024 
0.00151991108 	 24.54490694646 	 0.00000000025 
0.00151991108 	 25.43345761305 	 0.00000000026 
0.00151991108 	 26.35417472006 	 0.00000000052 
0.00151991108 	 27.30822272546 	 0.00000000064 
0.00151991108 	 28.29680824175 	 -0.00000000005 
0.00151991108 	 29.32118156207 	 0.00000000021 
0.00151991108 	 30.38263824141 	 -0.00000000003 
0.00151991108 	 31.48252073520 	 -0.00000000110 
0.00151991108 	 32.62222009712 	 -0.00000000096 
0.00151991108 	 33.80317773840 	 -0.00000000105 
0.00151991108 	 35.02688725083 	 -0.00000000083 
0.00151991108 	 36.29489629577 	 -0.00000000110 
0.00151991108 	 37.60880856147 	 -0.00000000125 
0.00151991108 	 38.97028579134 	 -0.00000000037 
0.00151991108 	 40.38104988560 	 0.00000000101 
0.00151991108 	 41.84288507902 	 -0.00000000166 
0.00151991108 	 43.35764019746 	 0.00000000001 
0.00151991108 	 44.92723099621 	 0.00000000086 
0.00151991108 	 46.55364258280 	 -0.00000000076 
0.00151991108 	 48.23893192773 	 0.00000000000 
0.00151991108 	 49.98523046589 	 -0.00000000000 
0.00151991108 	 51.79474679231 	 -0.00000000000 
0.00151991108 	 53.66976945540 	 0.00000000048 
0.00151991108 	 55.61266985137 	 0.00000000103 
0.00151991108 	 57.62590522338 	 0.00000000094 
0.00151991108 	 59.71202176930 	 0.00000000092 
0.00151991108 	 61.87365786196 	 -0.00000000186 
0.00151991108 	 64.11354738598 	 0.00000000080 
0.00151991108 	 66.43452319540 	 0.00000000062 
0.00151991108 	 68.83952069645 	 0.00000000025 
0.00151991108 	 71.33158156008 	 -0.00000000128 
0.00151991108 	 73.91385756879 	 -0.00000000130 
0.00151991108 	 76.58961460288 	 -0.00000000166 
0.00151991108 	 79.36223677079 	 -0.00000000132 
0.00151991108 	 82.23523068918 	 -0.00000000125 
0.00151991108 	 85.21222991780 	 -0.00000000162 
0.00151991108 	 88.29699955494 	 -0.00000000222 
0.00151991108 	 91.49344099933 	 0.00000000118 
0.00151991108 	 94.80559688429 	 -0.00000000004 
0.00151991108 	 98.23765619059 	 0.00000000161 
0.00151991108 	 101.79395954438 	 0.00000000037 
0.00151991108 	 105.47900470692 	 -0.00000000027 
0.00151991108 	 109.29745226298 	 -0.00000000308 
0.00151991108 	 113.25413151528 	 -0.00000000336 
0.00151991108 	 117.35404659222 	 -0.00000000061 
0.00151991108 	 121.60238277674 	 0.00000000501 
0.00151991108 	 126.00451306433 	 0.00000000512 
0.00151991108 	 130.56600495838 	 -0.00000000006 
0.00151991108 	 135.29262751160 	 0.00000000010 
0.00151991108 	 140.19035862226 	 0.00000000834 
0.00151991108 	 145.26539259468 	 0.00000000999 
0.00151991108 	 150.52414797329 	 0.00000000734 
0.00151991108 	 155.97327566040 	 0.00000000772 
0.00151991108 	 161.61966732774 	 -0.00000000338 
0.00151991108 	 167.47046413260 	 0.00000000723 
0.00151991108 	 173.53306574945 	 0.00000000118 
0.00151991108 	 179.81513972851 	 0.00000001014 
0.00151991108 	 186.32463119316 	 0.00000001427 
0.00151991108 	 193.06977288832 	 0.00000001181 
0.00151991108 	 200.05909559272 	 0.00000002209 
0.00151991108 	 207.30143890792 	 0.00000000054 
0.00151991108 	 214.80596243813 	 0.00000000433 
0.00151991108 	 222.58215737454 	 0.00000001338 
0.00151991108 	 230.63985849915 	 -0.00000000337 
0.00151991108 	 238.98925662311 	 -0.00000000265 
0.00151991108 	 247.64091147530 	 -0.00000000170 
0.00151991108 	 256.60576505760 	 0.00000001563 
0.00151991108 	 265.89515548347 	 -0.00000000953 
0.00151991108 	 275.52083131769 	 -0.00000000381 
0.00151991108 	 285.49496643503 	 0.00000001741 
0.00151991108 	 295.83017541695 	 0.00000000164 
0.00151991108 	 306.53952950565 	 0.00000000374 
0.00151991108 	 317.63657313561 	 -0.00000000522 
0.00151991108 	 329.13534106365 	 0.00000002332 
0.00151991108 	 341.05037611911 	 0.00000005115 
0.00151991108 	 353.39674759658 	 0.00000002729 
0.00151991108 	 366.19007031450 	 0.00000002189 
0.00151991108 	 379.44652436364 	 0.00000002615 
0.00151991108 	 393.18287557058 	 0.00000000214 
0.00151991108 	 407.41649670190 	 -0.00000005457 
0.00151991108 	 422.16538943608 	 -0.00000000665 
0.00151991108 	 437.44820713071 	 0.00000000026 
0.00151991108 	 453.28427841392 	 -0.00000009916 
0.00151991108 	 469.69363162995 	 -0.00000007373 
0.00151991108 	 486.69702016948 	 -0.00000004372 
0.00151991108 	 504.31594871714 	 -0.00000005077 
0.00151991108 	 522.57270044903 	 -0.00000001464 
0.00151991108 	 541.49036521501 	 -0.00000000209 
0.00151991108 	 561.09286874100 	 0.00000002298 
0.00151991108 	 581.40500288865 	 0.00000003105 
0.00151991108 	 602.45245701027 	 -0.00000000488 
0.00151991108 	 624.26185043890 	 -0.00000004076 
0.00151991108 	 646.86076615463 	 -0.00000007918 
0.00151991108 	 670.27778566954 	 -0.00000002480 
0.00151991108 	 694.54252517561 	 -0.00000000772 
0.00151991108 	 719.68567300115 	 0.00000007362 
0.00151991108 	 745.73902842330 	 0.00000015420 
0.00151991108 	 772.73554188543 	 0.00000017061 
0.00151991108 	 800.70935667059 	 0.00000029266 
0.00151991108 	 829.69585208349 	 0.00000053034 
0.00151991108 	 859.73168819576 	 0.00000079856 
0.00151991108 	 890.85485221102 	 0.00000116534 
0.00151991108 	 923.10470650840 	 0.00000171948 
0.00151991108 	 956.52203842531 	 0.00000245636 
0.00151991108 	 991.14911184236 	 0.00000345944 
0.00151991108 	 1027.02972063577 	 0.00000493534 
0.00151991108 	 1064.20924406472 	 0.00000701503 
0.00151991108 	 1102.73470416390 	 0.00000970619 
0.00151991108 	 1142.65482521357 	 0.00001322728 
0.00151991108 	 1184.02009536266 	 0.00001790044 
0.00151991108 	 1226.88283048257 	 0.00002413651 
0.00151991108 	 1271.29724033264 	 0.00003240315 
0.00151991108 	 1317.31949712075 	 0.00004298574 
0.00151991108 	 1365.00780654601 	 0.00005636187 
0.00151991108 	 1414.42248141323 	 0.00007326136 
0.00151991108 	 1465.62601791225 	 0.00009461035 
0.00151991108 	 1518.68317465873 	 0.00012130295 
0.00151991108 	 1573.66105459626 	 0.00015397575 
0.00151991108 	 1630.62918986345 	 0.00019445923 
0.00151991108 	 1689.65962973324 	 0.00024380050 
0.00151991108 	 1750.82703173573 	 0.00030330138 
0.00151991108 	 1814.20875607977 	 0.00037475972 
0.00151991108 	 1879.88496349267 	 0.00046004129 
0.00151991108 	 1947.93871660183 	 0.00056121027 
0.00151991108 	 2018.45608498650 	 0.00068030667 
0.00151991108 	 2091.52625403246 	 0.00081986797 
0.00151991108 	 2167.24163772744 	 0.00098201594 
0.00151991108 	 2245.69799553977 	 0.00116935422 
0.00151991108 	 2326.99455352823 	 0.00138540598 
0.00151991108 	 2411.23412983612 	 0.00163187523 
0.00151991108 	 2498.52326472839 	 0.00191247232 
0.00151991108 	 2588.97235533627 	 0.00222978070 
0.00151991108 	 2682.69579527972 	 0.00258701295 
0.00151991108 	 2779.81211934445 	 0.00298711855 
0.00151991108 	 2880.44415339630 	 0.00343321722 
0.00151991108 	 2984.71916972271 	 0.00392788764 
0.00151991108 	 3092.76904799777 	 0.00447425031 
0.00151991108 	 3204.73044207429 	 0.00507504504 
0.00151991108 	 3320.74495281390 	 0.00573289904 
0.00151991108 	 3440.95930717388 	 0.00645001894 
0.00151991108 	 3565.52554377701 	 0.00722926386 
0.00151991108 	 3694.60120519930 	 0.00807213622 
0.00151991108 	 3828.34953721869 	 0.00898049354 
0.00151991108 	 3966.93969527677 	 0.00995582936 
0.00151991108 	 4110.54695841470 	 0.01099952193 
0.00151991108 	 4259.35295095366 	 0.01211269350 
0.00151991108 	 4413.54587220053 	 0.01329595154 
0.00151991108 	 4573.32073446906 	 0.01454935999 
0.00151991108 	 4738.87960971766 	 0.01587332617 
0.00151991108 	 4910.43188511573 	 0.01726765267 
0.00151991108 	 5088.19452786179 	 0.01873140356 
0.00151991108 	 5272.39235958825 	 0.02026471874 
0.00151991108 	 5463.25834069991 	 0.02186563723 
0.00151991108 	 5661.03386500583 	 0.02353280471 
0.00151991108 	 5865.96906501720 	 0.02526519340 
0.00151991108 	 6078.32312829723 	 0.02706069562 
0.00151991108 	 6298.36462526327 	 0.02891760458 
0.00151991108 	 6526.37184885573 	 0.03083327643 
0.00151991108 	 6762.63316650331 	 0.03280563938 
0.00151991108 	 7007.44738482975 	 0.03483212030 
0.00151991108 	 7261.12412756334 	 0.03691082602 
0.00151991108 	 7523.98422712716 	 0.03903883842 
0.00151991108 	 7796.36013040524 	 0.04121390200 
0.00151991108 	 8078.59631919787 	 0.04343312704 
0.00151991108 	 8371.04974589791 	 0.04569466450 
0.00151991108 	 8674.09028493891 	 0.04799551149 
0.00151991108 	 8988.10120058618 	 0.05033369145 
0.00151991108 	 9313.47963166233 	 0.05270726411 
0.00151991108 	 9650.63709382046 	 0.05511445373 
0.00151991108 	 10000.00000000000 	 0.05755379926 
