0.24770763560 	 0.00000000000 	 0.00203433527 
0.24770763560 	 0.01000000000 	 0.00211527954 
0.24770763560 	 0.02000000000 	 0.00219833296 
0.24770763560 	 0.03000000000 	 0.00228282455 
0.24770763560 	 0.04000000000 	 0.00236894830 
0.24770763560 	 0.05000000000 	 0.00245691323 
0.24770763560 	 0.06000000000 	 0.00254599884 
0.24770763560 	 0.07000000000 	 0.00263660472 
0.24770763560 	 0.08000000000 	 0.00272886271 
0.24770763560 	 0.09000000000 	 0.00282248351 
0.24770763560 	 0.10000000000 	 0.00291849637 
0.24770763560 	 0.11000000000 	 0.00301483867 
0.24770763560 	 0.12000000000 	 0.00311318085 
0.24770763560 	 0.13000000000 	 0.00321292703 
0.24770763560 	 0.14000000000 	 0.00331378415 
0.24770763560 	 0.15000000000 	 0.00341600661 
0.24770763560 	 0.16000000000 	 0.00351978215 
0.24770763560 	 0.17000000000 	 0.00362460627 
0.24770763560 	 0.18000000000 	 0.00373120514 
0.24770763560 	 0.19000000000 	 0.00383996719 
0.24770763560 	 0.20000000000 	 0.00394803433 
0.24770763560 	 0.21000000000 	 0.00405837870 
0.24770763560 	 0.22000000000 	 0.00416960377 
0.24770763560 	 0.23000000000 	 0.00428208047 
0.24770763560 	 0.24000000000 	 0.00439541903 
0.24770763560 	 0.25000000000 	 0.00451142336 
0.24770763560 	 0.26000000000 	 0.00462925584 
0.24770763560 	 0.27000000000 	 0.00474725604 
0.24770763560 	 0.28000000000 	 0.00486641615 
0.24770763560 	 0.29000000000 	 0.00498660004 
0.24770763560 	 0.30000000000 	 0.00510842836 
0.24770763560 	 0.31000000000 	 0.00521725025 
0.24770763560 	 0.32000000000 	 0.00534085965 
0.24770763560 	 0.33000000000 	 0.00548079605 
0.24770763560 	 0.34000000000 	 0.00560712615 
0.24770763560 	 0.35000000000 	 0.00573451436 
0.24770763560 	 0.36000000000 	 0.00586310784 
0.24770763560 	 0.37000000000 	 0.00599207427 
0.24770763560 	 0.38000000000 	 0.00612230470 
0.24770763560 	 0.39000000000 	 0.00625199040 
0.24770763560 	 0.40000000000 	 0.00638467879 
0.24770763560 	 0.41000000000 	 0.00651632728 
0.24770763560 	 0.42000000000 	 0.00665450255 
0.24770763560 	 0.43000000000 	 0.00678834991 
0.24770763560 	 0.44000000000 	 0.00692716784 
0.24770763560 	 0.45000000000 	 0.00706268734 
0.24770763560 	 0.46000000000 	 0.00720161612 
0.24770763560 	 0.47000000000 	 0.00733966077 
0.24770763560 	 0.48000000000 	 0.00748009703 
0.24770763560 	 0.49000000000 	 0.00762470622 
0.24770763560 	 0.50000000000 	 0.00776722860 
0.24770763560 	 0.51000000000 	 0.00791135868 
0.24770763560 	 0.52000000000 	 0.00805456258 
0.24770763560 	 0.53000000000 	 0.00819431889 
0.24770763560 	 0.54000000000 	 0.00833990581 
0.24770763560 	 0.55000000000 	 0.00848659548 
0.24770763560 	 0.56000000000 	 0.00863813498 
0.24770763560 	 0.57000000000 	 0.00878658228 
0.24770763560 	 0.58000000000 	 0.00893556096 
0.24770763560 	 0.59000000000 	 0.00908445102 
0.24770763560 	 0.60000000000 	 0.00923537540 
0.24770763560 	 0.61000000000 	 0.00938006669 
0.24770763560 	 0.62000000000 	 0.00953482062 
0.24770763560 	 0.63000000000 	 0.00968344387 
0.24770763560 	 0.64000000000 	 0.00983992976 
0.24770763560 	 0.65000000000 	 0.00999410520 
0.24770763560 	 0.66000000000 	 0.01014797011 
0.24770763560 	 0.67000000000 	 0.01030930903 
0.24770763560 	 0.68000000000 	 0.01046486949 
0.24770763560 	 0.69000000000 	 0.01062195852 
0.24770763560 	 0.70000000000 	 0.01077973199 
0.24770763560 	 0.71000000000 	 0.01093044785 
0.24770763560 	 0.72000000000 	 0.01108880973 
0.24770763560 	 0.73000000000 	 0.01124683095 
0.24770763560 	 0.74000000000 	 0.01140659978 
0.24770763560 	 0.75000000000 	 0.01157069199 
0.24770763560 	 0.76000000000 	 0.01173106304 
0.24770763560 	 0.77000000000 	 0.01189257939 
0.24770763560 	 0.78000000000 	 0.01205446134 
0.24770763560 	 0.79000000000 	 0.01221694405 
0.24770763560 	 0.80000000000 	 0.01238017377 
0.24770763560 	 0.81000000000 	 0.01254406662 
0.24770763560 	 0.82000000000 	 0.01270852501 
0.24770763560 	 0.83000000000 	 0.01287329958 
0.24770763560 	 0.84000000000 	 0.01303925325 
0.24770763560 	 0.85000000000 	 0.01320448308 
0.24770763560 	 0.86000000000 	 0.01337028551 
0.24770763560 	 0.87000000000 	 0.01353682114 
0.24770763560 	 0.88000000000 	 0.01370372446 
0.24770763560 	 0.89000000000 	 0.01387123037 
0.24770763560 	 0.90000000000 	 0.01404041983 
0.24770763560 	 0.91000000000 	 0.01420860076 
0.24770763560 	 0.92000000000 	 0.01437733412 
0.24770763560 	 0.93000000000 	 0.01454660178 
0.24770763560 	 0.94000000000 	 0.01471581123 
0.24770763560 	 0.95000000000 	 0.01488584613 
0.24770763560 	 0.96000000000 	 0.01505529425 
0.24770763560 	 0.97000000000 	 0.01522605934 
0.24770763560 	 0.98000000000 	 0.01539723994 
0.24770763560 	 0.99000000000 	 0.01556880308 
0.24770763560 	 1.00000000000 	 0.01574077411 
0.24770763560 	 1.03620101997 	 0.01636304895 
0.24770763560 	 1.07371255379 	 0.01701803427 
0.24770763560 	 1.11258204340 	 0.01769723108 
0.24770763560 	 1.15285864817 	 0.01840546875 
0.24770763560 	 1.19459330712 	 0.01914518189 
0.24770763560 	 1.23783880329 	 0.01991263271 
0.24770763560 	 1.28264983053 	 0.02071134370 
0.24770763560 	 1.32908306266 	 0.02153958286 
0.24770763560 	 1.37719722516 	 0.02240247832 
0.24770763560 	 1.42705316941 	 0.02330425854 
0.24770763560 	 1.47871394970 	 0.02423132471 
0.24770763560 	 1.53224490292 	 0.02519736352 
0.24770763560 	 1.58771373126 	 0.02620831111 
0.24770763560 	 1.64519058775 	 0.02724699439 
0.24770763560 	 1.70474816508 	 0.02831196083 
0.24770763560 	 1.76646178745 	 0.02942689659 
0.24770763560 	 1.83040950590 	 0.03057488970 
0.24770763560 	 1.89667219698 	 0.03176246048 
0.24770763560 	 1.96533366506 	 0.03298728405 
0.24770763560 	 2.03648074833 	 0.03425262897 
0.24770763560 	 2.11020342857 	 0.03555797778 
0.24770763560 	 2.18659494503 	 0.03690078931 
0.24770763560 	 2.26575191231 	 0.03828061225 
0.24770763560 	 2.34777444254 	 0.03970850136 
0.24770763560 	 2.43276627202 	 0.04116128480 
0.24770763560 	 2.52083489243 	 0.04266107486 
0.24770763560 	 2.61209168671 	 0.04419865450 
0.24770763560 	 2.70665207003 	 0.04577339180 
0.24770763560 	 2.80463563568 	 0.04739276894 
0.24770763560 	 2.90616630634 	 0.04903796495 
0.24770763560 	 3.01137249084 	 0.05072618056 
0.24770763560 	 3.12038724653 	 0.05245090424 
0.24770763560 	 3.23334844756 	 0.05421072278 
0.24770763560 	 3.35039895929 	 0.05600625316 
0.24770763560 	 3.47168681893 	 0.05783563872 
0.24770763560 	 3.59736542280 	 0.05969891753 
0.24770763560 	 3.72759372031 	 0.06159848007 
0.24770763560 	 3.86253641503 	 0.06352408258 
0.24770763560 	 4.00236417294 	 0.06548375760 
0.24770763560 	 4.14725383830 	 0.06747515768 
0.24770763560 	 4.29738865733 	 0.06949576647 
0.24770763560 	 4.45295850994 	 0.07154532768 
0.24770763560 	 4.61416014990 	 0.07362391824 
0.24770763560 	 4.78119745364 	 0.07573015779 
0.24770763560 	 4.95428167815 	 0.07786572634 
0.24770763560 	 5.13363172813 	 0.08002640982 
0.24770763560 	 5.31947443285 	 0.08221328205 
0.24770763560 	 5.51204483304 	 0.08442623496 
0.24770763560 	 5.71158647813 	 0.08666618222 
0.24770763560 	 5.91835173430 	 0.08893073173 
0.24770763560 	 6.13260210363 	 0.09122308696 
0.24770763560 	 6.35460855487 	 0.09354082752 
0.24770763560 	 6.58465186608 	 0.09588411538 
0.24770763560 	 6.82302297979 	 0.09825282700 
0.24770763560 	 7.07002337096 	 0.10064824265 
0.24770763560 	 7.32596542822 	 0.10307072217 
0.24770763560 	 7.59117284900 	 0.10552128245 
0.24770763560 	 7.86598104892 	 0.10799978066 
0.24770763560 	 8.15073758597 	 0.11050794122 
0.24770763560 	 8.44580260011 	 0.11304500802 
0.24770763560 	 8.75154926872 	 0.11561185908 
0.24770763560 	 9.06836427859 	 0.11821143233 
0.24770763560 	 9.39664831495 	 0.12084259174 
0.24770763560 	 9.73681656828 	 0.12350656638 
0.24770763560 	 10.08929925933 	 0.12620509346 
0.24770763560 	 10.45454218333 	 0.12893938151 
0.24770763560 	 10.83300727371 	 0.13170874553 
0.24770763560 	 11.22517318638 	 0.13451855272 
0.24770763560 	 11.63153590510 	 0.13736424172 
0.24770763560 	 12.05260936871 	 0.14024961489 
0.24770763560 	 12.48892612118 	 0.14317374696 
0.24770763560 	 12.94103798513 	 0.14614082147 
0.24770763560 	 13.40951675969 	 0.14915033279 
0.24770763560 	 13.89495494373 	 0.15220420579 
0.24770763560 	 14.39796648516 	 0.15530322620 
0.24770763560 	 14.91918755746 	 0.15844646406 
0.24770763560 	 15.45927736419 	 0.16163732405 
0.24770763560 	 16.01891897281 	 0.16487637360 
0.24770763560 	 16.59882017849 	 0.16816286169 
0.24770763560 	 17.19971439928 	 0.17149893455 
0.24770763560 	 17.82236160377 	 0.17488486912 
0.24770763560 	 18.46754927215 	 0.17832067974 
0.24770763560 	 19.13609339219 	 0.18181408955 
0.24770763560 	 19.82883949127 	 0.18535822530 
0.24770763560 	 20.54666370572 	 0.18895712838 
0.24770763560 	 21.29047388890 	 0.19261039949 
0.24770763560 	 22.06121075937 	 0.19631932026 
0.24770763560 	 22.85984909069 	 0.20008400411 
0.24770763560 	 23.68739894419 	 0.20390821306 
0.24770763560 	 24.54490694646 	 0.20779030588 
0.24770763560 	 25.43345761305 	 0.21173464992 
0.24770763560 	 26.35417472006 	 0.21573851789 
0.24770763560 	 27.30822272546 	 0.21980280327 
0.24770763560 	 28.29680824175 	 0.22392799860 
0.24770763560 	 29.32118156207 	 0.22811895688 
0.24770763560 	 30.38263824141 	 0.23237442886 
0.24770763560 	 31.48252073520 	 0.23669300257 
0.24770763560 	 32.62222009712 	 0.24107760977 
0.24770763560 	 33.80317773840 	 0.24552859830 
0.24770763560 	 35.02688725083 	 0.25004661965 
0.24770763560 	 36.29489629577 	 0.25463502068 
0.24770763560 	 37.60880856147 	 0.25929078375 
0.24770763560 	 38.97028579134 	 0.26401547514 
0.24770763560 	 40.38104988560 	 0.26881080831 
0.24770763560 	 41.84288507902 	 0.27367573511 
0.24770763560 	 43.35764019746 	 0.27861698674 
0.24770763560 	 44.92723099621 	 0.28362861132 
0.24770763560 	 46.55364258280 	 0.28871540522 
0.24770763560 	 48.23893192773 	 0.29387646217 
0.24770763560 	 49.98523046589 	 0.29911061014 
0.24770763560 	 51.79474679231 	 0.30441976182 
0.24770763560 	 53.66976945540 	 0.30980516662 
0.24770763560 	 55.61266985137 	 0.31526706681 
0.24770763560 	 57.62590522338 	 0.32080589813 
0.24770763560 	 59.71202176930 	 0.32642338629 
0.24770763560 	 61.87365786196 	 0.33211624732 
0.24770763560 	 64.11354738598 	 0.33788883525 
0.24770763560 	 66.43452319540 	 0.34373948276 
0.24770763560 	 68.83952069645 	 0.34966911434 
0.24770763560 	 71.33158156008 	 0.35567832614 
0.24770763560 	 73.91385756879 	 0.36176714981 
0.24770763560 	 76.58961460288 	 0.36793591287 
0.24770763560 	 79.36223677079 	 0.37418133599 
0.24770763560 	 82.23523068918 	 0.38050862440 
0.24770763560 	 85.21222991780 	 0.38691785740 
0.24770763560 	 88.29699955494 	 0.39340494997 
0.24770763560 	 91.49344099933 	 0.39996831163 
0.24770763560 	 94.80559688429 	 0.40661407348 
0.24770763560 	 98.23765619059 	 0.41334240629 
0.24770763560 	 101.79395954438 	 0.42014364108 
0.24770763560 	 105.47900470692 	 0.42702018775 
0.24770763560 	 109.29745226298 	 0.43397710411 
0.24770763560 	 113.25413151528 	 0.44101225184 
0.24770763560 	 117.35404659222 	 0.44812249690 
0.24770763560 	 121.60238277674 	 0.45530617125 
0.24770763560 	 126.00451306433 	 0.46256434235 
0.24770763560 	 130.56600495838 	 0.46989694504 
0.24770763560 	 135.29262751160 	 0.47730175340 
0.24770763560 	 140.19035862226 	 0.48477613196 
0.24770763560 	 145.26539259468 	 0.49231921820 
0.24770763560 	 150.52414797329 	 0.49992949711 
0.24770763560 	 155.97327566040 	 0.50760584728 
0.24770763560 	 161.61966732774 	 0.51534546697 
0.24770763560 	 167.47046413260 	 0.52314683361 
0.24770763560 	 173.53306574945 	 0.53100776792 
0.24770763560 	 179.81513972851 	 0.53892599376 
0.24770763560 	 186.32463119316 	 0.54689946891 
0.24770763560 	 193.06977288832 	 0.55492538442 
0.24770763560 	 200.05909559272 	 0.56300111681 
0.24770763560 	 207.30143890792 	 0.57112406144 
0.24770763560 	 214.80596243813 	 0.57929073213 
0.24770763560 	 222.58215737454 	 0.58749730107 
0.24770763560 	 230.63985849915 	 0.59574107619 
0.24770763560 	 238.98925662311 	 0.60401861092 
0.24770763560 	 247.64091147530 	 0.61232622465 
0.24770763560 	 256.60576505760 	 0.62065995196 
0.24770763560 	 265.89515548347 	 0.62901553833 
0.24770763560 	 275.52083131769 	 0.63738852968 
0.24770763560 	 285.49496643503 	 0.64577531866 
0.24770763560 	 295.83017541695 	 0.65417120194 
0.24770763560 	 306.53952950565 	 0.66257091408 
0.24770763560 	 317.63657313561 	 0.67096973795 
0.24770763560 	 329.13534106365 	 0.67936358840 
0.24770763560 	 341.05037611911 	 0.68774601592 
0.24770763560 	 353.39674759658 	 0.69611258196 
0.24770763560 	 366.19007031450 	 0.70445719613 
0.24770763560 	 379.44652436364 	 0.71277512042 
0.24770763560 	 393.18287557058 	 0.72106037042 
0.24770763560 	 407.41649670190 	 0.72930754465 
0.24770763560 	 422.16538943608 	 0.73751001316 
0.24770763560 	 437.44820713071 	 0.74566157837 
0.24770763560 	 453.28427841392 	 0.75375672498 
0.24770763560 	 469.69363162995 	 0.76179043317 
0.24770763560 	 486.69702016948 	 0.76975516315 
0.24770763560 	 504.31594871714 	 0.77764497262 
0.24770763560 	 522.57270044903 	 0.78545393791 
0.24770763560 	 541.49036521501 	 0.79317621148 
0.24770763560 	 561.09286874100 	 0.80080545480 
0.24770763560 	 581.40500288865 	 0.80833559924 
0.24770763560 	 602.45245701027 	 0.81575952219 
0.24770763560 	 624.26185043890 	 0.82307410920 
0.24770763560 	 646.86076615463 	 0.83026991209 
0.24770763560 	 670.27778566954 	 0.83734374077 
0.24770763560 	 694.54252517561 	 0.84428876930 
0.24770763560 	 719.68567300115 	 0.85110065089 
0.24770763560 	 745.73902842330 	 0.85777394077 
0.24770763560 	 772.73554188543 	 0.86430313114 
0.24770763560 	 800.70935667059 	 0.87068367581 
0.24770763560 	 829.69585208349 	 0.87691138704 
0.24770763560 	 859.73168819576 	 0.88298146094 
0.24770763560 	 890.85485221102 	 0.88888970999 
0.24770763560 	 923.10470650840 	 0.89463390883 
0.24770763560 	 956.52203842531 	 0.90020995656 
0.24770763560 	 991.14911184236 	 0.90561511722 
0.24770763560 	 1027.02972063577 	 0.91084673475 
0.24770763560 	 1064.20924406472 	 0.91590275487 
0.24770763560 	 1102.73470416390 	 0.92078133906 
0.24770763560 	 1142.65482521357 	 0.92548078391 
0.24770763560 	 1184.02009536266 	 0.93000047102 
0.24770763560 	 1226.88283048257 	 0.93434008295 
0.24770763560 	 1271.29724033264 	 0.93849939539 
0.24770763560 	 1317.31949712075 	 0.94247873978 
0.24770763560 	 1365.00780654601 	 0.94627862889 
0.24770763560 	 1414.42248141323 	 0.94990043269 
0.24770763560 	 1465.62601791225 	 0.95334580412 
0.24770763560 	 1518.68317465873 	 0.95661671833 
0.24770763560 	 1573.66105459626 	 0.95971560930 
0.24770763560 	 1630.62918986345 	 0.96264519973 
0.24770763560 	 1689.65962973324 	 0.96540866283 
0.24770763560 	 1750.82703173573 	 0.96800949643 
0.24770763560 	 1814.20875607977 	 0.97045161109 
0.24770763560 	 1879.88496349267 	 0.97273929208 
0.24770763560 	 1947.93871660183 	 0.97487687021 
0.24770763560 	 2018.45608498650 	 0.97686905884 
0.24770763560 	 2091.52625403246 	 0.97872093149 
0.24770763560 	 2167.24163772744 	 0.98043742540 
0.24770763560 	 2245.69799553977 	 0.98202398140 
0.24770763560 	 2326.99455352823 	 0.98348610205 
0.24770763560 	 2411.23412983612 	 0.98482949854 
0.24770763560 	 2498.52326472839 	 0.98605990002 
0.24770763560 	 2588.97235533627 	 0.98718279470 
0.24770763560 	 2682.69579527972 	 0.98820412257 
0.24770763560 	 2779.81211934445 	 0.98912966301 
0.24770763560 	 2880.44415339630 	 0.98996518886 
0.24770763560 	 2984.71916972271 	 0.99071639917 
0.24770763560 	 3092.76904799777 	 0.99138892424 
0.24770763560 	 3204.73044207429 	 0.99198820841 
0.24770763560 	 3320.74495281390 	 0.99251952993 
0.24770763560 	 3440.95930717388 	 0.99298821907 
0.24770763560 	 3565.52554377701 	 0.99339930361 
0.24770763560 	 3694.60120519930 	 0.99375764069 
0.24770763560 	 3828.34953721869 	 0.99406790630 
0.24770763560 	 3966.93969527677 	 0.99433449645 
0.24770763560 	 4110.54695841470 	 0.99456162952 
0.24770763560 	 4259.35295095366 	 0.99475334329 
0.24770763560 	 4413.54587220053 	 0.99491395541 
0.24770763560 	 4573.32073446906 	 0.99504577912 
0.24770763560 	 4738.87960971766 	 0.99515262821 
0.24770763560 	 4910.43188511573 	 0.99523758709 
0.24770763560 	 5088.19452786179 	 0.99530347773 
0.24770763560 	 5272.39235958825 	 0.99535294722 
0.24770763560 	 5463.25834069991 	 0.99538826709 
0.24770763560 	 5661.03386500583 	 0.99541157647 
0.24770763560 	 5865.96906501720 	 0.99542481183 
0.24770763560 	 6078.32312829723 	 0.99542959710 
0.24770763560 	 6298.36462526327 	 0.99542760434 
0.24770763560 	 6526.37184885573 	 0.99542017914 
0.24770763560 	 6762.63316650331 	 0.99540848374 
0.24770763560 	 7007.44738482975 	 0.99539355943 
0.24770763560 	 7261.12412756334 	 0.99537631375 
0.24770763560 	 7523.98422712716 	 0.99535752891 
0.24770763560 	 7796.36013040524 	 0.99533784766 
0.24770763560 	 8078.59631919787 	 0.99531781490 
0.24770763560 	 8371.04974589791 	 0.99529787743 
0.24770763560 	 8674.09028493891 	 0.99527839812 
0.24770763560 	 8988.10120058618 	 0.99525963964 
0.24770763560 	 9313.47963166233 	 0.99524190805 
0.24770763560 	 9650.63709382046 	 0.99522526661 
0.24770763560 	 10000.00000000000 	 0.99520989909 
