0.00403701726 	 0.00000000000 	 0.00000000127 
0.00403701726 	 0.01000000000 	 0.00000000127 
0.00403701726 	 0.02000000000 	 0.00000000127 
0.00403701726 	 0.03000000000 	 0.00000000127 
0.00403701726 	 0.04000000000 	 0.00000000131 
0.00403701726 	 0.05000000000 	 0.00000000173 
0.00403701726 	 0.06000000000 	 0.00000000210 
0.00403701726 	 0.07000000000 	 0.00000000244 
0.00403701726 	 0.08000000000 	 0.00000000274 
0.00403701726 	 0.09000000000 	 0.00000000297 
0.00403701726 	 0.10000000000 	 0.00000000320 
0.00403701726 	 0.11000000000 	 0.00000000341 
0.00403701726 	 0.12000000000 	 0.00000000231 
0.00403701726 	 0.13000000000 	 0.00000000246 
0.00403701726 	 0.14000000000 	 0.00000000260 
0.00403701726 	 0.15000000000 	 0.00000000274 
0.00403701726 	 0.16000000000 	 0.00000000287 
0.00403701726 	 0.17000000000 	 0.00000000300 
0.00403701726 	 0.18000000000 	 0.00000000312 
0.00403701726 	 0.19000000000 	 0.00000000324 
0.00403701726 	 0.20000000000 	 0.00000000336 
0.00403701726 	 0.21000000000 	 0.00000000348 
0.00403701726 	 0.22000000000 	 0.00000000359 
0.00403701726 	 0.23000000000 	 0.00000000221 
0.00403701726 	 0.24000000000 	 0.00000000201 
0.00403701726 	 0.25000000000 	 0.00000000184 
0.00403701726 	 0.26000000000 	 0.00000000169 
0.00403701726 	 0.27000000000 	 0.00000000157 
0.00403701726 	 0.28000000000 	 0.00000000001 
0.00403701726 	 0.29000000000 	 0.00000000001 
0.00403701726 	 0.30000000000 	 0.00000000001 
0.00403701726 	 0.31000000000 	 0.00000000001 
0.00403701726 	 0.32000000000 	 0.00000000001 
0.00403701726 	 0.33000000000 	 0.00000000001 
0.00403701726 	 0.34000000000 	 0.00000000001 
0.00403701726 	 0.35000000000 	 0.00000000001 
0.00403701726 	 0.36000000000 	 0.00000000001 
0.00403701726 	 0.37000000000 	 0.00000000001 
0.00403701726 	 0.38000000000 	 0.00000000001 
0.00403701726 	 0.39000000000 	 0.00000000001 
0.00403701726 	 0.40000000000 	 0.00000000001 
0.00403701726 	 0.41000000000 	 0.00000000001 
0.00403701726 	 0.42000000000 	 0.00000000001 
0.00403701726 	 0.43000000000 	 0.00000000001 
0.00403701726 	 0.44000000000 	 0.00000000001 
0.00403701726 	 0.45000000000 	 0.00000000001 
0.00403701726 	 0.46000000000 	 0.00000000001 
0.00403701726 	 0.47000000000 	 0.00000000001 
0.00403701726 	 0.48000000000 	 0.00000000001 
0.00403701726 	 0.49000000000 	 0.00000000001 
0.00403701726 	 0.50000000000 	 0.00000000001 
0.00403701726 	 0.51000000000 	 -0.00000000045 
0.00403701726 	 0.52000000000 	 -0.00000000046 
0.00403701726 	 0.53000000000 	 -0.00000000047 
0.00403701726 	 0.54000000000 	 -0.00000000048 
0.00403701726 	 0.55000000000 	 -0.00000000049 
0.00403701726 	 0.56000000000 	 -0.00000000049 
0.00403701726 	 0.57000000000 	 -0.00000000050 
0.00403701726 	 0.58000000000 	 -0.00000000051 
0.00403701726 	 0.59000000000 	 -0.00000000052 
0.00403701726 	 0.60000000000 	 -0.00000000053 
0.00403701726 	 0.61000000000 	 -0.00000000055 
0.00403701726 	 0.62000000000 	 -0.00000000055 
0.00403701726 	 0.63000000000 	 -0.00000000056 
0.00403701726 	 0.64000000000 	 -0.00000000057 
0.00403701726 	 0.65000000000 	 -0.00000000058 
0.00403701726 	 0.66000000000 	 -0.00000000059 
0.00403701726 	 0.67000000000 	 -0.00000000060 
0.00403701726 	 0.68000000000 	 -0.00000000060 
0.00403701726 	 0.69000000000 	 -0.00000000061 
0.00403701726 	 0.70000000000 	 -0.00000000021 
0.00403701726 	 0.71000000000 	 -0.00000000023 
0.00403701726 	 0.72000000000 	 -0.00000000025 
0.00403701726 	 0.73000000000 	 -0.00000000028 
0.00403701726 	 0.74000000000 	 -0.00000000030 
0.00403701726 	 0.75000000000 	 -0.00000000032 
0.00403701726 	 0.76000000000 	 -0.00000000034 
0.00403701726 	 0.77000000000 	 -0.00000000036 
0.00403701726 	 0.78000000000 	 -0.00000000038 
0.00403701726 	 0.79000000000 	 -0.00000000040 
0.00403701726 	 0.80000000000 	 -0.00000000051 
0.00403701726 	 0.81000000000 	 -0.00000000058 
0.00403701726 	 0.82000000000 	 -0.00000000066 
0.00403701726 	 0.83000000000 	 -0.00000000076 
0.00403701726 	 0.84000000000 	 -0.00000000081 
0.00403701726 	 0.85000000000 	 -0.00000000083 
0.00403701726 	 0.86000000000 	 -0.00000000085 
0.00403701726 	 0.87000000000 	 -0.00000000047 
0.00403701726 	 0.88000000000 	 -0.00000000118 
0.00403701726 	 0.89000000000 	 -0.00000000167 
0.00403701726 	 0.90000000000 	 -0.00000000229 
0.00403701726 	 0.91000000000 	 0.00000000019 
0.00403701726 	 0.92000000000 	 -0.00000000015 
0.00403701726 	 0.93000000000 	 -0.00000000048 
0.00403701726 	 0.94000000000 	 -0.00000000057 
0.00403701726 	 0.95000000000 	 -0.00000000066 
0.00403701726 	 0.96000000000 	 -0.00000000076 
0.00403701726 	 0.97000000000 	 -0.00000000086 
0.00403701726 	 0.98000000000 	 -0.00000000095 
0.00403701726 	 0.99000000000 	 -0.00000000112 
0.00403701726 	 1.00000000000 	 -0.00000000122 
0.00403701726 	 1.03620101997 	 -0.00000000143 
0.00403701726 	 1.07371255379 	 -0.00000000155 
0.00403701726 	 1.11258204340 	 -0.00000000167 
0.00403701726 	 1.15285864817 	 -0.00000000146 
0.00403701726 	 1.19459330712 	 -0.00000000164 
0.00403701726 	 1.23783880329 	 -0.00000000182 
0.00403701726 	 1.28264983053 	 -0.00000000097 
0.00403701726 	 1.32908306266 	 -0.00000000156 
0.00403701726 	 1.37719722516 	 -0.00000000213 
0.00403701726 	 1.42705316941 	 -0.00000000286 
0.00403701726 	 1.47871394970 	 -0.00000000146 
0.00403701726 	 1.53224490292 	 -0.00000000151 
0.00403701726 	 1.58771373126 	 -0.00000000156 
0.00403701726 	 1.64519058775 	 -0.00000000159 
0.00403701726 	 1.70474816508 	 -0.00000000164 
0.00403701726 	 1.76646178745 	 0.00000000001 
0.00403701726 	 1.83040950590 	 0.00000000001 
0.00403701726 	 1.89667219698 	 0.00000000001 
0.00403701726 	 1.96533366506 	 0.00000000001 
0.00403701726 	 2.03648074833 	 0.00000000001 
0.00403701726 	 2.11020342857 	 0.00000000008 
0.00403701726 	 2.18659494503 	 0.00000000007 
0.00403701726 	 2.26575191231 	 0.00000000007 
0.00403701726 	 2.34777444254 	 0.00000000007 
0.00403701726 	 2.43276627202 	 0.00000000007 
0.00403701726 	 2.52083489243 	 0.00000000006 
0.00403701726 	 2.61209168671 	 0.00000000006 
0.00403701726 	 2.70665207003 	 0.00000000001 
0.00403701726 	 2.80463563568 	 0.00000000001 
0.00403701726 	 2.90616630634 	 0.00000000007 
0.00403701726 	 3.01137249084 	 0.00000000007 
0.00403701726 	 3.12038724653 	 0.00000000007 
0.00403701726 	 3.23334844756 	 0.00000000007 
0.00403701726 	 3.35039895929 	 0.00000000006 
0.00403701726 	 3.47168681893 	 0.00000000007 
0.00403701726 	 3.59736542280 	 0.00000000007 
0.00403701726 	 3.72759372031 	 0.00000000007 
0.00403701726 	 3.86253641503 	 0.00000000037 
0.00403701726 	 4.00236417294 	 -0.00000000068 
0.00403701726 	 4.14725383830 	 -0.00000000368 
0.00403701726 	 4.29738865733 	 -0.00000000436 
0.00403701726 	 4.45295850994 	 -0.00000000290 
0.00403701726 	 4.61416014990 	 -0.00000000149 
0.00403701726 	 4.78119745364 	 -0.00000000143 
0.00403701726 	 4.95428167815 	 -0.00000000119 
0.00403701726 	 5.13363172813 	 -0.00000000097 
0.00403701726 	 5.31947443285 	 -0.00000000340 
0.00403701726 	 5.51204483304 	 -0.00000000340 
0.00403701726 	 5.71158647813 	 -0.00000000343 
0.00403701726 	 5.91835173430 	 -0.00000000353 
0.00403701726 	 6.13260210363 	 -0.00000000367 
0.00403701726 	 6.35460855487 	 -0.00000000390 
0.00403701726 	 6.58465186608 	 -0.00000000441 
0.00403701726 	 6.82302297979 	 -0.00000000526 
0.00403701726 	 7.07002337096 	 -0.00000000657 
0.00403701726 	 7.32596542822 	 -0.00000000407 
0.00403701726 	 7.59117284900 	 -0.00000000391 
0.00403701726 	 7.86598104892 	 -0.00000000379 
0.00403701726 	 8.15073758597 	 -0.00000000335 
0.00403701726 	 8.44580260011 	 -0.00000000328 
0.00403701726 	 8.75154926872 	 -0.00000000326 
0.00403701726 	 9.06836427859 	 -0.00000000330 
0.00403701726 	 9.39664831495 	 -0.00000000086 
0.00403701726 	 9.73681656828 	 -0.00000000078 
0.00403701726 	 10.08929925933 	 0.00000000094 
0.00403701726 	 10.45454218333 	 0.00000000095 
0.00403701726 	 10.83300727371 	 0.00000000103 
0.00403701726 	 11.22517318638 	 0.00000000123 
0.00403701726 	 11.63153590510 	 0.00000000174 
0.00403701726 	 12.05260936871 	 0.00000000041 
0.00403701726 	 12.48892612118 	 0.00000000107 
0.00403701726 	 12.94103798513 	 0.00000000436 
0.00403701726 	 13.40951675969 	 0.00000000240 
0.00403701726 	 13.89495494373 	 0.00000000106 
0.00403701726 	 14.39796648516 	 0.00000000211 
0.00403701726 	 14.91918755746 	 -0.00000000171 
0.00403701726 	 15.45927736419 	 -0.00000000113 
0.00403701726 	 16.01891897281 	 0.00000000026 
0.00403701726 	 16.59882017849 	 -0.00000000009 
0.00403701726 	 17.19971439928 	 0.00000000020 
0.00403701726 	 17.82236160377 	 0.00000000024 
0.00403701726 	 18.46754927215 	 0.00000000026 
0.00403701726 	 19.13609339219 	 0.00000000014 
0.00403701726 	 19.82883949127 	 0.00000000012 
0.00403701726 	 20.54666370572 	 0.00000000184 
0.00403701726 	 21.29047388890 	 0.00000000059 
0.00403701726 	 22.06121075937 	 -0.00000000006 
0.00403701726 	 22.85984909069 	 0.00000000245 
0.00403701726 	 23.68739894419 	 -0.00000000186 
0.00403701726 	 24.54490694646 	 0.00000000234 
0.00403701726 	 25.43345761305 	 0.00000000278 
0.00403701726 	 26.35417472006 	 0.00000000217 
0.00403701726 	 27.30822272546 	 0.00000000140 
0.00403701726 	 28.29680824175 	 -0.00000000002 
0.00403701726 	 29.32118156207 	 0.00000000051 
0.00403701726 	 30.38263824141 	 -0.00000000478 
0.00403701726 	 31.48252073520 	 -0.00000000439 
0.00403701726 	 32.62222009712 	 0.00000000016 
0.00403701726 	 33.80317773840 	 -0.00000000304 
0.00403701726 	 35.02688725083 	 0.00000000097 
0.00403701726 	 36.29489629577 	 -0.00000000262 
0.00403701726 	 37.60880856147 	 0.00000000014 
0.00403701726 	 38.97028579134 	 -0.00000000003 
0.00403701726 	 40.38104988560 	 -0.00000000271 
0.00403701726 	 41.84288507902 	 -0.00000000514 
0.00403701726 	 43.35764019746 	 0.00000000122 
0.00403701726 	 44.92723099621 	 -0.00000000110 
0.00403701726 	 46.55364258280 	 0.00000000301 
0.00403701726 	 48.23893192773 	 0.00000000281 
0.00403701726 	 49.98523046589 	 0.00000000843 
0.00403701726 	 51.79474679231 	 0.00000000750 
0.00403701726 	 53.66976945540 	 0.00000000774 
0.00403701726 	 55.61266985137 	 0.00000000769 
0.00403701726 	 57.62590522338 	 0.00000001157 
0.00403701726 	 59.71202176930 	 0.00000000058 
0.00403701726 	 61.87365786196 	 -0.00000000710 
0.00403701726 	 64.11354738598 	 0.00000000251 
0.00403701726 	 66.43452319540 	 0.00000000165 
0.00403701726 	 68.83952069645 	 -0.00000001505 
0.00403701726 	 71.33158156008 	 -0.00000000240 
0.00403701726 	 73.91385756879 	 0.00000002354 
0.00403701726 	 76.58961460288 	 0.00000000151 
0.00403701726 	 79.36223677079 	 -0.00000001237 
0.00403701726 	 82.23523068918 	 -0.00000000074 
0.00403701726 	 85.21222991780 	 -0.00000000696 
0.00403701726 	 88.29699955494 	 -0.00000002789 
0.00403701726 	 91.49344099933 	 -0.00000001337 
0.00403701726 	 94.80559688429 	 -0.00000001319 
0.00403701726 	 98.23765619059 	 0.00000000774 
0.00403701726 	 101.79395954438 	 -0.00000001846 
0.00403701726 	 105.47900470692 	 -0.00000001845 
0.00403701726 	 109.29745226298 	 -0.00000001098 
0.00403701726 	 113.25413151528 	 -0.00000000082 
0.00403701726 	 117.35404659222 	 -0.00000001586 
0.00403701726 	 121.60238277674 	 0.00000001599 
0.00403701726 	 126.00451306433 	 0.00000002994 
0.00403701726 	 130.56600495838 	 0.00000001360 
0.00403701726 	 135.29262751160 	 -0.00000002145 
0.00403701726 	 140.19035862226 	 -0.00000004906 
0.00403701726 	 145.26539259468 	 0.00000002683 
0.00403701726 	 150.52414797329 	 -0.00000007777 
0.00403701726 	 155.97327566040 	 -0.00000001969 
0.00403701726 	 161.61966732774 	 -0.00000001561 
0.00403701726 	 167.47046413260 	 0.00000005397 
0.00403701726 	 173.53306574945 	 -0.00000013292 
0.00403701726 	 179.81513972851 	 -0.00000011496 
0.00403701726 	 186.32463119316 	 -0.00000004070 
0.00403701726 	 193.06977288832 	 -0.00000006337 
0.00403701726 	 200.05909559272 	 -0.00000000344 
0.00403701726 	 207.30143890792 	 0.00000001155 
0.00403701726 	 214.80596243813 	 0.00000004035 
0.00403701726 	 222.58215737454 	 0.00000002443 
0.00403701726 	 230.63985849915 	 -0.00000002529 
0.00403701726 	 238.98925662311 	 -0.00000010999 
0.00403701726 	 247.64091147530 	 -0.00000002748 
0.00403701726 	 256.60576505760 	 -0.00000005717 
0.00403701726 	 265.89515548347 	 0.00000008338 
0.00403701726 	 275.52083131769 	 0.00000016968 
0.00403701726 	 285.49496643503 	 0.00000013004 
0.00403701726 	 295.83017541695 	 0.00000027172 
0.00403701726 	 306.53952950565 	 0.00000051398 
0.00403701726 	 317.63657313561 	 0.00000082290 
0.00403701726 	 329.13534106365 	 0.00000120542 
0.00403701726 	 341.05037611911 	 0.00000173926 
0.00403701726 	 353.39674759658 	 0.00000249177 
0.00403701726 	 366.19007031450 	 0.00000348059 
0.00403701726 	 379.44652436364 	 0.00000487342 
0.00403701726 	 393.18287557058 	 0.00000686643 
0.00403701726 	 407.41649670190 	 0.00000952849 
0.00403701726 	 422.16538943608 	 0.00001299246 
0.00403701726 	 437.44820713071 	 0.00001754163 
0.00403701726 	 453.28427841392 	 0.00002352973 
0.00403701726 	 469.69363162995 	 0.00003136182 
0.00403701726 	 486.69702016948 	 0.00004150797 
0.00403701726 	 504.31594871714 	 0.00005430795 
0.00403701726 	 522.57270044903 	 0.00007039711 
0.00403701726 	 541.49036521501 	 0.00009079953 
0.00403701726 	 561.09286874100 	 0.00011625464 
0.00403701726 	 581.40500288865 	 0.00014756265 
0.00403701726 	 602.45245701027 	 0.00018590321 
0.00403701726 	 624.26185043890 	 0.00023284487 
0.00403701726 	 646.86076615463 	 0.00028945076 
0.00403701726 	 670.27778566954 	 0.00035749942 
0.00403701726 	 694.54252517561 	 0.00043862301 
0.00403701726 	 719.68567300115 	 0.00053501460 
0.00403701726 	 745.73902842330 	 0.00064864180 
0.00403701726 	 772.73554188543 	 0.00078165660 
0.00403701726 	 800.70935667059 	 0.00093636576 
0.00403701726 	 829.69585208349 	 0.00111542705 
0.00403701726 	 859.73168819576 	 0.00132181845 
0.00403701726 	 890.85485221102 	 0.00155767953 
0.00403701726 	 923.10470650840 	 0.00182617007 
0.00403701726 	 956.52203842531 	 0.00213020101 
0.00403701726 	 991.14911184236 	 0.00247260777 
0.00403701726 	 1027.02972063577 	 0.00285700618 
0.00403701726 	 1064.20924406472 	 0.00328558769 
0.00403701726 	 1102.73470416390 	 0.00376184424 
0.00403701726 	 1142.65482521357 	 0.00428833945 
0.00403701726 	 1184.02009536266 	 0.00486772180 
0.00403701726 	 1226.88283048257 	 0.00550278513 
0.00403701726 	 1271.29724033264 	 0.00619640508 
0.00403701726 	 1317.31949712075 	 0.00695052389 
0.00403701726 	 1365.00780654601 	 0.00776727159 
0.00403701726 	 1414.42248141323 	 0.00864840401 
0.00403701726 	 1465.62601791225 	 0.00959573309 
0.00403701726 	 1518.68317465873 	 0.01061058908 
0.00403701726 	 1573.66105459626 	 0.01169405238 
0.00403701726 	 1630.62918986345 	 0.01284719189 
0.00403701726 	 1689.65962973324 	 0.01407032886 
0.00403701726 	 1750.82703173573 	 0.01536354176 
0.00403701726 	 1814.20875607977 	 0.01672682570 
0.00403701726 	 1879.88496349267 	 0.01815993364 
0.00403701726 	 1947.93871660183 	 0.01966217661 
0.00403701726 	 2018.45608498650 	 0.02123250790 
0.00403701726 	 2091.52625403246 	 0.02286996934 
0.00403701726 	 2167.24163772744 	 0.02457211165 
0.00403701726 	 2245.69799553977 	 0.02633908877 
0.00403701726 	 2326.99455352823 	 0.02816745610 
0.00403701726 	 2411.23412983612 	 0.03005593139 
0.00403701726 	 2498.52326472839 	 0.03200181228 
0.00403701726 	 2588.97235533627 	 0.03400296638 
0.00403701726 	 2682.69579527972 	 0.03605696010 
0.00403701726 	 2779.81211934445 	 0.03816096143 
0.00403701726 	 2880.44415339630 	 0.04031376460 
0.00403701726 	 2984.71916972271 	 0.04251168283 
0.00403701726 	 3092.76904799777 	 0.04475286910 
0.00403701726 	 3204.73044207429 	 0.04703419324 
0.00403701726 	 3320.74495281390 	 0.04935412684 
0.00403701726 	 3440.95930717388 	 0.05171020406 
0.00403701726 	 3565.52554377701 	 0.05410049074 
0.00403701726 	 3694.60120519930 	 0.05652340265 
0.00403701726 	 3828.34953721869 	 0.05897761470 
0.00403701726 	 3966.93969527677 	 0.06146180440 
0.00403701726 	 4110.54695841470 	 0.06397407003 
0.00403701726 	 4259.35295095366 	 0.06651392636 
0.00403701726 	 4413.54587220053 	 0.06908074505 
0.00403701726 	 4573.32073446906 	 0.07167450999 
0.00403701726 	 4738.87960971766 	 0.07429481920 
0.00403701726 	 4910.43188511573 	 0.07694108811 
0.00403701726 	 5088.19452786179 	 0.07961580511 
0.00403701726 	 5272.39235958825 	 0.08231666637 
0.00403701726 	 5463.25834069991 	 0.08504554569 
0.00403701726 	 5661.03386500583 	 0.08780415030 
0.00403701726 	 5865.96906501720 	 0.09059196191 
0.00403701726 	 6078.32312829723 	 0.09340996339 
0.00403701726 	 6298.36462526327 	 0.09625969291 
0.00403701726 	 6526.37184885573 	 0.09914456063 
0.00403701726 	 6762.63316650331 	 0.10206245782 
0.00403701726 	 7007.44738482975 	 0.10501700138 
0.00403701726 	 7261.12412756334 	 0.10800767909 
0.00403701726 	 7523.98422712716 	 0.11103674276 
0.00403701726 	 7796.36013040524 	 0.11410648499 
0.00403701726 	 8078.59631919787 	 0.11721706334 
0.00403701726 	 8371.04974589791 	 0.12036993401 
0.00403701726 	 8674.09028493891 	 0.12356727402 
0.00403701726 	 8988.10120058618 	 0.12680898055 
0.00403701726 	 9313.47963166233 	 0.13009691313 
0.00403701726 	 9650.63709382046 	 0.13343207273 
0.00403701726 	 10000.00000000000 	 0.13681693039 
