0.26560877829 	 0.00000000000 	 0.00000543554 
0.26560877829 	 0.01000000000 	 0.00000601391 
0.26560877829 	 0.02000000000 	 0.00000623059 
0.26560877829 	 0.03000000000 	 0.00000639175 
0.26560877829 	 0.04000000000 	 0.00000666537 
0.26560877829 	 0.05000000000 	 0.00000693072 
0.26560877829 	 0.06000000000 	 0.00000726919 
0.26560877829 	 0.07000000000 	 0.00000798587 
0.26560877829 	 0.08000000000 	 0.00000841487 
0.26560877829 	 0.09000000000 	 0.00000889808 
0.26560877829 	 0.10000000000 	 0.00000911742 
0.26560877829 	 0.11000000000 	 0.00000941495 
0.26560877829 	 0.12000000000 	 0.00000961003 
0.26560877829 	 0.13000000000 	 0.00001018811 
0.26560877829 	 0.14000000000 	 0.00001031340 
0.26560877829 	 0.15000000000 	 0.00001074746 
0.26560877829 	 0.16000000000 	 0.00001118450 
0.26560877829 	 0.17000000000 	 0.00001196170 
0.26560877829 	 0.18000000000 	 0.00001217290 
0.26560877829 	 0.19000000000 	 0.00001274600 
0.26560877829 	 0.20000000000 	 0.00001327011 
0.26560877829 	 0.21000000000 	 0.00001374647 
0.26560877829 	 0.22000000000 	 0.00001426194 
0.26560877829 	 0.23000000000 	 0.00001480584 
0.26560877829 	 0.24000000000 	 0.00001499766 
0.26560877829 	 0.25000000000 	 0.00001555610 
0.26560877829 	 0.26000000000 	 0.00001645029 
0.26560877829 	 0.27000000000 	 0.00001690135 
0.26560877829 	 0.28000000000 	 0.00001746995 
0.26560877829 	 0.29000000000 	 0.00001819853 
0.26560877829 	 0.30000000000 	 0.00001850338 
0.26560877829 	 0.31000000000 	 0.00001912816 
0.26560877829 	 0.32000000000 	 0.00001997397 
0.26560877829 	 0.33000000000 	 0.00002023845 
0.26560877829 	 0.34000000000 	 0.00002101092 
0.26560877829 	 0.35000000000 	 0.00002192458 
0.26560877829 	 0.36000000000 	 0.00002221458 
0.26560877829 	 0.37000000000 	 0.00002289065 
0.26560877829 	 0.38000000000 	 0.00002378406 
0.26560877829 	 0.39000000000 	 0.00002444598 
0.26560877829 	 0.40000000000 	 0.00002514918 
0.26560877829 	 0.41000000000 	 0.00002588726 
0.26560877829 	 0.42000000000 	 0.00002665395 
0.26560877829 	 0.43000000000 	 0.00002749083 
0.26560877829 	 0.44000000000 	 0.00002812389 
0.26560877829 	 0.45000000000 	 0.00002892807 
0.26560877829 	 0.46000000000 	 0.00002990931 
0.26560877829 	 0.47000000000 	 0.00003025219 
0.26560877829 	 0.48000000000 	 0.00003120133 
0.26560877829 	 0.49000000000 	 0.00003191279 
0.26560877829 	 0.50000000000 	 0.00003285665 
0.26560877829 	 0.51000000000 	 0.00003361636 
0.26560877829 	 0.52000000000 	 0.00003465717 
0.26560877829 	 0.53000000000 	 0.00003542654 
0.26560877829 	 0.54000000000 	 0.00003653144 
0.26560877829 	 0.55000000000 	 0.00003711735 
0.26560877829 	 0.56000000000 	 0.00003828448 
0.26560877829 	 0.57000000000 	 0.00003830660 
0.26560877829 	 0.58000000000 	 0.00004018345 
0.26560877829 	 0.59000000000 	 0.00004124359 
0.26560877829 	 0.60000000000 	 0.00004223570 
0.26560877829 	 0.61000000000 	 0.00004325057 
0.26560877829 	 0.62000000000 	 0.00004355512 
0.26560877829 	 0.63000000000 	 0.00004460814 
0.26560877829 	 0.64000000000 	 0.00004581120 
0.26560877829 	 0.65000000000 	 0.00004702316 
0.26560877829 	 0.66000000000 	 0.00004826997 
0.26560877829 	 0.67000000000 	 0.00004938972 
0.26560877829 	 0.68000000000 	 0.00005084236 
0.26560877829 	 0.69000000000 	 0.00005191793 
0.26560877829 	 0.70000000000 	 0.00005226408 
0.26560877829 	 0.71000000000 	 0.00005239449 
0.26560877829 	 0.72000000000 	 0.00005353187 
0.26560877829 	 0.73000000000 	 0.00005645528 
0.26560877829 	 0.74000000000 	 0.00005753279 
0.26560877829 	 0.75000000000 	 0.00005849839 
0.26560877829 	 0.76000000000 	 0.00005974322 
0.26560877829 	 0.77000000000 	 0.00006103788 
0.26560877829 	 0.78000000000 	 0.00006192545 
0.26560877829 	 0.79000000000 	 0.00006320201 
0.26560877829 	 0.80000000000 	 0.00006506125 
0.26560877829 	 0.81000000000 	 0.00006639263 
0.26560877829 	 0.82000000000 	 0.00006749632 
0.26560877829 	 0.83000000000 	 0.00006881596 
0.26560877829 	 0.84000000000 	 0.00007022729 
0.26560877829 	 0.85000000000 	 0.00007160533 
0.26560877829 	 0.86000000000 	 0.00007132363 
0.26560877829 	 0.87000000000 	 0.00007365758 
0.26560877829 	 0.88000000000 	 0.00007504316 
0.26560877829 	 0.89000000000 	 0.00007735074 
0.26560877829 	 0.90000000000 	 0.00007883469 
0.26560877829 	 0.91000000000 	 0.00007859782 
0.26560877829 	 0.92000000000 	 0.00008013252 
0.26560877829 	 0.93000000000 	 0.00008197808 
0.26560877829 	 0.94000000000 	 0.00008374540 
0.26560877829 	 0.95000000000 	 0.00008523603 
0.26560877829 	 0.96000000000 	 0.00008701831 
0.26560877829 	 0.97000000000 	 0.00008852357 
0.26560877829 	 0.98000000000 	 0.00009101509 
0.26560877829 	 0.99000000000 	 0.00009284348 
0.26560877829 	 1.00000000000 	 0.00009445288 
0.26560877829 	 1.03620101997 	 0.00009911471 
0.26560877829 	 1.07371255379 	 0.00010644854 
0.26560877829 	 1.11258204340 	 0.00011297732 
0.26560877829 	 1.15285864817 	 0.00012113767 
0.26560877829 	 1.19459330712 	 0.00012918337 
0.26560877829 	 1.23783880329 	 0.00013642535 
0.26560877829 	 1.28264983053 	 0.00014656673 
0.26560877829 	 1.32908306266 	 0.00015673256 
0.26560877829 	 1.37719722516 	 0.00016782381 
0.26560877829 	 1.42705316941 	 0.00017967200 
0.26560877829 	 1.47871394970 	 0.00019226122 
0.26560877829 	 1.53224490292 	 0.00020566708 
0.26560877829 	 1.58771373126 	 0.00022079589 
0.26560877829 	 1.64519058775 	 0.00023595654 
0.26560877829 	 1.70474816508 	 0.00025354390 
0.26560877829 	 1.76646178745 	 0.00027148501 
0.26560877829 	 1.83040950590 	 0.00029199316 
0.26560877829 	 1.89667219698 	 0.00031284294 
0.26560877829 	 1.96533366506 	 0.00033647273 
0.26560877829 	 2.03648074833 	 0.00036159397 
0.26560877829 	 2.11020342857 	 0.00038931316 
0.26560877829 	 2.18659494503 	 0.00041844988 
0.26560877829 	 2.26575191231 	 0.00045050720 
0.26560877829 	 2.34777444254 	 0.00048442528 
0.26560877829 	 2.43276627202 	 0.00052131895 
0.26560877829 	 2.52083489243 	 0.00056076149 
0.26560877829 	 2.61209168671 	 0.00060300522 
0.26560877829 	 2.70665207003 	 0.00065023394 
0.26560877829 	 2.80463563568 	 0.00070062077 
0.26560877829 	 2.90616630634 	 0.00075452455 
0.26560877829 	 3.01137249084 	 0.00081306453 
0.26560877829 	 3.12038724653 	 0.00087569119 
0.26560877829 	 3.23334844756 	 0.00094347258 
0.26560877829 	 3.35039895929 	 0.00101625886 
0.26560877829 	 3.47168681893 	 0.00109521956 
0.26560877829 	 3.59736542280 	 0.00118009066 
0.26560877829 	 3.72759372031 	 0.00127122927 
0.26560877829 	 3.86253641503 	 0.00136975802 
0.26560877829 	 4.00236417294 	 0.00147552787 
0.26560877829 	 4.14725383830 	 0.00158916658 
0.26560877829 	 4.29738865733 	 0.00171184811 
0.26560877829 	 4.45295850994 	 0.00184323393 
0.26560877829 	 4.61416014990 	 0.00198525054 
0.26560877829 	 4.78119745364 	 0.00213687715 
0.26560877829 	 4.95428167815 	 0.00230077231 
0.26560877829 	 5.13363172813 	 0.00247525764 
0.26560877829 	 5.31947443285 	 0.00266041783 
0.26560877829 	 5.51204483304 	 0.00286267368 
0.26560877829 	 5.71158647813 	 0.00307863596 
0.26560877829 	 5.91835173430 	 0.00330931744 
0.26560877829 	 6.13260210363 	 0.00355396292 
0.26560877829 	 6.35460855487 	 0.00381758059 
0.26560877829 	 6.58465186608 	 0.00409756428 
0.26560877829 	 6.82302297979 	 0.00439873766 
0.26560877829 	 7.07002337096 	 0.00471645305 
0.26560877829 	 7.32596542822 	 0.00505863969 
0.26560877829 	 7.59117284900 	 0.00541936317 
0.26560877829 	 7.86598104892 	 0.00580622165 
0.26560877829 	 8.15073758597 	 0.00621438506 
0.26560877829 	 8.44580260011 	 0.00665331205 
0.26560877829 	 8.75154926872 	 0.00711907859 
0.26560877829 	 9.06836427859 	 0.00760787353 
0.26560877829 	 9.39664831495 	 0.00812365126 
0.26560877829 	 9.73681656828 	 0.00867449458 
0.26560877829 	 10.08929925933 	 0.00925828571 
0.26560877829 	 10.45454218333 	 0.00986784412 
0.26560877829 	 10.83300727371 	 0.01051662113 
0.26560877829 	 11.22517318638 	 0.01119745988 
0.26560877829 	 11.63153590510 	 0.01191254021 
0.26560877829 	 12.05260936871 	 0.01266995653 
0.26560877829 	 12.48892612118 	 0.01346612425 
0.26560877829 	 12.94103798513 	 0.01429969385 
0.26560877829 	 13.40951675969 	 0.01517585163 
0.26560877829 	 13.89495494373 	 0.01609322244 
0.26560877829 	 14.39796648516 	 0.01705946831 
0.26560877829 	 14.91918755746 	 0.01805851794 
0.26560877829 	 15.45927736419 	 0.01910665119 
0.26560877829 	 16.01891897281 	 0.02020022009 
0.26560877829 	 16.59882017849 	 0.02134252917 
0.26560877829 	 17.19971439928 	 0.02252475975 
0.26560877829 	 17.82236160377 	 0.02375272008 
0.26560877829 	 18.46754927215 	 0.02503103680 
0.26560877829 	 19.13609339219 	 0.02635669025 
0.26560877829 	 19.82883949127 	 0.02772958983 
0.26560877829 	 20.54666370572 	 0.02915800761 
0.26560877829 	 21.29047388890 	 0.03062694043 
0.26560877829 	 22.06121075937 	 0.03213598458 
0.26560877829 	 22.85984909069 	 0.03370236371 
0.26560877829 	 23.68739894419 	 0.03530790252 
0.26560877829 	 24.54490694646 	 0.03695671952 
0.26560877829 	 25.43345761305 	 0.03865601908 
0.26560877829 	 26.35417472006 	 0.04040226455 
0.26560877829 	 27.30822272546 	 0.04219002849 
0.26560877829 	 28.29680824175 	 0.04402049175 
0.26560877829 	 29.32118156207 	 0.04589314358 
0.26560877829 	 30.38263824141 	 0.04780607603 
0.26560877829 	 31.48252073520 	 0.04975850143 
0.26560877829 	 32.62222009712 	 0.05174858253 
0.26560877829 	 33.80317773840 	 0.05377682261 
0.26560877829 	 35.02688725083 	 0.05584139197 
0.26560877829 	 36.29489629577 	 0.05794075422 
0.26560877829 	 37.60880856147 	 0.06007287907 
0.26560877829 	 38.97028579134 	 0.06223685830 
0.26560877829 	 40.38104988560 	 0.06443119487 
0.26560877829 	 41.84288507902 	 0.06665539279 
0.26560877829 	 43.35764019746 	 0.06890810358 
0.26560877829 	 44.92723099621 	 0.07118828185 
0.26560877829 	 46.55364258280 	 0.07349370146 
0.26560877829 	 48.23893192773 	 0.07582579857 
0.26560877829 	 49.98523046589 	 0.07818131730 
0.26560877829 	 51.79474679231 	 0.08056043895 
0.26560877829 	 53.66976945540 	 0.08296285931 
0.26560877829 	 55.61266985137 	 0.08538771528 
0.26560877829 	 57.62590522338 	 0.08783642063 
0.26560877829 	 59.71202176930 	 0.09030695576 
0.26560877829 	 61.87365786196 	 0.09279957204 
0.26560877829 	 64.11354738598 	 0.09531417573 
0.26560877829 	 66.43452319540 	 0.09785150603 
0.26560877829 	 68.83952069645 	 0.10041043650 
0.26560877829 	 71.33158156008 	 0.10299468505 
0.26560877829 	 73.91385756879 	 0.10560396103 
0.26560877829 	 76.58961460288 	 0.10823662139 
0.26560877829 	 79.36223677079 	 0.11089508809 
0.26560877829 	 82.23523068918 	 0.11358028258 
0.26560877829 	 85.21222991780 	 0.11629389460 
0.26560877829 	 88.29699955494 	 0.11903499982 
0.26560877829 	 91.49344099933 	 0.12180473352 
0.26560877829 	 94.80559688429 	 0.12460868405 
0.26560877829 	 98.23765619059 	 0.12744297124 
0.26560877829 	 101.79395954438 	 0.13031056871 
0.26560877829 	 105.47900470692 	 0.13321309331 
0.26560877829 	 109.29745226298 	 0.13615075800 
0.26560877829 	 113.25413151528 	 0.13912482341 
0.26560877829 	 117.35404659222 	 0.14213648147 
0.26560877829 	 121.60238277674 	 0.14518889761 
0.26560877829 	 126.00451306433 	 0.14828073957 
0.26560877829 	 130.56600495838 	 0.15141475361 
0.26560877829 	 135.29262751160 	 0.15459059022 
0.26560877829 	 140.19035862226 	 0.15780998717 
0.26560877829 	 145.26539259468 	 0.16107490307 
0.26560877829 	 150.52414797329 	 0.16438495846 
0.26560877829 	 155.97327566040 	 0.16774164418 
0.26560877829 	 161.61966732774 	 0.17114650977 
0.26560877829 	 167.47046413260 	 0.17460090759 
0.26560877829 	 173.53306574945 	 0.17810569045 
0.26560877829 	 179.81513972851 	 0.18165968324 
0.26560877829 	 186.32463119316 	 0.18526783007 
0.26560877829 	 193.06977288832 	 0.18892801072 
0.26560877829 	 200.05909559272 	 0.19264303481 
0.26560877829 	 207.30143890792 	 0.19641157330 
0.26560877829 	 214.80596243813 	 0.20023555675 
0.26560877829 	 222.58215737454 	 0.20411601477 
0.26560877829 	 230.63985849915 	 0.20805508802 
0.26560877829 	 238.98925662311 	 0.21205355586 
0.26560877829 	 247.64091147530 	 0.21611062811 
0.26560877829 	 256.60576505760 	 0.22022675553 
0.26560877829 	 265.89515548347 	 0.22440451580 
0.26560877829 	 275.52083131769 	 0.22864604811 
0.26560877829 	 285.49496643503 	 0.23295170262 
0.26560877829 	 295.83017541695 	 0.23731982439 
0.26560877829 	 306.53952950565 	 0.24175265105 
0.26560877829 	 317.63657313561 	 0.24625154533 
0.26560877829 	 329.13534106365 	 0.25081670859 
0.26560877829 	 341.05037611911 	 0.25544882941 
0.26560877829 	 353.39674759658 	 0.26014868136 
0.26560877829 	 366.19007031450 	 0.26491547877 
0.26560877829 	 379.44652436364 	 0.26975620312 
0.26560877829 	 393.18287557058 	 0.27466659839 
0.26560877829 	 407.41649670190 	 0.27964885941 
0.26560877829 	 422.16538943608 	 0.28470186166 
0.26560877829 	 437.44820713071 	 0.28982799783 
0.26560877829 	 453.28427841392 	 0.29502681061 
0.26560877829 	 469.69363162995 	 0.30029970579 
0.26560877829 	 486.69702016948 	 0.30564683594 
0.26560877829 	 504.31594871714 	 0.31106876483 
0.26560877829 	 522.57270044903 	 0.31656461587 
0.26560877829 	 541.49036521501 	 0.32214318349 
0.26560877829 	 561.09286874100 	 0.32779408574 
0.26560877829 	 581.40500288865 	 0.33352285809 
0.26560877829 	 602.45245701027 	 0.33932871117 
0.26560877829 	 624.26185043890 	 0.34521335339 
0.26560877829 	 646.86076615463 	 0.35117491804 
0.26560877829 	 670.27778566954 	 0.35721473815 
0.26560877829 	 694.54252517561 	 0.36333383034 
0.26560877829 	 719.68567300115 	 0.36953258155 
0.26560877829 	 745.73902842330 	 0.37580726917 
0.26560877829 	 772.73554188543 	 0.38216744526 
0.26560877829 	 800.70935667059 	 0.38860363155 
0.26560877829 	 829.69585208349 	 0.39511758434 
0.26560877829 	 859.73168819576 	 0.40170994669 
0.26560877829 	 890.85485221102 	 0.40838160803 
0.26560877829 	 923.10470650840 	 0.41513052036 
0.26560877829 	 956.52203842531 	 0.42195584708 
0.26560877829 	 991.14911184236 	 0.42886076234 
0.26560877829 	 1027.02972063577 	 0.43584351275 
0.26560877829 	 1064.20924406472 	 0.44290142541 
0.26560877829 	 1102.73470416390 	 0.45003379568 
0.26560877829 	 1142.65482521357 	 0.45723967784 
0.26560877829 	 1184.02009536266 	 0.46451773196 
0.26560877829 	 1226.88283048257 	 0.47186868641 
0.26560877829 	 1271.29724033264 	 0.47929035402 
0.26560877829 	 1317.31949712075 	 0.48678371084 
0.26560877829 	 1365.00780654601 	 0.49434566469 
0.26560877829 	 1414.42248141323 	 0.50197177944 
0.26560877829 	 1465.62601791225 	 0.50966232303 
0.26560877829 	 1518.68317465873 	 0.51741497141 
0.26560877829 	 1573.66105459626 	 0.52523056870 
0.26560877829 	 1630.62918986345 	 0.53310472351 
0.26560877829 	 1689.65962973324 	 0.54103572390 
0.26560877829 	 1750.82703173573 	 0.54901923358 
0.26560877829 	 1814.20875607977 	 0.55705668650 
0.26560877829 	 1879.88496349267 	 0.56514060731 
0.26560877829 	 1947.93871660183 	 0.57327027399 
0.26560877829 	 2018.45608498650 	 0.58144263610 
0.26560877829 	 2091.52625403246 	 0.58965419825 
0.26560877829 	 2167.24163772744 	 0.59790304265 
0.26560877829 	 2245.69799553977 	 0.60618442295 
0.26560877829 	 2326.99455352823 	 0.61449358715 
0.26560877829 	 2411.23412983612 	 0.62282790909 
0.26560877829 	 2498.52326472839 	 0.63118308111 
0.26560877829 	 2588.97235533627 	 0.63955498565 
0.26560877829 	 2682.69579527972 	 0.64793888700 
0.26560877829 	 2779.81211934445 	 0.65633019193 
0.26560877829 	 2880.44415339630 	 0.66472417389 
0.26560877829 	 2984.71916972271 	 0.67311636080 
0.26560877829 	 3092.76904799777 	 0.68150195530 
0.26560877829 	 3204.73044207429 	 0.68987531638 
0.26560877829 	 3320.74495281390 	 0.69823124339 
0.26560877829 	 3440.95930717388 	 0.70656336978 
0.26560877829 	 3565.52554377701 	 0.71486735508 
0.26560877829 	 3694.60120519930 	 0.72313754488 
0.26560877829 	 3828.34953721869 	 0.73136821478 
0.26560877829 	 3966.93969527677 	 0.73955320906 
0.26560877829 	 4110.54695841470 	 0.74768528615 
0.26560877829 	 4259.35295095366 	 0.75575924557 
0.26560877829 	 4413.54587220053 	 0.76376996379 
0.26560877829 	 4573.32073446906 	 0.77171119713 
0.26560877829 	 4738.87960971766 	 0.77957564323 
0.26560877829 	 4910.43188511573 	 0.78735738575 
0.26560877829 	 5088.19452786179 	 0.79505103705 
0.26560877829 	 5272.39235958825 	 0.80265112905 
0.26560877829 	 5463.25834069991 	 0.81015100653 
0.26560877829 	 5661.03386500583 	 0.81754342847 
0.26560877829 	 5865.96906501720 	 0.82482291606 
0.26560877829 	 6078.32312829723 	 0.83198429285 
0.26560877829 	 6298.36462526327 	 0.83902235673 
0.26560877829 	 6526.37184885573 	 0.84593156430 
0.26560877829 	 6762.63316650331 	 0.85270812982 
0.26560877829 	 7007.44738482975 	 0.85934145730 
0.26560877829 	 7261.12412756334 	 0.86583011751 
0.26560877829 	 7523.98422712716 	 0.87217052863 
0.26560877829 	 7796.36013040524 	 0.87835855704 
0.26560877829 	 8078.59631919787 	 0.88438852174 
0.26560877829 	 8371.04974589791 	 0.89025427438 
0.26560877829 	 8674.09028493891 	 0.89595400500 
0.26560877829 	 8988.10120058618 	 0.90148780838 
0.26560877829 	 9313.47963166233 	 0.90684961334 
0.26560877829 	 9650.63709382046 	 0.91203844868 
0.26560877829 	 10000.00000000000 	 0.91705111749 
