0.00572236766 	 0.00000000000 	 0.00000000207 
0.00572236766 	 0.01000000000 	 0.00000000204 
0.00572236766 	 0.02000000000 	 0.00000000201 
0.00572236766 	 0.03000000000 	 0.00000000198 
0.00572236766 	 0.04000000000 	 0.00000000195 
0.00572236766 	 0.05000000000 	 0.00000000192 
0.00572236766 	 0.06000000000 	 0.00000000188 
0.00572236766 	 0.07000000000 	 0.00000000185 
0.00572236766 	 0.08000000000 	 0.00000000182 
0.00572236766 	 0.09000000000 	 0.00000000179 
0.00572236766 	 0.10000000000 	 0.00000000176 
0.00572236766 	 0.11000000000 	 0.00000000173 
0.00572236766 	 0.12000000000 	 0.00000000170 
0.00572236766 	 0.13000000000 	 0.00000000167 
0.00572236766 	 0.14000000000 	 0.00000000164 
0.00572236766 	 0.15000000000 	 0.00000000162 
0.00572236766 	 0.16000000000 	 0.00000000159 
0.00572236766 	 0.17000000000 	 0.00000000155 
0.00572236766 	 0.18000000000 	 0.00000000152 
0.00572236766 	 0.19000000000 	 0.00000000149 
0.00572236766 	 0.20000000000 	 0.00000000146 
0.00572236766 	 0.21000000000 	 0.00000000142 
0.00572236766 	 0.22000000000 	 0.00000000139 
0.00572236766 	 0.23000000000 	 0.00000000135 
0.00572236766 	 0.24000000000 	 0.00000000132 
0.00572236766 	 0.25000000000 	 -0.00000000210 
0.00572236766 	 0.26000000000 	 -0.00000000210 
0.00572236766 	 0.27000000000 	 -0.00000000210 
0.00572236766 	 0.28000000000 	 -0.00000000210 
0.00572236766 	 0.29000000000 	 -0.00000000210 
0.00572236766 	 0.30000000000 	 -0.00000000211 
0.00572236766 	 0.31000000000 	 -0.00000000211 
0.00572236766 	 0.32000000000 	 -0.00000000211 
0.00572236766 	 0.33000000000 	 -0.00000000212 
0.00572236766 	 0.34000000000 	 -0.00000000213 
0.00572236766 	 0.35000000000 	 -0.00000000213 
0.00572236766 	 0.36000000000 	 -0.00000000214 
0.00572236766 	 0.37000000000 	 -0.00000000215 
0.00572236766 	 0.38000000000 	 -0.00000000216 
0.00572236766 	 0.39000000000 	 0.00000000464 
0.00572236766 	 0.40000000000 	 0.00000000467 
0.00572236766 	 0.41000000000 	 0.00000000472 
0.00572236766 	 0.42000000000 	 0.00000000476 
0.00572236766 	 0.43000000000 	 -0.00000000202 
0.00572236766 	 0.44000000000 	 -0.00000000200 
0.00572236766 	 0.45000000000 	 -0.00000000199 
0.00572236766 	 0.46000000000 	 -0.00000000197 
0.00572236766 	 0.47000000000 	 -0.00000000195 
0.00572236766 	 0.48000000000 	 -0.00000000194 
0.00572236766 	 0.49000000000 	 -0.00000000192 
0.00572236766 	 0.50000000000 	 -0.00000000076 
0.00572236766 	 0.51000000000 	 0.00000000009 
0.00572236766 	 0.52000000000 	 -0.00000000030 
0.00572236766 	 0.53000000000 	 -0.00000000064 
0.00572236766 	 0.54000000000 	 0.00000000020 
0.00572236766 	 0.55000000000 	 -0.00000000074 
0.00572236766 	 0.56000000000 	 -0.00000000161 
0.00572236766 	 0.57000000000 	 -0.00000000247 
0.00572236766 	 0.58000000000 	 -0.00000000131 
0.00572236766 	 0.59000000000 	 -0.00000000135 
0.00572236766 	 0.60000000000 	 -0.00000000142 
0.00572236766 	 0.61000000000 	 -0.00000000149 
0.00572236766 	 0.62000000000 	 -0.00000000154 
0.00572236766 	 0.63000000000 	 -0.00000000303 
0.00572236766 	 0.64000000000 	 -0.00000000271 
0.00572236766 	 0.65000000000 	 -0.00000000276 
0.00572236766 	 0.66000000000 	 -0.00000000075 
0.00572236766 	 0.67000000000 	 -0.00000000129 
0.00572236766 	 0.68000000000 	 -0.00000000070 
0.00572236766 	 0.69000000000 	 -0.00000000151 
0.00572236766 	 0.70000000000 	 -0.00000000094 
0.00572236766 	 0.71000000000 	 -0.00000000107 
0.00572236766 	 0.72000000000 	 -0.00000000116 
0.00572236766 	 0.73000000000 	 -0.00000000123 
0.00572236766 	 0.74000000000 	 -0.00000000232 
0.00572236766 	 0.75000000000 	 -0.00000000354 
0.00572236766 	 0.76000000000 	 -0.00000000364 
0.00572236766 	 0.77000000000 	 -0.00000000372 
0.00572236766 	 0.78000000000 	 -0.00000000383 
0.00572236766 	 0.79000000000 	 -0.00000000391 
0.00572236766 	 0.80000000000 	 -0.00000000399 
0.00572236766 	 0.81000000000 	 -0.00000000408 
0.00572236766 	 0.82000000000 	 -0.00000000417 
0.00572236766 	 0.83000000000 	 -0.00000000428 
0.00572236766 	 0.84000000000 	 -0.00000000441 
0.00572236766 	 0.85000000000 	 -0.00000000451 
0.00572236766 	 0.86000000000 	 -0.00000000458 
0.00572236766 	 0.87000000000 	 -0.00000000294 
0.00572236766 	 0.88000000000 	 -0.00000000289 
0.00572236766 	 0.89000000000 	 -0.00000000262 
0.00572236766 	 0.90000000000 	 -0.00000000252 
0.00572236766 	 0.91000000000 	 -0.00000000246 
0.00572236766 	 0.92000000000 	 -0.00000000239 
0.00572236766 	 0.93000000000 	 -0.00000000233 
0.00572236766 	 0.94000000000 	 -0.00000000228 
0.00572236766 	 0.95000000000 	 -0.00000000222 
0.00572236766 	 0.96000000000 	 -0.00000000216 
0.00572236766 	 0.97000000000 	 -0.00000000374 
0.00572236766 	 0.98000000000 	 -0.00000000375 
0.00572236766 	 0.99000000000 	 -0.00000000376 
0.00572236766 	 1.00000000000 	 -0.00000000162 
0.00572236766 	 1.03620101997 	 -0.00000000108 
0.00572236766 	 1.07371255379 	 -0.00000000088 
0.00572236766 	 1.11258204340 	 0.00000000003 
0.00572236766 	 1.15285864817 	 0.00000000003 
0.00572236766 	 1.19459330712 	 0.00000000003 
0.00572236766 	 1.23783880329 	 0.00000000001 
0.00572236766 	 1.28264983053 	 0.00000000001 
0.00572236766 	 1.32908306266 	 0.00000000001 
0.00572236766 	 1.37719722516 	 -0.00000000354 
0.00572236766 	 1.42705316941 	 -0.00000000243 
0.00572236766 	 1.47871394970 	 -0.00000000126 
0.00572236766 	 1.53224490292 	 -0.00000000061 
0.00572236766 	 1.58771373126 	 -0.00000000167 
0.00572236766 	 1.64519058775 	 -0.00000000166 
0.00572236766 	 1.70474816508 	 -0.00000000029 
0.00572236766 	 1.76646178745 	 -0.00000000044 
0.00572236766 	 1.83040950590 	 -0.00000000059 
0.00572236766 	 1.89667219698 	 0.00000000029 
0.00572236766 	 1.96533366506 	 0.00000000029 
0.00572236766 	 2.03648074833 	 0.00000000029 
0.00572236766 	 2.11020342857 	 0.00000000029 
0.00572236766 	 2.18659494503 	 0.00000000029 
0.00572236766 	 2.26575191231 	 0.00000000029 
0.00572236766 	 2.34777444254 	 0.00000000030 
0.00572236766 	 2.43276627202 	 0.00000000030 
0.00572236766 	 2.52083489243 	 0.00000000030 
0.00572236766 	 2.61209168671 	 0.00000000031 
0.00572236766 	 2.70665207003 	 -0.00000000012 
0.00572236766 	 2.80463563568 	 -0.00000000012 
0.00572236766 	 2.90616630634 	 -0.00000000160 
0.00572236766 	 3.01137249084 	 -0.00000000136 
0.00572236766 	 3.12038724653 	 -0.00000000136 
0.00572236766 	 3.23334844756 	 -0.00000000147 
0.00572236766 	 3.35039895929 	 -0.00000000153 
0.00572236766 	 3.47168681893 	 -0.00000000169 
0.00572236766 	 3.59736542280 	 -0.00000000191 
0.00572236766 	 3.72759372031 	 -0.00000000237 
0.00572236766 	 3.86253641503 	 -0.00000000296 
0.00572236766 	 4.00236417294 	 -0.00000000347 
0.00572236766 	 4.14725383830 	 -0.00000000418 
0.00572236766 	 4.29738865733 	 -0.00000000335 
0.00572236766 	 4.45295850994 	 -0.00000000389 
0.00572236766 	 4.61416014990 	 -0.00000000711 
0.00572236766 	 4.78119745364 	 -0.00000000627 
0.00572236766 	 4.95428167815 	 -0.00000000033 
0.00572236766 	 5.13363172813 	 -0.00000000023 
0.00572236766 	 5.31947443285 	 -0.00000000728 
0.00572236766 	 5.51204483304 	 -0.00000000679 
0.00572236766 	 5.71158647813 	 -0.00000000630 
0.00572236766 	 5.91835173430 	 -0.00000000593 
0.00572236766 	 6.13260210363 	 -0.00000000566 
0.00572236766 	 6.35460855487 	 -0.00000000177 
0.00572236766 	 6.58465186608 	 -0.00000000118 
0.00572236766 	 6.82302297979 	 -0.00000000032 
0.00572236766 	 7.07002337096 	 0.00000000278 
0.00572236766 	 7.32596542822 	 0.00000000314 
0.00572236766 	 7.59117284900 	 0.00000000380 
0.00572236766 	 7.86598104892 	 0.00000000549 
0.00572236766 	 8.15073758597 	 0.00000000468 
0.00572236766 	 8.44580260011 	 0.00000000400 
0.00572236766 	 8.75154926872 	 0.00000000074 
0.00572236766 	 9.06836427859 	 0.00000000163 
0.00572236766 	 9.39664831495 	 0.00000000187 
0.00572236766 	 9.73681656828 	 0.00000000216 
0.00572236766 	 10.08929925933 	 0.00000000276 
0.00572236766 	 10.45454218333 	 -0.00000000587 
0.00572236766 	 10.83300727371 	 -0.00000000396 
0.00572236766 	 11.22517318638 	 -0.00000000237 
0.00572236766 	 11.63153590510 	 0.00000000033 
0.00572236766 	 12.05260936871 	 -0.00000000004 
0.00572236766 	 12.48892612118 	 -0.00000000009 
0.00572236766 	 12.94103798513 	 -0.00000000009 
0.00572236766 	 13.40951675969 	 0.00000000013 
0.00572236766 	 13.89495494373 	 0.00000000007 
0.00572236766 	 14.39796648516 	 0.00000000078 
0.00572236766 	 14.91918755746 	 0.00000000105 
0.00572236766 	 15.45927736419 	 0.00000000136 
0.00572236766 	 16.01891897281 	 0.00000000176 
0.00572236766 	 16.59882017849 	 -0.00000000371 
0.00572236766 	 17.19971439928 	 -0.00000000010 
0.00572236766 	 17.82236160377 	 0.00000000450 
0.00572236766 	 18.46754927215 	 0.00000000165 
0.00572236766 	 19.13609339219 	 0.00000000158 
0.00572236766 	 19.82883949127 	 -0.00000000072 
0.00572236766 	 20.54666370572 	 -0.00000000775 
0.00572236766 	 21.29047388890 	 -0.00000000274 
0.00572236766 	 22.06121075937 	 -0.00000000730 
0.00572236766 	 22.85984909069 	 -0.00000000124 
0.00572236766 	 23.68739894419 	 0.00000000242 
0.00572236766 	 24.54490694646 	 -0.00000000529 
0.00572236766 	 25.43345761305 	 0.00000000153 
0.00572236766 	 26.35417472006 	 -0.00000000003 
0.00572236766 	 27.30822272546 	 0.00000000130 
0.00572236766 	 28.29680824175 	 0.00000000047 
0.00572236766 	 29.32118156207 	 0.00000000113 
0.00572236766 	 30.38263824141 	 0.00000000137 
0.00572236766 	 31.48252073520 	 0.00000000533 
0.00572236766 	 32.62222009712 	 0.00000000728 
0.00572236766 	 33.80317773840 	 0.00000000284 
0.00572236766 	 35.02688725083 	 0.00000001056 
0.00572236766 	 36.29489629577 	 0.00000001355 
0.00572236766 	 37.60880856147 	 0.00000000945 
0.00572236766 	 38.97028579134 	 0.00000001278 
0.00572236766 	 40.38104988560 	 0.00000000813 
0.00572236766 	 41.84288507902 	 0.00000000442 
0.00572236766 	 43.35764019746 	 -0.00000000536 
0.00572236766 	 44.92723099621 	 -0.00000001567 
0.00572236766 	 46.55364258280 	 0.00000000242 
0.00572236766 	 48.23893192773 	 0.00000000476 
0.00572236766 	 49.98523046589 	 -0.00000001063 
0.00572236766 	 51.79474679231 	 -0.00000000223 
0.00572236766 	 53.66976945540 	 0.00000000225 
0.00572236766 	 55.61266985137 	 -0.00000000901 
0.00572236766 	 57.62590522338 	 -0.00000000221 
0.00572236766 	 59.71202176930 	 -0.00000000622 
0.00572236766 	 61.87365786196 	 -0.00000001349 
0.00572236766 	 64.11354738598 	 0.00000001136 
0.00572236766 	 66.43452319540 	 -0.00000001004 
0.00572236766 	 68.83952069645 	 -0.00000000840 
0.00572236766 	 71.33158156008 	 -0.00000002312 
0.00572236766 	 73.91385756879 	 -0.00000002595 
0.00572236766 	 76.58961460288 	 -0.00000001609 
0.00572236766 	 79.36223677079 	 -0.00000000495 
0.00572236766 	 82.23523068918 	 -0.00000000349 
0.00572236766 	 85.21222991780 	 0.00000000498 
0.00572236766 	 88.29699955494 	 0.00000003598 
0.00572236766 	 91.49344099933 	 0.00000002115 
0.00572236766 	 94.80559688429 	 -0.00000000840 
0.00572236766 	 98.23765619059 	 0.00000000218 
0.00572236766 	 101.79395954438 	 0.00000001717 
0.00572236766 	 105.47900470692 	 0.00000001894 
0.00572236766 	 109.29745226298 	 -0.00000003529 
0.00572236766 	 113.25413151528 	 -0.00000001930 
0.00572236766 	 117.35404659222 	 0.00000002298 
0.00572236766 	 121.60238277674 	 -0.00000013878 
0.00572236766 	 126.00451306433 	 -0.00000016212 
0.00572236766 	 130.56600495838 	 -0.00000004717 
0.00572236766 	 135.29262751160 	 -0.00000011395 
0.00572236766 	 140.19035862226 	 -0.00000000827 
0.00572236766 	 145.26539259468 	 0.00000000635 
0.00572236766 	 150.52414797329 	 0.00000002435 
0.00572236766 	 155.97327566040 	 0.00000000616 
0.00572236766 	 161.61966732774 	 -0.00000003061 
0.00572236766 	 167.47046413260 	 -0.00000016680 
0.00572236766 	 173.53306574945 	 -0.00000003077 
0.00572236766 	 179.81513972851 	 -0.00000003806 
0.00572236766 	 186.32463119316 	 0.00000009030 
0.00572236766 	 193.06977288832 	 0.00000017931 
0.00572236766 	 200.05909559272 	 0.00000009749 
0.00572236766 	 207.30143890792 	 0.00000031684 
0.00572236766 	 214.80596243813 	 0.00000053682 
0.00572236766 	 222.58215737454 	 0.00000089811 
0.00572236766 	 230.63985849915 	 0.00000131028 
0.00572236766 	 238.98925662311 	 0.00000185726 
0.00572236766 	 247.64091147530 	 0.00000264957 
0.00572236766 	 256.60576505760 	 0.00000370262 
0.00572236766 	 265.89515548347 	 0.00000503816 
0.00572236766 	 275.52083131769 	 0.00000712754 
0.00572236766 	 285.49496643503 	 0.00000992893 
0.00572236766 	 295.83017541695 	 0.00001349464 
0.00572236766 	 306.53952950565 	 0.00001809609 
0.00572236766 	 317.63657313561 	 0.00002421457 
0.00572236766 	 329.13534106365 	 0.00003217085 
0.00572236766 	 341.05037611911 	 0.00004241914 
0.00572236766 	 353.39674759658 	 0.00005535232 
0.00572236766 	 366.19007031450 	 0.00007160548 
0.00572236766 	 379.44652436364 	 0.00009209688 
0.00572236766 	 393.18287557058 	 0.00011763155 
0.00572236766 	 407.41649670190 	 0.00014901548 
0.00572236766 	 422.16538943608 	 0.00018732807 
0.00572236766 	 437.44820713071 	 0.00023424233 
0.00572236766 	 453.28427841392 	 0.00029086719 
0.00572236766 	 469.69363162995 	 0.00035869995 
0.00572236766 	 486.69702016948 	 0.00043957469 
0.00572236766 	 504.31594871714 	 0.00053547696 
0.00572236766 	 522.57270044903 	 0.00064847395 
0.00572236766 	 541.49036521501 	 0.00078070085 
0.00572236766 	 561.09286874100 	 0.00093441068 
0.00572236766 	 581.40500288865 	 0.00111221380 
0.00572236766 	 602.45245701027 	 0.00131695260 
0.00572236766 	 624.26185043890 	 0.00155100879 
0.00572236766 	 646.86076615463 	 0.00181734878 
0.00572236766 	 670.27778566954 	 0.00211881460 
0.00572236766 	 694.54252517561 	 0.00245852234 
0.00572236766 	 719.68567300115 	 0.00283922098 
0.00572236766 	 745.73902842330 	 0.00326438061 
0.00572236766 	 772.73554188543 	 0.00373670189 
0.00572236766 	 800.70935667059 	 0.00425836163 
0.00572236766 	 829.69585208349 	 0.00483266117 
0.00572236766 	 859.73168819576 	 0.00546252733 
0.00572236766 	 890.85485221102 	 0.00615013267 
0.00572236766 	 923.10470650840 	 0.00689783894 
0.00572236766 	 956.52203842531 	 0.00770790671 
0.00572236766 	 991.14911184236 	 0.00858189107 
0.00572236766 	 1027.02972063577 	 0.00952165922 
0.00572236766 	 1064.20924406472 	 0.01052870134 
0.00572236766 	 1102.73470416390 	 0.01160401955 
0.00572236766 	 1142.65482521357 	 0.01274878719 
0.00572236766 	 1184.02009536266 	 0.01396332097 
0.00572236766 	 1226.88283048257 	 0.01524757490 
0.00572236766 	 1271.29724033264 	 0.01660175401 
0.00572236766 	 1317.31949712075 	 0.01802582371 
0.00572236766 	 1365.00780654601 	 0.01951877364 
0.00572236766 	 1414.42248141323 	 0.02107996827 
0.00572236766 	 1465.62601791225 	 0.02270816153 
0.00572236766 	 1518.68317465873 	 0.02440141476 
0.00572236766 	 1573.66105459626 	 0.02615907606 
0.00572236766 	 1630.62918986345 	 0.02797851271 
0.00572236766 	 1689.65962973324 	 0.02985831936 
0.00572236766 	 1750.82703173573 	 0.03179567256 
0.00572236766 	 1814.20875607977 	 0.03378853881 
0.00572236766 	 1879.88496349267 	 0.03583445105 
0.00572236766 	 1947.93871660183 	 0.03793096930 
0.00572236766 	 2018.45608498650 	 0.04007601538 
0.00572236766 	 2091.52625403246 	 0.04226679773 
0.00572236766 	 2167.24163772744 	 0.04450098760 
0.00572236766 	 2245.69799553977 	 0.04677585974 
0.00572236766 	 2326.99455352823 	 0.04908939765 
0.00572236766 	 2411.23412983612 	 0.05143936516 
0.00572236766 	 2498.52326472839 	 0.05382375890 
0.00572236766 	 2588.97235533627 	 0.05624124515 
0.00572236766 	 2682.69579527972 	 0.05868998394 
0.00572236766 	 2779.81211934445 	 0.06116888123 
0.00572236766 	 2880.44415339630 	 0.06367597461 
0.00572236766 	 2984.71916972271 	 0.06621070776 
0.00572236766 	 3092.76904799777 	 0.06877269351 
0.00572236766 	 3204.73044207429 	 0.07136147053 
0.00572236766 	 3320.74495281390 	 0.07397656999 
0.00572236766 	 3440.95930717388 	 0.07661821101 
0.00572236766 	 3565.52554377701 	 0.07928753131 
0.00572236766 	 3694.60120519930 	 0.08198290120 
0.00572236766 	 3828.34953721869 	 0.08470668570 
0.00572236766 	 3966.93969527677 	 0.08745951170 
0.00572236766 	 4110.54695841470 	 0.09024146598 
0.00572236766 	 4259.35295095366 	 0.09305334596 
0.00572236766 	 4413.54587220053 	 0.09589777813 
0.00572236766 	 4573.32073446906 	 0.09877551086 
0.00572236766 	 4738.87960971766 	 0.10168691118 
0.00572236766 	 4910.43188511573 	 0.10463432206 
0.00572236766 	 5088.19452786179 	 0.10761798852 
0.00572236766 	 5272.39235958825 	 0.11063920527 
0.00572236766 	 5463.25834069991 	 0.11370116399 
0.00572236766 	 5661.03386500583 	 0.11680339679 
0.00572236766 	 5865.96906501720 	 0.11994881572 
0.00572236766 	 6078.32312829723 	 0.12313706456 
0.00572236766 	 6298.36462526327 	 0.12636993859 
0.00572236766 	 6526.37184885573 	 0.12964886622 
0.00572236766 	 6762.63316650331 	 0.13297488841 
0.00572236766 	 7007.44738482975 	 0.13635029506 
0.00572236766 	 7261.12412756334 	 0.13977439087 
0.00572236766 	 7523.98422712716 	 0.14324928066 
0.00572236766 	 7796.36013040524 	 0.14677582410 
0.00572236766 	 8078.59631919787 	 0.15035608990 
0.00572236766 	 8371.04974589791 	 0.15398973692 
0.00572236766 	 8674.09028493891 	 0.15767890446 
0.00572236766 	 8988.10120058618 	 0.16142365063 
0.00572236766 	 9313.47963166233 	 0.16522750090 
0.00572236766 	 9650.63709382046 	 0.16908746990 
0.00572236766 	 10000.00000000000 	 0.17300648933 
