0.00657933225 	 0.00000000000 	 0.00000202617 
0.00657933225 	 0.01000000000 	 0.00000203562 
0.00657933225 	 0.02000000000 	 0.00000204511 
0.00657933225 	 0.03000000000 	 0.00000205463 
0.00657933225 	 0.04000000000 	 0.00000206419 
0.00657933225 	 0.05000000000 	 0.00000207378 
0.00657933225 	 0.06000000000 	 0.00000208342 
0.00657933225 	 0.07000000000 	 0.00000208638 
0.00657933225 	 0.08000000000 	 0.00000209704 
0.00657933225 	 0.09000000000 	 0.00000210770 
0.00657933225 	 0.10000000000 	 0.00000211837 
0.00657933225 	 0.11000000000 	 0.00000212904 
0.00657933225 	 0.12000000000 	 0.00000213971 
0.00657933225 	 0.13000000000 	 0.00000215039 
0.00657933225 	 0.14000000000 	 0.00000216108 
0.00657933225 	 0.15000000000 	 0.00000217180 
0.00657933225 	 0.16000000000 	 0.00000218254 
0.00657933225 	 0.17000000000 	 0.00000219329 
0.00657933225 	 0.18000000000 	 0.00000220405 
0.00657933225 	 0.19000000000 	 0.00000221483 
0.00657933225 	 0.20000000000 	 0.00000222563 
0.00657933225 	 0.21000000000 	 0.00000223642 
0.00657933225 	 0.22000000000 	 0.00000224724 
0.00657933225 	 0.23000000000 	 0.00000225808 
0.00657933225 	 0.24000000000 	 0.00000226895 
0.00657933225 	 0.25000000000 	 0.00000227982 
0.00657933225 	 0.26000000000 	 0.00000229072 
0.00657933225 	 0.27000000000 	 0.00000230164 
0.00657933225 	 0.28000000000 	 0.00000231257 
0.00657933225 	 0.29000000000 	 0.00000232354 
0.00657933225 	 0.30000000000 	 0.00000233453 
0.00657933225 	 0.31000000000 	 0.00000234554 
0.00657933225 	 0.32000000000 	 0.00000235658 
0.00657933225 	 0.33000000000 	 0.00000236764 
0.00657933225 	 0.34000000000 	 0.00000237873 
0.00657933225 	 0.35000000000 	 0.00000239254 
0.00657933225 	 0.36000000000 	 0.00000240379 
0.00657933225 	 0.37000000000 	 0.00000241506 
0.00657933225 	 0.38000000000 	 0.00000242635 
0.00657933225 	 0.39000000000 	 0.00000243766 
0.00657933225 	 0.40000000000 	 0.00000244901 
0.00657933225 	 0.41000000000 	 0.00000246038 
0.00657933225 	 0.42000000000 	 0.00000247179 
0.00657933225 	 0.43000000000 	 0.00000248322 
0.00657933225 	 0.44000000000 	 0.00000249468 
0.00657933225 	 0.45000000000 	 0.00000250617 
0.00657933225 	 0.46000000000 	 0.00000251769 
0.00657933225 	 0.47000000000 	 0.00000252922 
0.00657933225 	 0.48000000000 	 0.00000254073 
0.00657933225 	 0.49000000000 	 0.00000255223 
0.00657933225 	 0.50000000000 	 0.00000256377 
0.00657933225 	 0.51000000000 	 0.00000257539 
0.00657933225 	 0.52000000000 	 0.00000258697 
0.00657933225 	 0.53000000000 	 0.00000259858 
0.00657933225 	 0.54000000000 	 0.00000261016 
0.00657933225 	 0.55000000000 	 0.00000262170 
0.00657933225 	 0.56000000000 	 0.00000263344 
0.00657933225 	 0.57000000000 	 0.00000264522 
0.00657933225 	 0.58000000000 	 0.00000265702 
0.00657933225 	 0.59000000000 	 0.00000266887 
0.00657933225 	 0.60000000000 	 0.00000268069 
0.00657933225 	 0.61000000000 	 0.00000269261 
0.00657933225 	 0.62000000000 	 0.00000270462 
0.00657933225 	 0.63000000000 	 0.00000271668 
0.00657933225 	 0.64000000000 	 0.00000272879 
0.00657933225 	 0.65000000000 	 0.00000274096 
0.00657933225 	 0.66000000000 	 0.00000275317 
0.00657933225 	 0.67000000000 	 0.00000276542 
0.00657933225 	 0.68000000000 	 0.00000277772 
0.00657933225 	 0.69000000000 	 0.00000279006 
0.00657933225 	 0.70000000000 	 0.00000280245 
0.00657933225 	 0.71000000000 	 0.00000281488 
0.00657933225 	 0.72000000000 	 0.00000282732 
0.00657933225 	 0.73000000000 	 0.00000283982 
0.00657933225 	 0.74000000000 	 0.00000285237 
0.00657933225 	 0.75000000000 	 0.00000286497 
0.00657933225 	 0.76000000000 	 0.00000287070 
0.00657933225 	 0.77000000000 	 0.00000288439 
0.00657933225 	 0.78000000000 	 0.00000289812 
0.00657933225 	 0.79000000000 	 0.00000291185 
0.00657933225 	 0.80000000000 	 0.00000292552 
0.00657933225 	 0.81000000000 	 0.00000293922 
0.00657933225 	 0.82000000000 	 0.00000295297 
0.00657933225 	 0.83000000000 	 0.00000296674 
0.00657933225 	 0.84000000000 	 0.00000298051 
0.00657933225 	 0.85000000000 	 0.00000299433 
0.00657933225 	 0.86000000000 	 0.00000300827 
0.00657933225 	 0.87000000000 	 0.00000302218 
0.00657933225 	 0.88000000000 	 0.00000303607 
0.00657933225 	 0.89000000000 	 0.00000304995 
0.00657933225 	 0.90000000000 	 0.00000306382 
0.00657933225 	 0.91000000000 	 0.00000307771 
0.00657933225 	 0.92000000000 	 0.00000309165 
0.00657933225 	 0.93000000000 	 0.00000310562 
0.00657933225 	 0.94000000000 	 0.00000311961 
0.00657933225 	 0.95000000000 	 0.00000313363 
0.00657933225 	 0.96000000000 	 0.00000314768 
0.00657933225 	 0.97000000000 	 0.00000316176 
0.00657933225 	 0.98000000000 	 0.00000317585 
0.00657933225 	 0.99000000000 	 0.00000318998 
0.00657933225 	 1.00000000000 	 0.00000320414 
0.00657933225 	 1.03620101997 	 0.00000325568 
0.00657933225 	 1.07371255379 	 0.00000330951 
0.00657933225 	 1.11258204340 	 0.00000336581 
0.00657933225 	 1.15285864817 	 0.00000342481 
0.00657933225 	 1.19459330712 	 0.00000348945 
0.00657933225 	 1.23783880329 	 0.00000355532 
0.00657933225 	 1.28264983053 	 0.00000362443 
0.00657933225 	 1.32908306266 	 0.00000369701 
0.00657933225 	 1.37719722516 	 0.00000377330 
0.00657933225 	 1.42705316941 	 0.00000385358 
0.00657933225 	 1.47871394970 	 0.00000393814 
0.00657933225 	 1.53224490292 	 0.00000402724 
0.00657933225 	 1.58771373126 	 0.00000411542 
0.00657933225 	 1.64519058775 	 0.00000421993 
0.00657933225 	 1.70474816508 	 0.00000432933 
0.00657933225 	 1.76646178745 	 0.00000444433 
0.00657933225 	 1.83040950590 	 0.00000456509 
0.00657933225 	 1.89667219698 	 0.00000469195 
0.00657933225 	 1.96533366506 	 0.00000482619 
0.00657933225 	 2.03648074833 	 0.00000496803 
0.00657933225 	 2.11020342857 	 0.00000511801 
0.00657933225 	 2.18659494503 	 0.00000527688 
0.00657933225 	 2.26575191231 	 0.00000544535 
0.00657933225 	 2.34777444254 	 0.00000562423 
0.00657933225 	 2.43276627202 	 0.00000581447 
0.00657933225 	 2.52083489243 	 0.00000601562 
0.00657933225 	 2.61209168671 	 0.00000623351 
0.00657933225 	 2.70665207003 	 0.00000646386 
0.00657933225 	 2.80463563568 	 0.00000670919 
0.00657933225 	 2.90616630634 	 0.00000697189 
0.00657933225 	 3.01137249084 	 0.00000725061 
0.00657933225 	 3.12038724653 	 0.00000755521 
0.00657933225 	 3.23334844756 	 0.00000787879 
0.00657933225 	 3.35039895929 	 0.00000822338 
0.00657933225 	 3.47168681893 	 0.00000859267 
0.00657933225 	 3.59736542280 	 0.00000898398 
0.00657933225 	 3.72759372031 	 0.00000941977 
0.00657933225 	 3.86253641503 	 0.00000988438 
0.00657933225 	 4.00236417294 	 0.00001038141 
0.00657933225 	 4.14725383830 	 0.00001091475 
0.00657933225 	 4.29738865733 	 0.00001147834 
0.00657933225 	 4.45295850994 	 0.00001211650 
0.00657933225 	 4.61416014990 	 0.00001279797 
0.00657933225 	 4.78119745364 	 0.00001353054 
0.00657933225 	 4.95428167815 	 0.00001432099 
0.00657933225 	 5.13363172813 	 0.00001517650 
0.00657933225 	 5.31947443285 	 0.00001611138 
0.00657933225 	 5.51204483304 	 0.00001713128 
0.00657933225 	 5.71158647813 	 0.00001823484 
0.00657933225 	 5.91835173430 	 0.00001943248 
0.00657933225 	 6.13260210363 	 0.00002073569 
0.00657933225 	 6.35460855487 	 0.00002216205 
0.00657933225 	 6.58465186608 	 0.00002371949 
0.00657933225 	 6.82302297979 	 0.00002541703 
0.00657933225 	 7.07002337096 	 0.00002727197 
0.00657933225 	 7.32596542822 	 0.00002931426 
0.00657933225 	 7.59117284900 	 0.00003154229 
0.00657933225 	 7.86598104892 	 0.00003398827 
0.00657933225 	 8.15073758597 	 0.00003667945 
0.00657933225 	 8.44580260011 	 0.00003962901 
0.00657933225 	 8.75154926872 	 0.00004286762 
0.00657933225 	 9.06836427859 	 0.00004645528 
0.00657933225 	 9.39664831495 	 0.00005038704 
0.00657933225 	 9.73681656828 	 0.00005473948 
0.00657933225 	 10.08929925933 	 0.00005953709 
0.00657933225 	 10.45454218333 	 0.00006482812 
0.00657933225 	 10.83300727371 	 0.00007067783 
0.00657933225 	 11.22517318638 	 0.00007712449 
0.00657933225 	 11.63153590510 	 0.00008429835 
0.00657933225 	 12.05260936871 	 0.00009220526 
0.00657933225 	 12.48892612118 	 0.00010097980 
0.00657933225 	 12.94103798513 	 0.00011069323 
0.00657933225 	 13.40951675969 	 0.00012144567 
0.00657933225 	 13.89495494373 	 0.00013342132 
0.00657933225 	 14.39796648516 	 0.00014668496 
0.00657933225 	 14.91918755746 	 0.00016137390 
0.00657933225 	 15.45927736419 	 0.00017773563 
0.00657933225 	 16.01891897281 	 0.00019585056 
0.00657933225 	 16.59882017849 	 0.00021599324 
0.00657933225 	 17.19971439928 	 0.00023829197 
0.00657933225 	 17.82236160377 	 0.00026315046 
0.00657933225 	 18.46754927215 	 0.00029060292 
0.00657933225 	 19.13609339219 	 0.00032127566 
0.00657933225 	 19.82883949127 	 0.00035508459 
0.00657933225 	 20.54666370572 	 0.00039293720 
0.00657933225 	 21.29047388890 	 0.00043460202 
0.00657933225 	 22.06121075937 	 0.00048101236 
0.00657933225 	 22.85984909069 	 0.00053235765 
0.00657933225 	 23.68739894419 	 0.00058927855 
0.00657933225 	 24.54490694646 	 0.00065231479 
0.00657933225 	 25.43345761305 	 0.00072182492 
0.00657933225 	 26.35417472006 	 0.00079913713 
0.00657933225 	 27.30822272546 	 0.00088439597 
0.00657933225 	 28.29680824175 	 0.00097843384 
0.00657933225 	 29.32118156207 	 0.00108219235 
0.00657933225 	 30.38263824141 	 0.00119637771 
0.00657933225 	 31.48252073520 	 0.00132219416 
0.00657933225 	 32.62222009712 	 0.00146053261 
0.00657933225 	 33.80317773840 	 0.00161252473 
0.00657933225 	 35.02688725083 	 0.00177910241 
0.00657933225 	 36.29489629577 	 0.00196196676 
0.00657933225 	 37.60880856147 	 0.00216177615 
0.00657933225 	 38.97028579134 	 0.00238053969 
0.00657933225 	 40.38104988560 	 0.00261913554 
0.00657933225 	 41.84288507902 	 0.00287882509 
0.00657933225 	 43.35764019746 	 0.00316196834 
0.00657933225 	 44.92723099621 	 0.00346926695 
0.00657933225 	 46.55364258280 	 0.00380273352 
0.00657933225 	 48.23893192773 	 0.00416390093 
0.00657933225 	 49.98523046589 	 0.00455441258 
0.00657933225 	 51.79474679231 	 0.00497622806 
0.00657933225 	 53.66976945540 	 0.00543081162 
0.00657933225 	 55.61266985137 	 0.00592002507 
0.00657933225 	 57.62590522338 	 0.00644560074 
0.00657933225 	 59.71202176930 	 0.00700906981 
0.00657933225 	 61.87365786196 	 0.00761222544 
0.00657933225 	 64.11354738598 	 0.00825668527 
0.00657933225 	 66.43452319540 	 0.00894407214 
0.00657933225 	 68.83952069645 	 0.00967582172 
0.00657933225 	 71.33158156008 	 0.01045363027 
0.00657933225 	 73.91385756879 	 0.01127872788 
0.00657933225 	 76.58961460288 	 0.01215235354 
0.00657933225 	 79.36223677079 	 0.01307570209 
0.00657933225 	 82.23523068918 	 0.01404984375 
0.00657933225 	 85.21222991780 	 0.01507571333 
0.00657933225 	 88.29699955494 	 0.01615409801 
0.00657933225 	 91.49344099933 	 0.01728550994 
0.00657933225 	 94.80559688429 	 0.01847087719 
0.00657933225 	 98.23765619059 	 0.01970999121 
0.00657933225 	 101.79395954438 	 0.02100312282 
0.00657933225 	 105.47900470692 	 0.02235033786 
0.00657933225 	 109.29745226298 	 0.02375190199 
0.00657933225 	 113.25413151528 	 0.02520702015 
0.00657933225 	 117.35404659222 	 0.02671519003 
0.00657933225 	 121.60238277674 	 0.02827582780 
0.00657933225 	 126.00451306433 	 0.02988805681 
0.00657933225 	 130.56600495838 	 0.03155120330 
0.00657933225 	 135.29262751160 	 0.03326419933 
0.00657933225 	 140.19035862226 	 0.03502600861 
0.00657933225 	 145.26539259468 	 0.03683504093 
0.00657933225 	 150.52414797329 	 0.03869038730 
0.00657933225 	 155.97327566040 	 0.04058992969 
0.00657933225 	 161.61966732774 	 0.04253276214 
0.00657933225 	 167.47046413260 	 0.04451735324 
0.00657933225 	 173.53306574945 	 0.04654146995 
0.00657933225 	 179.81513972851 	 0.04860586577 
0.00657933225 	 186.32463119316 	 0.05070699057 
0.00657933225 	 193.06977288832 	 0.05284389786 
0.00657933225 	 200.05909559272 	 0.05501544811 
0.00657933225 	 207.30143890792 	 0.05722051594 
0.00657933225 	 214.80596243813 	 0.05945855076 
0.00657933225 	 222.58215737454 	 0.06172800341 
0.00657933225 	 230.63985849915 	 0.06402850681 
0.00657933225 	 238.98925662311 	 0.06635919118 
0.00657933225 	 247.64091147530 	 0.06871899339 
0.00657933225 	 256.60576505760 	 0.07110798603 
0.00657933225 	 265.89515548347 	 0.07352574640 
0.00657933225 	 275.52083131769 	 0.07597335989 
0.00657933225 	 285.49496643503 	 0.07845010547 
0.00657933225 	 295.83017541695 	 0.08095611957 
0.00657933225 	 306.53952950565 	 0.08349261508 
0.00657933225 	 317.63657313561 	 0.08605861693 
0.00657933225 	 329.13534106365 	 0.08865598145 
0.00657933225 	 341.05037611911 	 0.09128642115 
0.00657933225 	 353.39674759658 	 0.09394941844 
0.00657933225 	 366.19007031450 	 0.09664436188 
0.00657933225 	 379.44652436364 	 0.09937651760 
0.00657933225 	 393.18287557058 	 0.10214490242 
0.00657933225 	 407.41649670190 	 0.10494991624 
0.00657933225 	 422.16538943608 	 0.10779295925 
0.00657933225 	 437.44820713071 	 0.11067538537 
0.00657933225 	 453.28427841392 	 0.11359809523 
0.00657933225 	 469.69363162995 	 0.11656315623 
0.00657933225 	 486.69702016948 	 0.11957215657 
0.00657933225 	 504.31594871714 	 0.12262469790 
0.00657933225 	 522.57270044903 	 0.12572203392 
0.00657933225 	 541.49036521501 	 0.12886667194 
0.00657933225 	 561.09286874100 	 0.13205966395 
0.00657933225 	 581.40500288865 	 0.13530073202 
0.00657933225 	 602.45245701027 	 0.13859246559 
0.00657933225 	 624.26185043890 	 0.14193410623 
0.00657933225 	 646.86076615463 	 0.14532822464 
0.00657933225 	 670.27778566954 	 0.14877445110 
0.00657933225 	 694.54252517561 	 0.15227331703 
0.00657933225 	 719.68567300115 	 0.15583175725 
0.00657933225 	 745.73902842330 	 0.15944416521 
0.00657933225 	 772.73554188543 	 0.16311371292 
0.00657933225 	 800.70935667059 	 0.16684084936 
0.00657933225 	 829.69585208349 	 0.17062646028 
0.00657933225 	 859.73168819576 	 0.17447212809 
0.00657933225 	 890.85485221102 	 0.17837884041 
0.00657933225 	 923.10470650840 	 0.18234712667 
0.00657933225 	 956.52203842531 	 0.18637843875 
0.00657933225 	 991.14911184236 	 0.19047480175 
0.00657933225 	 1027.02972063577 	 0.19463360692 
0.00657933225 	 1064.20924406472 	 0.19885778132 
0.00657933225 	 1102.73470416390 	 0.20315015740 
0.00657933225 	 1142.65482521357 	 0.20750834736 
0.00657933225 	 1184.02009536266 	 0.21193508359 
0.00657933225 	 1226.88283048257 	 0.21643032323 
0.00657933225 	 1271.29724033264 	 0.22099517021 
0.00657933225 	 1317.31949712075 	 0.22563190516 
0.00657933225 	 1365.00780654601 	 0.23033996847 
0.00657933225 	 1414.42248141323 	 0.23511945860 
0.00657933225 	 1465.62601791225 	 0.23997041479 
0.00657933225 	 1518.68317465873 	 0.24489632739 
0.00657933225 	 1573.66105459626 	 0.24989649406 
0.00657933225 	 1630.62918986345 	 0.25497382543 
0.00657933225 	 1689.65962973324 	 0.26012540948 
0.00657933225 	 1750.82703173573 	 0.26535669225 
0.00657933225 	 1814.20875607977 	 0.27066474777 
0.00657933225 	 1879.88496349267 	 0.27604951183 
0.00657933225 	 1947.93871660183 	 0.28151275630 
0.00657933225 	 2018.45608498650 	 0.28705562486 
0.00657933225 	 2091.52625403246 	 0.29267849061 
0.00657933225 	 2167.24163772744 	 0.29838147923 
0.00657933225 	 2245.69799553977 	 0.30416244218 
0.00657933225 	 2326.99455352823 	 0.31003084830 
0.00657933225 	 2411.23412983612 	 0.31597781750 
0.00657933225 	 2498.52326472839 	 0.32200658520 
0.00657933225 	 2588.97235533627 	 0.32811765340 
0.00657933225 	 2682.69579527972 	 0.33431193320 
0.00657933225 	 2779.81211934445 	 0.34058619891 
0.00657933225 	 2880.44415339630 	 0.34694618198 
0.00657933225 	 2984.71916972271 	 0.35339049517 
0.00657933225 	 3092.76904799777 	 0.35991561323 
0.00657933225 	 3204.73044207429 	 0.36652446484 
0.00657933225 	 3320.74495281390 	 0.37321653717 
0.00657933225 	 3440.95930717388 	 0.37999199515 
0.00657933225 	 3565.52554377701 	 0.38684950020 
0.00657933225 	 3694.60120519930 	 0.39378752830 
0.00657933225 	 3828.34953721869 	 0.40080701520 
0.00657933225 	 3966.93969527677 	 0.40791141957 
0.00657933225 	 4110.54695841470 	 0.41509327318 
0.00657933225 	 4259.35295095366 	 0.42235676029 
0.00657933225 	 4413.54587220053 	 0.42969780903 
0.00657933225 	 4573.32073446906 	 0.43711641875 
0.00657933225 	 4738.87960971766 	 0.44461372260 
0.00657933225 	 4910.43188511573 	 0.45218562457 
0.00657933225 	 5088.19452786179 	 0.45983447846 
0.00657933225 	 5272.39235958825 	 0.46755425536 
0.00657933225 	 5463.25834069991 	 0.47534685852 
0.00657933225 	 5661.03386500583 	 0.48320881162 
0.00657933225 	 5865.96906501720 	 0.49113917669 
0.00657933225 	 6078.32312829723 	 0.49913630960 
0.00657933225 	 6298.36462526327 	 0.50719731430 
0.00657933225 	 6526.37184885573 	 0.51532037286 
0.00657933225 	 6762.63316650331 	 0.52350271083 
0.00657933225 	 7007.44738482975 	 0.53174302311 
0.00657933225 	 7261.12412756334 	 0.54003754878 
0.00657933225 	 7523.98422712716 	 0.54838405145 
0.00657933225 	 7796.36013040524 	 0.55677950205 
0.00657933225 	 8078.59631919787 	 0.56522051214 
0.00657933225 	 8371.04974589791 	 0.57370306802 
0.00657933225 	 8674.09028493891 	 0.58222438675 
0.00657933225 	 8988.10120058618 	 0.59078088391 
0.00657933225 	 9313.47963166233 	 0.59936860398 
0.00657933225 	 9650.63709382046 	 0.60798354039 
0.00657933225 	 10000.00000000000 	 0.61662127551 
