0.03511191734 	 0.00000000000 	 0.00000000036 
0.03511191734 	 0.01000000000 	 0.00000000035 
0.03511191734 	 0.02000000000 	 0.00000000034 
0.03511191734 	 0.03000000000 	 0.00000000033 
0.03511191734 	 0.04000000000 	 0.00000000032 
0.03511191734 	 0.05000000000 	 -0.00000000063 
0.03511191734 	 0.06000000000 	 -0.00000000063 
0.03511191734 	 0.07000000000 	 0.00000000037 
0.03511191734 	 0.08000000000 	 0.00000000037 
0.03511191734 	 0.09000000000 	 0.00000000036 
0.03511191734 	 0.10000000000 	 -0.00000000085 
0.03511191734 	 0.11000000000 	 -0.00000000084 
0.03511191734 	 0.12000000000 	 -0.00000000083 
0.03511191734 	 0.13000000000 	 -0.00000000081 
0.03511191734 	 0.14000000000 	 -0.00000000080 
0.03511191734 	 0.15000000000 	 -0.00000000079 
0.03511191734 	 0.16000000000 	 -0.00000000078 
0.03511191734 	 0.17000000000 	 -0.00000000077 
0.03511191734 	 0.18000000000 	 -0.00000000076 
0.03511191734 	 0.19000000000 	 -0.00000000074 
0.03511191734 	 0.20000000000 	 -0.00000000073 
0.03511191734 	 0.21000000000 	 -0.00000000072 
0.03511191734 	 0.22000000000 	 -0.00000000071 
0.03511191734 	 0.23000000000 	 -0.00000000070 
0.03511191734 	 0.24000000000 	 -0.00000000069 
0.03511191734 	 0.25000000000 	 -0.00000000068 
0.03511191734 	 0.26000000000 	 -0.00000000067 
0.03511191734 	 0.27000000000 	 -0.00000000066 
0.03511191734 	 0.28000000000 	 -0.00000000064 
0.03511191734 	 0.29000000000 	 -0.00000000063 
0.03511191734 	 0.30000000000 	 -0.00000000062 
0.03511191734 	 0.31000000000 	 -0.00000000060 
0.03511191734 	 0.32000000000 	 -0.00000000060 
0.03511191734 	 0.33000000000 	 -0.00000000060 
0.03511191734 	 0.34000000000 	 -0.00000000059 
0.03511191734 	 0.35000000000 	 -0.00000000058 
0.03511191734 	 0.36000000000 	 -0.00000000056 
0.03511191734 	 0.37000000000 	 -0.00000000055 
0.03511191734 	 0.38000000000 	 -0.00000000054 
0.03511191734 	 0.39000000000 	 -0.00000000053 
0.03511191734 	 0.40000000000 	 -0.00000000052 
0.03511191734 	 0.41000000000 	 -0.00000000027 
0.03511191734 	 0.42000000000 	 -0.00000000050 
0.03511191734 	 0.43000000000 	 -0.00000000033 
0.03511191734 	 0.44000000000 	 0.00000000010 
0.03511191734 	 0.45000000000 	 0.00000000010 
0.03511191734 	 0.46000000000 	 0.00000000025 
0.03511191734 	 0.47000000000 	 0.00000000025 
0.03511191734 	 0.48000000000 	 0.00000000026 
0.03511191734 	 0.49000000000 	 0.00000000026 
0.03511191734 	 0.50000000000 	 0.00000000027 
0.03511191734 	 0.51000000000 	 0.00000000027 
0.03511191734 	 0.52000000000 	 0.00000000029 
0.03511191734 	 0.53000000000 	 0.00000000030 
0.03511191734 	 0.54000000000 	 0.00000000031 
0.03511191734 	 0.55000000000 	 0.00000000032 
0.03511191734 	 0.56000000000 	 0.00000000033 
0.03511191734 	 0.57000000000 	 0.00000000034 
0.03511191734 	 0.58000000000 	 0.00000000035 
0.03511191734 	 0.59000000000 	 0.00000000036 
0.03511191734 	 0.60000000000 	 0.00000000022 
0.03511191734 	 0.61000000000 	 0.00000000023 
0.03511191734 	 0.62000000000 	 0.00000000025 
0.03511191734 	 0.63000000000 	 0.00000000027 
0.03511191734 	 0.64000000000 	 0.00000000029 
0.03511191734 	 0.65000000000 	 0.00000000030 
0.03511191734 	 0.66000000000 	 0.00000000033 
0.03511191734 	 0.67000000000 	 0.00000000031 
0.03511191734 	 0.68000000000 	 0.00000000031 
0.03511191734 	 0.69000000000 	 0.00000000059 
0.03511191734 	 0.70000000000 	 0.00000000059 
0.03511191734 	 0.71000000000 	 0.00000000025 
0.03511191734 	 0.72000000000 	 0.00000000024 
0.03511191734 	 0.73000000000 	 0.00000000023 
0.03511191734 	 0.74000000000 	 0.00000000000 
0.03511191734 	 0.75000000000 	 0.00000000035 
0.03511191734 	 0.76000000000 	 0.00000000034 
0.03511191734 	 0.77000000000 	 0.00000000033 
0.03511191734 	 0.78000000000 	 0.00000000033 
0.03511191734 	 0.79000000000 	 0.00000000024 
0.03511191734 	 0.80000000000 	 0.00000000021 
0.03511191734 	 0.81000000000 	 0.00000000021 
0.03511191734 	 0.82000000000 	 0.00000000022 
0.03511191734 	 0.83000000000 	 0.00000000023 
0.03511191734 	 0.84000000000 	 0.00000000024 
0.03511191734 	 0.85000000000 	 0.00000000024 
0.03511191734 	 0.86000000000 	 0.00000000024 
0.03511191734 	 0.87000000000 	 -0.00000000075 
0.03511191734 	 0.88000000000 	 0.00000000025 
0.03511191734 	 0.89000000000 	 0.00000000025 
0.03511191734 	 0.90000000000 	 0.00000000024 
0.03511191734 	 0.91000000000 	 -0.00000000000 
0.03511191734 	 0.92000000000 	 -0.00000000001 
0.03511191734 	 0.93000000000 	 -0.00000000001 
0.03511191734 	 0.94000000000 	 -0.00000000001 
0.03511191734 	 0.95000000000 	 -0.00000000000 
0.03511191734 	 0.96000000000 	 -0.00000000000 
0.03511191734 	 0.97000000000 	 -0.00000000000 
0.03511191734 	 0.98000000000 	 -0.00000000000 
0.03511191734 	 0.99000000000 	 -0.00000000000 
0.03511191734 	 1.00000000000 	 -0.00000000001 
0.03511191734 	 1.03620101997 	 -0.00000000083 
0.03511191734 	 1.07371255379 	 0.00000000004 
0.03511191734 	 1.11258204340 	 0.00000000004 
0.03511191734 	 1.15285864817 	 0.00000000004 
0.03511191734 	 1.19459330712 	 0.00000000005 
0.03511191734 	 1.23783880329 	 -0.00000000072 
0.03511191734 	 1.28264983053 	 0.00000000009 
0.03511191734 	 1.32908306266 	 0.00000000008 
0.03511191734 	 1.37719722516 	 0.00000000124 
0.03511191734 	 1.42705316941 	 0.00000000112 
0.03511191734 	 1.47871394970 	 0.00000000009 
0.03511191734 	 1.53224490292 	 -0.00000000047 
0.03511191734 	 1.58771373126 	 -0.00000000042 
0.03511191734 	 1.64519058775 	 -0.00000000007 
0.03511191734 	 1.70474816508 	 -0.00000000007 
0.03511191734 	 1.76646178745 	 -0.00000000008 
0.03511191734 	 1.83040950590 	 -0.00000000008 
0.03511191734 	 1.89667219698 	 0.00000000038 
0.03511191734 	 1.96533366506 	 -0.00000000079 
0.03511191734 	 2.03648074833 	 0.00000000017 
0.03511191734 	 2.11020342857 	 0.00000000043 
0.03511191734 	 2.18659494503 	 0.00000000040 
0.03511191734 	 2.26575191231 	 0.00000000036 
0.03511191734 	 2.34777444254 	 0.00000000032 
0.03511191734 	 2.43276627202 	 0.00000000029 
0.03511191734 	 2.52083489243 	 0.00000000027 
0.03511191734 	 2.61209168671 	 0.00000000026 
0.03511191734 	 2.70665207003 	 0.00000000040 
0.03511191734 	 2.80463563568 	 0.00000000027 
0.03511191734 	 2.90616630634 	 -0.00000000002 
0.03511191734 	 3.01137249084 	 0.00000000032 
0.03511191734 	 3.12038724653 	 0.00000000035 
0.03511191734 	 3.23334844756 	 0.00000000005 
0.03511191734 	 3.35039895929 	 -0.00000000043 
0.03511191734 	 3.47168681893 	 0.00000000008 
0.03511191734 	 3.59736542280 	 -0.00000000283 
0.03511191734 	 3.72759372031 	 -0.00000000285 
0.03511191734 	 3.86253641503 	 0.00000000004 
0.03511191734 	 4.00236417294 	 0.00000000135 
0.03511191734 	 4.14725383830 	 0.00000000006 
0.03511191734 	 4.29738865733 	 0.00000000071 
0.03511191734 	 4.45295850994 	 0.00000000033 
0.03511191734 	 4.61416014990 	 0.00000000444 
0.03511191734 	 4.78119745364 	 0.00000000396 
0.03511191734 	 4.95428167815 	 -0.00000000056 
0.03511191734 	 5.13363172813 	 -0.00000000101 
0.03511191734 	 5.31947443285 	 -0.00000000230 
0.03511191734 	 5.51204483304 	 -0.00000000550 
0.03511191734 	 5.71158647813 	 -0.00000000602 
0.03511191734 	 5.91835173430 	 0.00000000021 
0.03511191734 	 6.13260210363 	 0.00000000368 
0.03511191734 	 6.35460855487 	 0.00000000088 
0.03511191734 	 6.58465186608 	 -0.00000000046 
0.03511191734 	 6.82302297979 	 -0.00000000073 
0.03511191734 	 7.07002337096 	 -0.00000000053 
0.03511191734 	 7.32596542822 	 -0.00000000040 
0.03511191734 	 7.59117284900 	 -0.00000000053 
0.03511191734 	 7.86598104892 	 0.00000000046 
0.03511191734 	 8.15073758597 	 0.00000000104 
0.03511191734 	 8.44580260011 	 0.00000000041 
0.03511191734 	 8.75154926872 	 -0.00000000137 
0.03511191734 	 9.06836427859 	 -0.00000000128 
0.03511191734 	 9.39664831495 	 0.00000000183 
0.03511191734 	 9.73681656828 	 0.00000000036 
0.03511191734 	 10.08929925933 	 0.00000000155 
0.03511191734 	 10.45454218333 	 -0.00000000213 
0.03511191734 	 10.83300727371 	 -0.00000000693 
0.03511191734 	 11.22517318638 	 0.00000000101 
0.03511191734 	 11.63153590510 	 0.00000000107 
0.03511191734 	 12.05260936871 	 0.00000000486 
0.03511191734 	 12.48892612118 	 0.00000000252 
0.03511191734 	 12.94103798513 	 0.00000000608 
0.03511191734 	 13.40951675969 	 0.00000000110 
0.03511191734 	 13.89495494373 	 -0.00000000266 
0.03511191734 	 14.39796648516 	 -0.00000000001 
0.03511191734 	 14.91918755746 	 0.00000000044 
0.03511191734 	 15.45927736419 	 -0.00000000005 
0.03511191734 	 16.01891897281 	 0.00000000094 
0.03511191734 	 16.59882017849 	 -0.00000000176 
0.03511191734 	 17.19971439928 	 0.00000000427 
0.03511191734 	 17.82236160377 	 0.00000001184 
0.03511191734 	 18.46754927215 	 0.00000001835 
0.03511191734 	 19.13609339219 	 0.00000001515 
0.03511191734 	 19.82883949127 	 0.00000006338 
0.03511191734 	 20.54666370572 	 0.00000005493 
0.03511191734 	 21.29047388890 	 0.00000007228 
0.03511191734 	 22.06121075937 	 0.00000009739 
0.03511191734 	 22.85984909069 	 0.00000013911 
0.03511191734 	 23.68739894419 	 0.00000020205 
0.03511191734 	 24.54490694646 	 0.00000029044 
0.03511191734 	 25.43345761305 	 0.00000038949 
0.03511191734 	 26.35417472006 	 0.00000054708 
0.03511191734 	 27.30822272546 	 0.00000074407 
0.03511191734 	 28.29680824175 	 0.00000101253 
0.03511191734 	 29.32118156207 	 0.00000135795 
0.03511191734 	 30.38263824141 	 0.00000180855 
0.03511191734 	 31.48252073520 	 0.00000237905 
0.03511191734 	 32.62222009712 	 0.00000328246 
0.03511191734 	 33.80317773840 	 0.00000425681 
0.03511191734 	 35.02688725083 	 0.00000550705 
0.03511191734 	 36.29489629577 	 0.00000722615 
0.03511191734 	 37.60880856147 	 0.00000933504 
0.03511191734 	 38.97028579134 	 0.00001207177 
0.03511191734 	 40.38104988560 	 0.00001567077 
0.03511191734 	 41.84288507902 	 0.00002003160 
0.03511191734 	 43.35764019746 	 0.00002585319 
0.03511191734 	 44.92723099621 	 0.00003299843 
0.03511191734 	 46.55364258280 	 0.00004171785 
0.03511191734 	 48.23893192773 	 0.00005250149 
0.03511191734 	 49.98523046589 	 0.00006580658 
0.03511191734 	 51.79474679231 	 0.00008212438 
0.03511191734 	 53.66976945540 	 0.00010218390 
0.03511191734 	 55.61266985137 	 0.00012651574 
0.03511191734 	 57.62590522338 	 0.00015555094 
0.03511191734 	 59.71202176930 	 0.00019025944 
0.03511191734 	 61.87365786196 	 0.00023219769 
0.03511191734 	 64.11354738598 	 0.00028199163 
0.03511191734 	 66.43452319540 	 0.00034062072 
0.03511191734 	 68.83952069645 	 0.00040957315 
0.03511191734 	 71.33158156008 	 0.00049060455 
0.03511191734 	 73.91385756879 	 0.00058486890 
0.03511191734 	 76.58961460288 	 0.00069420300 
0.03511191734 	 79.36223677079 	 0.00082037151 
0.03511191734 	 82.23523068918 	 0.00096584162 
0.03511191734 	 85.21222991780 	 0.00113280572 
0.03511191734 	 88.29699955494 	 0.00132257826 
0.03511191734 	 91.49344099933 	 0.00153778203 
0.03511191734 	 94.80559688429 	 0.00178085675 
0.03511191734 	 98.23765619059 	 0.00205536331 
0.03511191734 	 101.79395954438 	 0.00236223659 
0.03511191734 	 105.47900470692 	 0.00270477637 
0.03511191734 	 109.29745226298 	 0.00308569403 
0.03511191734 	 113.25413151528 	 0.00350761861 
0.03511191734 	 117.35404659222 	 0.00397345686 
0.03511191734 	 121.60238277674 	 0.00448538611 
0.03511191734 	 126.00451306433 	 0.00504639328 
0.03511191734 	 130.56600495838 	 0.00565813470 
0.03511191734 	 135.29262751160 	 0.00632346962 
0.03511191734 	 140.19035862226 	 0.00704463891 
0.03511191734 	 145.26539259468 	 0.00782383328 
0.03511191734 	 150.52414797329 	 0.00866291689 
0.03511191734 	 155.97327566040 	 0.00956342742 
0.03511191734 	 161.61966732774 	 0.01052670449 
0.03511191734 	 167.47046413260 	 0.01155421869 
0.03511191734 	 173.53306574945 	 0.01264700712 
0.03511191734 	 179.81513972851 	 0.01380580538 
0.03511191734 	 186.32463119316 	 0.01503123849 
0.03511191734 	 193.06977288832 	 0.01632376668 
0.03511191734 	 200.05909559272 	 0.01768279236 
0.03511191734 	 207.30143890792 	 0.01910844546 
0.03511191734 	 214.80596243813 	 0.02060019331 
0.03511191734 	 222.58215737454 	 0.02215735807 
0.03511191734 	 230.63985849915 	 0.02377877174 
0.03511191734 	 238.98925662311 	 0.02546347239 
0.03511191734 	 247.64091147530 	 0.02720882203 
0.03511191734 	 256.60576505760 	 0.02901535302 
0.03511191734 	 265.89515548347 	 0.03087955847 
0.03511191734 	 275.52083131769 	 0.03280009803 
0.03511191734 	 285.49496643503 	 0.03477452143 
0.03511191734 	 295.83017541695 	 0.03680079043 
0.03511191734 	 306.53952950565 	 0.03887663064 
0.03511191734 	 317.63657313561 	 0.04099941106 
0.03511191734 	 329.13534106365 	 0.04316797125 
0.03511191734 	 341.05037611911 	 0.04537916584 
0.03511191734 	 353.39674759658 	 0.04763122832 
0.03511191734 	 366.19007031450 	 0.04992107310 
0.03511191734 	 379.44652436364 	 0.05224744150 
0.03511191734 	 393.18287557058 	 0.05460807972 
0.03511191734 	 407.41649670190 	 0.05700133974 
0.03511191734 	 422.16538943608 	 0.05942554403 
0.03511191734 	 437.44820713071 	 0.06187997515 
0.03511191734 	 453.28427841392 	 0.06436329982 
0.03511191734 	 469.69363162995 	 0.06687365151 
0.03511191734 	 486.69702016948 	 0.06941073842 
0.03511191734 	 504.31594871714 	 0.07197405008 
0.03511191734 	 522.57270044903 	 0.07456369251 
0.03511191734 	 541.49036521501 	 0.07717927037 
0.03511191734 	 561.09286874100 	 0.07982034304 
0.03511191734 	 581.40500288865 	 0.08248959261 
0.03511191734 	 602.45245701027 	 0.08518459590 
0.03511191734 	 624.26185043890 	 0.08790713969 
0.03511191734 	 646.86076615463 	 0.09065928028 
0.03511191734 	 670.27778566954 	 0.09344030776 
0.03511191734 	 694.54252517561 	 0.09625104394 
0.03511191734 	 719.68567300115 	 0.09909386486 
0.03511191734 	 745.73902842330 	 0.10197043300 
0.03511191734 	 772.73554188543 	 0.10488035861 
0.03511191734 	 800.70935667059 	 0.10782640493 
0.03511191734 	 829.69585208349 	 0.11080846325 
0.03511191734 	 859.73168819576 	 0.11382799040 
0.03511191734 	 890.85485221102 	 0.11688803607 
0.03511191734 	 923.10470650840 	 0.11998848652 
0.03511191734 	 956.52203842531 	 0.12313130451 
0.03511191734 	 991.14911184236 	 0.12631722189 
0.03511191734 	 1027.02972063577 	 0.12954743741 
0.03511191734 	 1064.20924406472 	 0.13282340428 
0.03511191734 	 1102.73470416390 	 0.13614594024 
0.03511191734 	 1142.65482521357 	 0.13951795659 
0.03511191734 	 1184.02009536266 	 0.14293819413 
0.03511191734 	 1226.88283048257 	 0.14640890036 
0.03511191734 	 1271.29724033264 	 0.14993047109 
0.03511191734 	 1317.31949712075 	 0.15350665404 
0.03511191734 	 1365.00780654601 	 0.15713460101 
0.03511191734 	 1414.42248141323 	 0.16081892977 
0.03511191734 	 1465.62601791225 	 0.16455787756 
0.03511191734 	 1518.68317465873 	 0.16835509989 
0.03511191734 	 1573.66105459626 	 0.17220850009 
0.03511191734 	 1630.62918986345 	 0.17612040585 
0.03511191734 	 1689.65962973324 	 0.18009234941 
0.03511191734 	 1750.82703173573 	 0.18412543771 
0.03511191734 	 1814.20875607977 	 0.18822061017 
0.03511191734 	 1879.88496349267 	 0.19237681161 
0.03511191734 	 1947.93871660183 	 0.19659617711 
0.03511191734 	 2018.45608498650 	 0.20088094061 
0.03511191734 	 2091.52625403246 	 0.20523134759 
0.03511191734 	 2167.24163772744 	 0.20964882854 
0.03511191734 	 2245.69799553977 	 0.21413176907 
0.03511191734 	 2326.99455352823 	 0.21868324987 
0.03511191734 	 2411.23412983612 	 0.22330408165 
0.03511191734 	 2498.52326472839 	 0.22799382831 
0.03511191734 	 2588.97235533627 	 0.23275404635 
0.03511191734 	 2682.69579527972 	 0.23758539546 
0.03511191734 	 2779.81211934445 	 0.24248784780 
0.03511191734 	 2880.44415339630 	 0.24746620400 
0.03511191734 	 2984.71916972271 	 0.25251796469 
0.03511191734 	 3092.76904799777 	 0.25764364753 
0.03511191734 	 3204.73044207429 	 0.26284384234 
0.03511191734 	 3320.74495281390 	 0.26812078872 
0.03511191734 	 3440.95930717388 	 0.27347337429 
0.03511191734 	 3565.52554377701 	 0.27890396798 
0.03511191734 	 3694.60120519930 	 0.28441183099 
0.03511191734 	 3828.34953721869 	 0.28999811187 
0.03511191734 	 3966.93969527677 	 0.29566271823 
0.03511191734 	 4110.54695841470 	 0.30141044417 
0.03511191734 	 4259.35295095366 	 0.30723527748 
0.03511191734 	 4413.54587220053 	 0.31314170376 
0.03511191734 	 4573.32073446906 	 0.31912815301 
0.03511191734 	 4738.87960971766 	 0.32519593136 
0.03511191734 	 4910.43188511573 	 0.33134491086 
0.03511191734 	 5088.19452786179 	 0.33757541674 
0.03511191734 	 5272.39235958825 	 0.34388757730 
0.03511191734 	 5463.25834069991 	 0.35028363899 
0.03511191734 	 5661.03386500583 	 0.35675954412 
0.03511191734 	 5865.96906501720 	 0.36332169209 
0.03511191734 	 6078.32312829723 	 0.36996428916 
0.03511191734 	 6298.36462526327 	 0.37668752471 
0.03511191734 	 6526.37184885573 	 0.38349202580 
0.03511191734 	 6762.63316650331 	 0.39037982620 
0.03511191734 	 7007.44738482975 	 0.39734762932 
0.03511191734 	 7261.12412756334 	 0.40439472168 
0.03511191734 	 7523.98422712716 	 0.41152469049 
0.03511191734 	 7796.36013040524 	 0.41873503206 
0.03511191734 	 8078.59631919787 	 0.42602355040 
0.03511191734 	 8371.04974589791 	 0.43338900353 
0.03511191734 	 8674.09028493891 	 0.44083100445 
0.03511191734 	 8988.10120058618 	 0.44834712782 
0.03511191734 	 9313.47963166233 	 0.45594013205 
0.03511191734 	 9650.63709382046 	 0.46360612470 
0.03511191734 	 10000.00000000000 	 0.47134629317 
