0.00327454916 	 0.00000000000 	 0.00000000000 
0.00327454916 	 0.01000000000 	 0.00000000000 
0.00327454916 	 0.02000000000 	 0.00000000000 
0.00327454916 	 0.03000000000 	 0.00000000000 
0.00327454916 	 0.04000000000 	 0.00000000000 
0.00327454916 	 0.05000000000 	 0.00000000000 
0.00327454916 	 0.06000000000 	 0.00000000000 
0.00327454916 	 0.07000000000 	 0.00000000000 
0.00327454916 	 0.08000000000 	 0.00000000000 
0.00327454916 	 0.09000000000 	 0.00000000000 
0.00327454916 	 0.10000000000 	 0.00000000000 
0.00327454916 	 0.11000000000 	 0.00000000000 
0.00327454916 	 0.12000000000 	 0.00000000000 
0.00327454916 	 0.13000000000 	 0.00000000000 
0.00327454916 	 0.14000000000 	 0.00000000000 
0.00327454916 	 0.15000000000 	 0.00000000000 
0.00327454916 	 0.16000000000 	 0.00000000000 
0.00327454916 	 0.17000000000 	 0.00000000000 
0.00327454916 	 0.18000000000 	 0.00000000000 
0.00327454916 	 0.19000000000 	 0.00000000000 
0.00327454916 	 0.20000000000 	 0.00000000000 
0.00327454916 	 0.21000000000 	 0.00000000000 
0.00327454916 	 0.22000000000 	 0.00000000000 
0.00327454916 	 0.23000000000 	 0.00000000000 
0.00327454916 	 0.24000000000 	 -0.00000000145 
0.00327454916 	 0.25000000000 	 -0.00000000146 
0.00327454916 	 0.26000000000 	 -0.00000000146 
0.00327454916 	 0.27000000000 	 -0.00000000147 
0.00327454916 	 0.28000000000 	 -0.00000000067 
0.00327454916 	 0.29000000000 	 -0.00000000069 
0.00327454916 	 0.30000000000 	 -0.00000000070 
0.00327454916 	 0.31000000000 	 -0.00000000072 
0.00327454916 	 0.32000000000 	 -0.00000000106 
0.00327454916 	 0.33000000000 	 -0.00000000131 
0.00327454916 	 0.34000000000 	 0.00000000025 
0.00327454916 	 0.35000000000 	 0.00000000016 
0.00327454916 	 0.36000000000 	 0.00000000008 
0.00327454916 	 0.37000000000 	 -0.00000000000 
0.00327454916 	 0.38000000000 	 -0.00000000009 
0.00327454916 	 0.39000000000 	 -0.00000000017 
0.00327454916 	 0.40000000000 	 -0.00000000024 
0.00327454916 	 0.41000000000 	 -0.00000000030 
0.00327454916 	 0.42000000000 	 -0.00000000037 
0.00327454916 	 0.43000000000 	 -0.00000000043 
0.00327454916 	 0.44000000000 	 -0.00000000049 
0.00327454916 	 0.45000000000 	 -0.00000000054 
0.00327454916 	 0.46000000000 	 -0.00000000059 
0.00327454916 	 0.47000000000 	 -0.00000000065 
0.00327454916 	 0.48000000000 	 -0.00000000070 
0.00327454916 	 0.49000000000 	 -0.00000000075 
0.00327454916 	 0.50000000000 	 -0.00000000080 
0.00327454916 	 0.51000000000 	 -0.00000000085 
0.00327454916 	 0.52000000000 	 -0.00000000089 
0.00327454916 	 0.53000000000 	 -0.00000000149 
0.00327454916 	 0.54000000000 	 -0.00000000147 
0.00327454916 	 0.55000000000 	 -0.00000000145 
0.00327454916 	 0.56000000000 	 -0.00000000143 
0.00327454916 	 0.57000000000 	 -0.00000000142 
0.00327454916 	 0.58000000000 	 -0.00000000140 
0.00327454916 	 0.59000000000 	 -0.00000000138 
0.00327454916 	 0.60000000000 	 -0.00000000137 
0.00327454916 	 0.61000000000 	 -0.00000000092 
0.00327454916 	 0.62000000000 	 -0.00000000092 
0.00327454916 	 0.63000000000 	 -0.00000000093 
0.00327454916 	 0.64000000000 	 -0.00000000094 
0.00327454916 	 0.65000000000 	 -0.00000000094 
0.00327454916 	 0.66000000000 	 -0.00000000095 
0.00327454916 	 0.67000000000 	 -0.00000000096 
0.00327454916 	 0.68000000000 	 -0.00000000097 
0.00327454916 	 0.69000000000 	 -0.00000000097 
0.00327454916 	 0.70000000000 	 -0.00000000098 
0.00327454916 	 0.71000000000 	 -0.00000000099 
0.00327454916 	 0.72000000000 	 -0.00000000168 
0.00327454916 	 0.73000000000 	 -0.00000000171 
0.00327454916 	 0.74000000000 	 -0.00000000175 
0.00327454916 	 0.75000000000 	 -0.00000000179 
0.00327454916 	 0.76000000000 	 -0.00000000182 
0.00327454916 	 0.77000000000 	 -0.00000000186 
0.00327454916 	 0.78000000000 	 -0.00000000190 
0.00327454916 	 0.79000000000 	 -0.00000000193 
0.00327454916 	 0.80000000000 	 -0.00000000196 
0.00327454916 	 0.81000000000 	 -0.00000000199 
0.00327454916 	 0.82000000000 	 -0.00000000202 
0.00327454916 	 0.83000000000 	 -0.00000000206 
0.00327454916 	 0.84000000000 	 -0.00000000208 
0.00327454916 	 0.85000000000 	 -0.00000000211 
0.00327454916 	 0.86000000000 	 -0.00000000214 
0.00327454916 	 0.87000000000 	 -0.00000000216 
0.00327454916 	 0.88000000000 	 0.00000000008 
0.00327454916 	 0.89000000000 	 0.00000000007 
0.00327454916 	 0.90000000000 	 -0.00000000074 
0.00327454916 	 0.91000000000 	 -0.00000000075 
0.00327454916 	 0.92000000000 	 -0.00000000076 
0.00327454916 	 0.93000000000 	 -0.00000000077 
0.00327454916 	 0.94000000000 	 -0.00000000078 
0.00327454916 	 0.95000000000 	 -0.00000000079 
0.00327454916 	 0.96000000000 	 -0.00000000080 
0.00327454916 	 0.97000000000 	 -0.00000000081 
0.00327454916 	 0.98000000000 	 -0.00000000082 
0.00327454916 	 0.99000000000 	 -0.00000000085 
0.00327454916 	 1.00000000000 	 -0.00000000092 
0.00327454916 	 1.03620101997 	 -0.00000000110 
0.00327454916 	 1.07371255379 	 -0.00000000118 
0.00327454916 	 1.11258204340 	 -0.00000000132 
0.00327454916 	 1.15285864817 	 -0.00000000156 
0.00327454916 	 1.19459330712 	 -0.00000000167 
0.00327454916 	 1.23783880329 	 -0.00000000181 
0.00327454916 	 1.28264983053 	 -0.00000000189 
0.00327454916 	 1.32908306266 	 -0.00000000194 
0.00327454916 	 1.37719722516 	 -0.00000000199 
0.00327454916 	 1.42705316941 	 -0.00000000204 
0.00327454916 	 1.47871394970 	 -0.00000000212 
0.00327454916 	 1.53224490292 	 -0.00000000220 
0.00327454916 	 1.58771373126 	 -0.00000000232 
0.00327454916 	 1.64519058775 	 -0.00000000119 
0.00327454916 	 1.70474816508 	 -0.00000000123 
0.00327454916 	 1.76646178745 	 -0.00000000133 
0.00327454916 	 1.83040950590 	 -0.00000000139 
0.00327454916 	 1.89667219698 	 0.00000000267 
0.00327454916 	 1.96533366506 	 0.00000000296 
0.00327454916 	 2.03648074833 	 0.00000000093 
0.00327454916 	 2.11020342857 	 -0.00000000082 
0.00327454916 	 2.18659494503 	 -0.00000000069 
0.00327454916 	 2.26575191231 	 0.00000000002 
0.00327454916 	 2.34777444254 	 0.00000000002 
0.00327454916 	 2.43276627202 	 0.00000000002 
0.00327454916 	 2.52083489243 	 0.00000000003 
0.00327454916 	 2.61209168671 	 0.00000000003 
0.00327454916 	 2.70665207003 	 0.00000000003 
0.00327454916 	 2.80463563568 	 0.00000000002 
0.00327454916 	 2.90616630634 	 0.00000000001 
0.00327454916 	 3.01137249084 	 0.00000000001 
0.00327454916 	 3.12038724653 	 0.00000000003 
0.00327454916 	 3.23334844756 	 0.00000000002 
0.00327454916 	 3.35039895929 	 -0.00000000050 
0.00327454916 	 3.47168681893 	 -0.00000000023 
0.00327454916 	 3.59736542280 	 0.00000000002 
0.00327454916 	 3.72759372031 	 0.00000000042 
0.00327454916 	 3.86253641503 	 -0.00000000028 
0.00327454916 	 4.00236417294 	 -0.00000000034 
0.00327454916 	 4.14725383830 	 -0.00000000039 
0.00327454916 	 4.29738865733 	 -0.00000000044 
0.00327454916 	 4.45295850994 	 -0.00000000037 
0.00327454916 	 4.61416014990 	 -0.00000000037 
0.00327454916 	 4.78119745364 	 -0.00000000034 
0.00327454916 	 4.95428167815 	 0.00000000281 
0.00327454916 	 5.13363172813 	 -0.00000000198 
0.00327454916 	 5.31947443285 	 -0.00000000254 
0.00327454916 	 5.51204483304 	 -0.00000000224 
0.00327454916 	 5.71158647813 	 -0.00000000218 
0.00327454916 	 5.91835173430 	 -0.00000000215 
0.00327454916 	 6.13260210363 	 -0.00000000141 
0.00327454916 	 6.35460855487 	 -0.00000000120 
0.00327454916 	 6.58465186608 	 -0.00000000097 
0.00327454916 	 6.82302297979 	 -0.00000000081 
0.00327454916 	 7.07002337096 	 -0.00000000068 
0.00327454916 	 7.32596542822 	 0.00000000183 
0.00327454916 	 7.59117284900 	 0.00000000273 
0.00327454916 	 7.86598104892 	 0.00000000077 
0.00327454916 	 8.15073758597 	 0.00000000001 
0.00327454916 	 8.44580260011 	 0.00000000001 
0.00327454916 	 8.75154926872 	 0.00000000001 
0.00327454916 	 9.06836427859 	 0.00000000001 
0.00327454916 	 9.39664831495 	 0.00000000002 
0.00327454916 	 9.73681656828 	 -0.00000000207 
0.00327454916 	 10.08929925933 	 -0.00000000216 
0.00327454916 	 10.45454218333 	 -0.00000000235 
0.00327454916 	 10.83300727371 	 -0.00000000276 
0.00327454916 	 11.22517318638 	 0.00000000124 
0.00327454916 	 11.63153590510 	 0.00000000149 
0.00327454916 	 12.05260936871 	 0.00000000194 
0.00327454916 	 12.48892612118 	 0.00000000343 
0.00327454916 	 12.94103798513 	 0.00000000101 
0.00327454916 	 13.40951675969 	 0.00000000224 
0.00327454916 	 13.89495494373 	 0.00000000372 
0.00327454916 	 14.39796648516 	 0.00000000184 
0.00327454916 	 14.91918755746 	 0.00000000174 
0.00327454916 	 15.45927736419 	 0.00000000057 
0.00327454916 	 16.01891897281 	 0.00000000014 
0.00327454916 	 16.59882017849 	 0.00000000043 
0.00327454916 	 17.19971439928 	 0.00000000081 
0.00327454916 	 17.82236160377 	 -0.00000000124 
0.00327454916 	 18.46754927215 	 -0.00000000086 
0.00327454916 	 19.13609339219 	 -0.00000000388 
0.00327454916 	 19.82883949127 	 0.00000000183 
0.00327454916 	 20.54666370572 	 0.00000000013 
0.00327454916 	 21.29047388890 	 0.00000000013 
0.00327454916 	 22.06121075937 	 0.00000000015 
0.00327454916 	 22.85984909069 	 -0.00000000381 
0.00327454916 	 23.68739894419 	 0.00000000002 
0.00327454916 	 24.54490694646 	 0.00000000076 
0.00327454916 	 25.43345761305 	 -0.00000000002 
0.00327454916 	 26.35417472006 	 0.00000000145 
0.00327454916 	 27.30822272546 	 0.00000000097 
0.00327454916 	 28.29680824175 	 -0.00000000262 
0.00327454916 	 29.32118156207 	 -0.00000000343 
0.00327454916 	 30.38263824141 	 -0.00000000593 
0.00327454916 	 31.48252073520 	 -0.00000000561 
0.00327454916 	 32.62222009712 	 -0.00000000031 
0.00327454916 	 33.80317773840 	 -0.00000000589 
0.00327454916 	 35.02688725083 	 -0.00000000136 
0.00327454916 	 36.29489629577 	 -0.00000000520 
0.00327454916 	 37.60880856147 	 -0.00000000472 
0.00327454916 	 38.97028579134 	 -0.00000000332 
0.00327454916 	 40.38104988560 	 -0.00000000040 
0.00327454916 	 41.84288507902 	 -0.00000000214 
0.00327454916 	 43.35764019746 	 -0.00000000168 
0.00327454916 	 44.92723099621 	 -0.00000000423 
0.00327454916 	 46.55364258280 	 -0.00000000182 
0.00327454916 	 48.23893192773 	 -0.00000000077 
0.00327454916 	 49.98523046589 	 -0.00000000396 
0.00327454916 	 51.79474679231 	 -0.00000000194 
0.00327454916 	 53.66976945540 	 0.00000000558 
0.00327454916 	 55.61266985137 	 -0.00000000124 
0.00327454916 	 57.62590522338 	 0.00000000178 
0.00327454916 	 59.71202176930 	 0.00000000728 
0.00327454916 	 61.87365786196 	 0.00000000685 
0.00327454916 	 64.11354738598 	 0.00000000574 
0.00327454916 	 66.43452319540 	 0.00000000697 
0.00327454916 	 68.83952069645 	 0.00000000637 
0.00327454916 	 71.33158156008 	 0.00000000945 
0.00327454916 	 73.91385756879 	 -0.00000000190 
0.00327454916 	 76.58961460288 	 -0.00000001451 
0.00327454916 	 79.36223677079 	 0.00000000197 
0.00327454916 	 82.23523068918 	 0.00000000141 
0.00327454916 	 85.21222991780 	 -0.00000001007 
0.00327454916 	 88.29699955494 	 0.00000000140 
0.00327454916 	 91.49344099933 	 0.00000003344 
0.00327454916 	 94.80559688429 	 0.00000000118 
0.00327454916 	 98.23765619059 	 -0.00000002024 
0.00327454916 	 101.79395954438 	 -0.00000000021 
0.00327454916 	 105.47900470692 	 -0.00000000576 
0.00327454916 	 109.29745226298 	 -0.00000001066 
0.00327454916 	 113.25413151528 	 0.00000000738 
0.00327454916 	 117.35404659222 	 -0.00000001770 
0.00327454916 	 121.60238277674 	 -0.00000000618 
0.00327454916 	 126.00451306433 	 0.00000001798 
0.00327454916 	 130.56600495838 	 0.00000001460 
0.00327454916 	 135.29262751160 	 0.00000002485 
0.00327454916 	 140.19035862226 	 0.00000000071 
0.00327454916 	 145.26539259468 	 -0.00000001396 
0.00327454916 	 150.52414797329 	 0.00000001934 
0.00327454916 	 155.97327566040 	 0.00000002498 
0.00327454916 	 161.61966732774 	 0.00000000863 
0.00327454916 	 167.47046413260 	 0.00000003631 
0.00327454916 	 173.53306574945 	 0.00000004143 
0.00327454916 	 179.81513972851 	 0.00000001932 
0.00327454916 	 186.32463119316 	 -0.00000002468 
0.00327454916 	 193.06977288832 	 -0.00000001881 
0.00327454916 	 200.05909559272 	 -0.00000001085 
0.00327454916 	 207.30143890792 	 0.00000000652 
0.00327454916 	 214.80596243813 	 -0.00000003170 
0.00327454916 	 222.58215737454 	 -0.00000009323 
0.00327454916 	 230.63985849915 	 -0.00000003929 
0.00327454916 	 238.98925662311 	 -0.00000004616 
0.00327454916 	 247.64091147530 	 -0.00000000246 
0.00327454916 	 256.60576505760 	 0.00000001310 
0.00327454916 	 265.89515548347 	 0.00000004494 
0.00327454916 	 275.52083131769 	 0.00000003683 
0.00327454916 	 285.49496643503 	 0.00000000857 
0.00327454916 	 295.83017541695 	 -0.00000009835 
0.00327454916 	 306.53952950565 	 -0.00000002699 
0.00327454916 	 317.63657313561 	 -0.00000010017 
0.00327454916 	 329.13534106365 	 0.00000005613 
0.00327454916 	 341.05037611911 	 0.00000016282 
0.00327454916 	 353.39674759658 	 0.00000014473 
0.00327454916 	 366.19007031450 	 0.00000019896 
0.00327454916 	 379.44652436364 	 0.00000041977 
0.00327454916 	 393.18287557058 	 0.00000079157 
0.00327454916 	 407.41649670190 	 0.00000117495 
0.00327454916 	 422.16538943608 	 0.00000170053 
0.00327454916 	 437.44820713071 	 0.00000244441 
0.00327454916 	 453.28427841392 	 0.00000341044 
0.00327454916 	 469.69363162995 	 0.00000482829 
0.00327454916 	 486.69702016948 	 0.00000680724 
0.00327454916 	 504.31594871714 	 0.00000941897 
0.00327454916 	 522.57270044903 	 0.00001289323 
0.00327454916 	 541.49036521501 	 0.00001743916 
0.00327454916 	 561.09286874100 	 0.00002337347 
0.00327454916 	 581.40500288865 	 0.00003124431 
0.00327454916 	 602.45245701027 	 0.00004141342 
0.00327454916 	 624.26185043890 	 0.00005423929 
0.00327454916 	 646.86076615463 	 0.00007035739 
0.00327454916 	 670.27778566954 	 0.00009084638 
0.00327454916 	 694.54252517561 	 0.00011642032 
0.00327454916 	 719.68567300115 	 0.00014778649 
0.00327454916 	 745.73902842330 	 0.00018644337 
0.00327454916 	 772.73554188543 	 0.00023365409 
0.00327454916 	 800.70935667059 	 0.00029061575 
0.00327454916 	 829.69585208349 	 0.00035909349 
0.00327454916 	 859.73168819576 	 0.00044078234 
0.00327454916 	 890.85485221102 	 0.00053775391 
0.00327454916 	 923.10470650840 	 0.00065218291 
0.00327454916 	 956.52203842531 	 0.00078613735 
0.00327454916 	 991.14911184236 	 0.00094194986 
0.00327454916 	 1027.02972063577 	 0.00112247095 
0.00327454916 	 1064.20924406472 	 0.00133024852 
0.00327454916 	 1102.73470416390 	 0.00156783458 
0.00327454916 	 1142.65482521357 	 0.00183827194 
0.00327454916 	 1184.02009536266 	 0.00214451581 
0.00327454916 	 1226.88283048257 	 0.00248946885 
0.00327454916 	 1271.29724033264 	 0.00287651114 
0.00327454916 	 1317.31949712075 	 0.00330812521 
0.00327454916 	 1365.00780654601 	 0.00378752815 
0.00327454916 	 1414.42248141323 	 0.00431760561 
0.00327454916 	 1465.62601791225 	 0.00490083646 
0.00327454916 	 1518.68317465873 	 0.00554006461 
0.00327454916 	 1573.66105459626 	 0.00623790426 
0.00327454916 	 1630.62918986345 	 0.00699665476 
0.00327454916 	 1689.65962973324 	 0.00781823035 
0.00327454916 	 1750.82703173573 	 0.00870447368 
0.00327454916 	 1814.20875607977 	 0.00965709373 
0.00327454916 	 1879.88496349267 	 0.01067743602 
0.00327454916 	 1947.93871660183 	 0.01176657068 
0.00327454916 	 2018.45608498650 	 0.01292546848 
0.00327454916 	 2091.52625403246 	 0.01415450115 
0.00327454916 	 2167.24163772744 	 0.01545370875 
0.00327454916 	 2245.69799553977 	 0.01682308830 
0.00327454916 	 2326.99455352823 	 0.01826223084 
0.00327454916 	 2411.23412983612 	 0.01977062250 
0.00327454916 	 2498.52326472839 	 0.02134691282 
0.00327454916 	 2588.97235533627 	 0.02299033352 
0.00327454916 	 2682.69579527972 	 0.02469869834 
0.00327454916 	 2779.81211934445 	 0.02647140722 
0.00327454916 	 2880.44415339630 	 0.02830556641 
0.00327454916 	 2984.71916972271 	 0.03019955316 
0.00327454916 	 3092.76904799777 	 0.03215085116 
0.00327454916 	 3204.73044207429 	 0.03415725220 
0.00327454916 	 3320.74495281390 	 0.03621633127 
0.00327454916 	 3440.95930717388 	 0.03832534352 
0.00327454916 	 3565.52554377701 	 0.04048256541 
0.00327454916 	 3694.60120519930 	 0.04268503816 
0.00327454916 	 3828.34953721869 	 0.04493055495 
0.00327454916 	 3966.93969527677 	 0.04721598860 
0.00327454916 	 4110.54695841470 	 0.04953973628 
0.00327454916 	 4259.35295095366 	 0.05189953789 
0.00327454916 	 4413.54587220053 	 0.05429340936 
0.00327454916 	 4573.32073446906 	 0.05671969775 
0.00327454916 	 4738.87960971766 	 0.05917719081 
0.00327454916 	 4910.43188511573 	 0.06166457730 
0.00327454916 	 5088.19452786179 	 0.06417996090 
0.00327454916 	 5272.39235958825 	 0.06672289480 
0.00327454916 	 5463.25834069991 	 0.06929252316 
0.00327454916 	 5661.03386500583 	 0.07188939397 
0.00327454916 	 5865.96906501720 	 0.07451281208 
0.00327454916 	 6078.32312829723 	 0.07716238864 
0.00327454916 	 6298.36462526327 	 0.07983985136 
0.00327454916 	 6526.37184885573 	 0.08254398729 
0.00327454916 	 6762.63316650331 	 0.08527534831 
0.00327454916 	 7007.44738482975 	 0.08803803109 
0.00327454916 	 7261.12412756334 	 0.09082927867 
0.00327454916 	 7523.98422712716 	 0.09365100765 
0.00327454916 	 7796.36013040524 	 0.09650464613 
0.00327454916 	 8078.59631919787 	 0.09939338057 
0.00327454916 	 8371.04974589791 	 0.10231461442 
0.00327454916 	 8674.09028493891 	 0.10527376787 
0.00327454916 	 8988.10120058618 	 0.10826828091 
0.00327454916 	 9313.47963166233 	 0.11130249413 
0.00327454916 	 9650.63709382046 	 0.11437682461 
0.00327454916 	 10000.00000000000 	 0.11749247802 
