0.01000000000 	 0.00000000000 	 0.00000261576 
0.01000000000 	 0.01000000000 	 0.00000263504 
0.01000000000 	 0.02000000000 	 0.00000265438 
0.01000000000 	 0.03000000000 	 0.00000267380 
0.01000000000 	 0.04000000000 	 0.00000269319 
0.01000000000 	 0.05000000000 	 0.00000271260 
0.01000000000 	 0.06000000000 	 0.00000273205 
0.01000000000 	 0.07000000000 	 0.00000275154 
0.01000000000 	 0.08000000000 	 0.00000277106 
0.01000000000 	 0.09000000000 	 0.00000279063 
0.01000000000 	 0.10000000000 	 0.00000281027 
0.01000000000 	 0.11000000000 	 0.00000282996 
0.01000000000 	 0.12000000000 	 0.00000284972 
0.01000000000 	 0.13000000000 	 0.00000286953 
0.01000000000 	 0.14000000000 	 0.00000288940 
0.01000000000 	 0.15000000000 	 0.00000290934 
0.01000000000 	 0.16000000000 	 0.00000292935 
0.01000000000 	 0.17000000000 	 0.00000294943 
0.01000000000 	 0.18000000000 	 0.00000296959 
0.01000000000 	 0.19000000000 	 0.00000298982 
0.01000000000 	 0.20000000000 	 0.00000301013 
0.01000000000 	 0.21000000000 	 0.00000303053 
0.01000000000 	 0.22000000000 	 0.00000305101 
0.01000000000 	 0.23000000000 	 0.00000307157 
0.01000000000 	 0.24000000000 	 0.00000309223 
0.01000000000 	 0.25000000000 	 0.00000311297 
0.01000000000 	 0.26000000000 	 0.00000313381 
0.01000000000 	 0.27000000000 	 0.00000315474 
0.01000000000 	 0.28000000000 	 0.00000317576 
0.01000000000 	 0.29000000000 	 0.00000320107 
0.01000000000 	 0.30000000000 	 0.00000322202 
0.01000000000 	 0.31000000000 	 0.00000324303 
0.01000000000 	 0.32000000000 	 0.00000326438 
0.01000000000 	 0.33000000000 	 0.00000328567 
0.01000000000 	 0.34000000000 	 0.00000330691 
0.01000000000 	 0.35000000000 	 0.00000332851 
0.01000000000 	 0.36000000000 	 0.00000335021 
0.01000000000 	 0.37000000000 	 0.00000337207 
0.01000000000 	 0.38000000000 	 0.00000339400 
0.01000000000 	 0.39000000000 	 0.00000341602 
0.01000000000 	 0.40000000000 	 0.00000343824 
0.01000000000 	 0.41000000000 	 0.00000345262 
0.01000000000 	 0.42000000000 	 0.00000347664 
0.01000000000 	 0.43000000000 	 0.00000350066 
0.01000000000 	 0.44000000000 	 0.00000352472 
0.01000000000 	 0.45000000000 	 0.00000354884 
0.01000000000 	 0.46000000000 	 0.00000357303 
0.01000000000 	 0.47000000000 	 0.00000359733 
0.01000000000 	 0.48000000000 	 0.00000362172 
0.01000000000 	 0.49000000000 	 0.00000364613 
0.01000000000 	 0.50000000000 	 0.00000367067 
0.01000000000 	 0.51000000000 	 0.00000369527 
0.01000000000 	 0.52000000000 	 0.00000371993 
0.01000000000 	 0.53000000000 	 0.00000374465 
0.01000000000 	 0.54000000000 	 0.00000376946 
0.01000000000 	 0.55000000000 	 0.00000379434 
0.01000000000 	 0.56000000000 	 0.00000381934 
0.01000000000 	 0.57000000000 	 0.00000384441 
0.01000000000 	 0.58000000000 	 0.00000386954 
0.01000000000 	 0.59000000000 	 0.00000389474 
0.01000000000 	 0.60000000000 	 0.00000392002 
0.01000000000 	 0.61000000000 	 0.00000394541 
0.01000000000 	 0.62000000000 	 0.00000397089 
0.01000000000 	 0.63000000000 	 0.00000399647 
0.01000000000 	 0.64000000000 	 0.00000402214 
0.01000000000 	 0.65000000000 	 0.00000404793 
0.01000000000 	 0.66000000000 	 0.00000407382 
0.01000000000 	 0.67000000000 	 0.00000409981 
0.01000000000 	 0.68000000000 	 0.00000412591 
0.01000000000 	 0.69000000000 	 0.00000415211 
0.01000000000 	 0.70000000000 	 0.00000417843 
0.01000000000 	 0.71000000000 	 0.00000420488 
0.01000000000 	 0.72000000000 	 0.00000423144 
0.01000000000 	 0.73000000000 	 0.00000425811 
0.01000000000 	 0.74000000000 	 0.00000428493 
0.01000000000 	 0.75000000000 	 0.00000431187 
0.01000000000 	 0.76000000000 	 0.00000433896 
0.01000000000 	 0.77000000000 	 0.00000436615 
0.01000000000 	 0.78000000000 	 0.00000439349 
0.01000000000 	 0.79000000000 	 0.00000442095 
0.01000000000 	 0.80000000000 	 0.00000444854 
0.01000000000 	 0.81000000000 	 0.00000447623 
0.01000000000 	 0.82000000000 	 0.00000450406 
0.01000000000 	 0.83000000000 	 0.00000453196 
0.01000000000 	 0.84000000000 	 0.00000456651 
0.01000000000 	 0.85000000000 	 0.00000459502 
0.01000000000 	 0.86000000000 	 0.00000462366 
0.01000000000 	 0.87000000000 	 0.00000465244 
0.01000000000 	 0.88000000000 	 0.00000468135 
0.01000000000 	 0.89000000000 	 0.00000471040 
0.01000000000 	 0.90000000000 	 0.00000473959 
0.01000000000 	 0.91000000000 	 0.00000476892 
0.01000000000 	 0.92000000000 	 0.00000479840 
0.01000000000 	 0.93000000000 	 0.00000482802 
0.01000000000 	 0.94000000000 	 0.00000485778 
0.01000000000 	 0.95000000000 	 0.00000488769 
0.01000000000 	 0.96000000000 	 0.00000491775 
0.01000000000 	 0.97000000000 	 0.00000494095 
0.01000000000 	 0.98000000000 	 0.00000497281 
0.01000000000 	 0.99000000000 	 0.00000500477 
0.01000000000 	 1.00000000000 	 0.00000503683 
0.01000000000 	 1.03620101997 	 0.00000515378 
0.01000000000 	 1.07371255379 	 0.00000527641 
0.01000000000 	 1.11258204340 	 0.00000540503 
0.01000000000 	 1.15285864817 	 0.00000554029 
0.01000000000 	 1.19459330712 	 0.00000568303 
0.01000000000 	 1.23783880329 	 0.00000583289 
0.01000000000 	 1.28264983053 	 0.00000599044 
0.01000000000 	 1.32908306266 	 0.00000615761 
0.01000000000 	 1.37719722516 	 0.00000633442 
0.01000000000 	 1.42705316941 	 0.00000652167 
0.01000000000 	 1.47871394970 	 0.00000672015 
0.01000000000 	 1.53224490292 	 0.00000693076 
0.01000000000 	 1.58771373126 	 0.00000715406 
0.01000000000 	 1.64519058775 	 0.00000739353 
0.01000000000 	 1.70474816508 	 0.00000764751 
0.01000000000 	 1.76646178745 	 0.00000791679 
0.01000000000 	 1.83040950590 	 0.00000820384 
0.01000000000 	 1.89667219698 	 0.00000850747 
0.01000000000 	 1.96533366506 	 0.00000883940 
0.01000000000 	 2.03648074833 	 0.00000919179 
0.01000000000 	 2.11020342857 	 0.00000956641 
0.01000000000 	 2.18659494503 	 0.00000996532 
0.01000000000 	 2.26575191231 	 0.00001038395 
0.01000000000 	 2.34777444254 	 0.00001085355 
0.01000000000 	 2.43276627202 	 0.00001135294 
0.01000000000 	 2.52083489243 	 0.00001188557 
0.01000000000 	 2.61209168671 	 0.00001245567 
0.01000000000 	 2.70665207003 	 0.00001306725 
0.01000000000 	 2.80463563568 	 0.00001372583 
0.01000000000 	 2.90616630634 	 0.00001444947 
0.01000000000 	 3.01137249084 	 0.00001522392 
0.01000000000 	 3.12038724653 	 0.00001605640 
0.01000000000 	 3.23334844756 	 0.00001695417 
0.01000000000 	 3.35039895929 	 0.00001792481 
0.01000000000 	 3.47168681893 	 0.00001899084 
0.01000000000 	 3.59736542280 	 0.00002013950 
0.01000000000 	 3.72759372031 	 0.00002138144 
0.01000000000 	 3.86253641503 	 0.00002272780 
0.01000000000 	 4.00236417294 	 0.00002419002 
0.01000000000 	 4.14725383830 	 0.00002579143 
0.01000000000 	 4.29738865733 	 0.00002752963 
0.01000000000 	 4.45295850994 	 0.00002942150 
0.01000000000 	 4.61416014990 	 0.00003148998 
0.01000000000 	 4.78119745364 	 0.00003375270 
0.01000000000 	 4.95428167815 	 0.00003621917 
0.01000000000 	 5.13363172813 	 0.00003892322 
0.01000000000 	 5.31947443285 	 0.00004188568 
0.01000000000 	 5.51204483304 	 0.00004512673 
0.01000000000 	 5.71158647813 	 0.00004868833 
0.01000000000 	 5.91835173430 	 0.00005260348 
0.01000000000 	 6.13260210363 	 0.00005689338 
0.01000000000 	 6.35460855487 	 0.00006163139 
0.01000000000 	 6.58465186608 	 0.00006683075 
0.01000000000 	 6.82302297979 	 0.00007257669 
0.01000000000 	 7.07002337096 	 0.00007889940 
0.01000000000 	 7.32596542822 	 0.00008585269 
0.01000000000 	 7.59117284900 	 0.00009356321 
0.01000000000 	 7.86598104892 	 0.00010204490 
0.01000000000 	 8.15073758597 	 0.00011143436 
0.01000000000 	 8.44580260011 	 0.00012180280 
0.01000000000 	 8.75154926872 	 0.00013325197 
0.01000000000 	 9.06836427859 	 0.00014597624 
0.01000000000 	 9.39664831495 	 0.00016003945 
0.01000000000 	 9.73681656828 	 0.00017554715 
0.01000000000 	 10.08929925933 	 0.00019283540 
0.01000000000 	 10.45454218333 	 0.00021189642 
0.01000000000 	 10.83300727371 	 0.00023305594 
0.01000000000 	 11.22517318638 	 0.00025641223 
0.01000000000 	 11.63153590510 	 0.00028240964 
0.01000000000 	 12.05260936871 	 0.00031102572 
0.01000000000 	 12.48892612118 	 0.00034296843 
0.01000000000 	 12.94103798513 	 0.00037817396 
0.01000000000 	 13.40951675969 	 0.00041733008 
0.01000000000 	 13.89495494373 	 0.00046052411 
0.01000000000 	 14.39796648516 	 0.00050836107 
0.01000000000 	 14.91918755746 	 0.00056126728 
0.01000000000 	 15.45927736419 	 0.00061986445 
0.01000000000 	 16.01891897281 	 0.00068456114 
0.01000000000 	 16.59882017849 	 0.00075590387 
0.01000000000 	 17.19971439928 	 0.00083488883 
0.01000000000 	 17.82236160377 	 0.00092198353 
0.01000000000 	 18.46754927215 	 0.00101793290 
0.01000000000 	 19.13609339219 	 0.00112356880 
0.01000000000 	 19.82883949127 	 0.00123962430 
0.01000000000 	 20.54666370572 	 0.00136744455 
0.01000000000 	 21.29047388890 	 0.00150765536 
0.01000000000 	 22.06121075937 	 0.00166150315 
0.01000000000 	 22.85984909069 	 0.00183006989 
0.01000000000 	 23.68739894419 	 0.00201471801 
0.01000000000 	 24.54490694646 	 0.00221614546 
0.01000000000 	 25.43345761305 	 0.00243675707 
0.01000000000 	 26.35417472006 	 0.00267689399 
0.01000000000 	 27.30822272546 	 0.00293830244 
0.01000000000 	 28.29680824175 	 0.00322254437 
0.01000000000 	 29.32118156207 	 0.00353106627 
0.01000000000 	 30.38263824141 	 0.00386550557 
0.01000000000 	 31.48252073520 	 0.00422741090 
0.01000000000 	 32.62222009712 	 0.00461853702 
0.01000000000 	 33.80317773840 	 0.00504063721 
0.01000000000 	 35.02688725083 	 0.00549509372 
0.01000000000 	 36.29489629577 	 0.00598407357 
0.01000000000 	 37.60880856147 	 0.00650920649 
0.01000000000 	 38.97028579134 	 0.00707181186 
0.01000000000 	 40.38104988560 	 0.00767377159 
0.01000000000 	 41.84288507902 	 0.00831666457 
0.01000000000 	 43.35764019746 	 0.00900209223 
0.01000000000 	 44.92723099621 	 0.00973152568 
0.01000000000 	 46.55364258280 	 0.01050663449 
0.01000000000 	 48.23893192773 	 0.01132865139 
0.01000000000 	 49.98523046589 	 0.01219875919 
0.01000000000 	 51.79474679231 	 0.01311823206 
0.01000000000 	 53.66976945540 	 0.01408809293 
0.01000000000 	 55.61266985137 	 0.01510915465 
0.01000000000 	 57.62590522338 	 0.01618270296 
0.01000000000 	 59.71202176930 	 0.01730860713 
0.01000000000 	 61.87365786196 	 0.01848848179 
0.01000000000 	 64.11354738598 	 0.01972159214 
0.01000000000 	 66.43452319540 	 0.02100852705 
0.01000000000 	 68.83952069645 	 0.02234919919 
0.01000000000 	 71.33158156008 	 0.02374387641 
0.01000000000 	 73.91385756879 	 0.02519191561 
0.01000000000 	 76.58961460288 	 0.02669294633 
0.01000000000 	 79.36223677079 	 0.02824624404 
0.01000000000 	 82.23523068918 	 0.02985116287 
0.01000000000 	 85.21222991780 	 0.03150675570 
0.01000000000 	 88.29699955494 	 0.03321212138 
0.01000000000 	 91.49344099933 	 0.03496611572 
0.01000000000 	 94.80559688429 	 0.03676733319 
0.01000000000 	 98.23765619059 	 0.03861533843 
0.01000000000 	 101.79395954438 	 0.04050743895 
0.01000000000 	 105.47900470692 	 0.04244272078 
0.01000000000 	 109.29745226298 	 0.04441977017 
0.01000000000 	 113.25413151528 	 0.04643698060 
0.01000000000 	 117.35404659222 	 0.04849383899 
0.01000000000 	 121.60238277674 	 0.05058769390 
0.01000000000 	 126.00451306433 	 0.05271757490 
0.01000000000 	 130.56600495838 	 0.05488216046 
0.01000000000 	 135.29262751160 	 0.05708078220 
0.01000000000 	 140.19035862226 	 0.05931221984 
0.01000000000 	 145.26539259468 	 0.06157482688 
0.01000000000 	 150.52414797329 	 0.06386858687 
0.01000000000 	 155.97327566040 	 0.06619283852 
0.01000000000 	 161.61966732774 	 0.06854611910 
0.01000000000 	 167.47046413260 	 0.07092856257 
0.01000000000 	 173.53306574945 	 0.07334024421 
0.01000000000 	 179.81513972851 	 0.07578074198 
0.01000000000 	 186.32463119316 	 0.07825010768 
0.01000000000 	 193.06977288832 	 0.08074955032 
0.01000000000 	 200.05909559272 	 0.08327972766 
0.01000000000 	 207.30143890792 	 0.08583907479 
0.01000000000 	 214.80596243813 	 0.08842886754 
0.01000000000 	 222.58215737454 	 0.09105162077 
0.01000000000 	 230.63985849915 	 0.09370665957 
0.01000000000 	 238.98925662311 	 0.09639470756 
0.01000000000 	 247.64091147530 	 0.09911812042 
0.01000000000 	 256.60576505760 	 0.10187763934 
0.01000000000 	 265.89515548347 	 0.10467365115 
0.01000000000 	 275.52083131769 	 0.10750821019 
0.01000000000 	 285.49496643503 	 0.11038125083 
0.01000000000 	 295.83017541695 	 0.11329456285 
0.01000000000 	 306.53952950565 	 0.11624929435 
0.01000000000 	 317.63657313561 	 0.11924813161 
0.01000000000 	 329.13534106365 	 0.12228965456 
0.01000000000 	 341.05037611911 	 0.12537718033 
0.01000000000 	 353.39674759658 	 0.12851073219 
0.01000000000 	 366.19007031450 	 0.13169207202 
0.01000000000 	 379.44652436364 	 0.13492131655 
0.01000000000 	 393.18287557058 	 0.13820149365 
0.01000000000 	 407.41649670190 	 0.14153109070 
0.01000000000 	 422.16538943608 	 0.14491262926 
0.01000000000 	 437.44820713071 	 0.14834595072 
0.01000000000 	 453.28427841392 	 0.15183332385 
0.01000000000 	 469.69363162995 	 0.15537716087 
0.01000000000 	 486.69702016948 	 0.15897557756 
0.01000000000 	 504.31594871714 	 0.16263192546 
0.01000000000 	 522.57270044903 	 0.16634493663 
0.01000000000 	 541.49036521501 	 0.17011629134 
0.01000000000 	 561.09286874100 	 0.17394733189 
0.01000000000 	 581.40500288865 	 0.17783871353 
0.01000000000 	 602.45245701027 	 0.18179146287 
0.01000000000 	 624.26185043890 	 0.18580772116 
0.01000000000 	 646.86076615463 	 0.18988887138 
0.01000000000 	 670.27778566954 	 0.19403216256 
0.01000000000 	 694.54252517561 	 0.19823921647 
0.01000000000 	 719.68567300115 	 0.20251619283 
0.01000000000 	 745.73902842330 	 0.20685693549 
0.01000000000 	 772.73554188543 	 0.21126767877 
0.01000000000 	 800.70935667059 	 0.21574559807 
0.01000000000 	 829.69585208349 	 0.22029301638 
0.01000000000 	 859.73168819576 	 0.22491184042 
0.01000000000 	 890.85485221102 	 0.22960259189 
0.01000000000 	 923.10470650840 	 0.23436392451 
0.01000000000 	 956.52203842531 	 0.23919664813 
0.01000000000 	 991.14911184236 	 0.24410381151 
0.01000000000 	 1027.02972063577 	 0.24908588021 
0.01000000000 	 1064.20924406472 	 0.25414381775 
0.01000000000 	 1102.73470416390 	 0.25927481509 
0.01000000000 	 1142.65482521357 	 0.26448816534 
0.01000000000 	 1184.02009536266 	 0.26977662062 
0.01000000000 	 1226.88283048257 	 0.27514148147 
0.01000000000 	 1271.29724033264 	 0.28058497919 
0.01000000000 	 1317.31949712075 	 0.28610770028 
0.01000000000 	 1365.00780654601 	 0.29171011040 
0.01000000000 	 1414.42248141323 	 0.29739154837 
0.01000000000 	 1465.62601791225 	 0.30315314320 
0.01000000000 	 1518.68317465873 	 0.30900026185 
0.01000000000 	 1573.66105459626 	 0.31492646721 
0.01000000000 	 1630.62918986345 	 0.32093391192 
0.01000000000 	 1689.65962973324 	 0.32702423669 
0.01000000000 	 1750.82703173573 	 0.33319708124 
0.01000000000 	 1814.20875607977 	 0.33944869994 
0.01000000000 	 1879.88496349267 	 0.34578878495 
0.01000000000 	 1947.93871660183 	 0.35221005285 
0.01000000000 	 2018.45608498650 	 0.35871516335 
0.01000000000 	 2091.52625403246 	 0.36530400346 
0.01000000000 	 2167.24163772744 	 0.37197132867 
0.01000000000 	 2245.69799553977 	 0.37872618280 
0.01000000000 	 2326.99455352823 	 0.38556168119 
0.01000000000 	 2411.23412983612 	 0.39247800679 
0.01000000000 	 2498.52326472839 	 0.39947700028 
0.01000000000 	 2588.97235533627 	 0.40655925139 
0.01000000000 	 2682.69579527972 	 0.41372145626 
0.01000000000 	 2779.81211934445 	 0.42096191307 
0.01000000000 	 2880.44415339630 	 0.42828192185 
0.01000000000 	 2984.71916972271 	 0.43567904391 
0.01000000000 	 3092.76904799777 	 0.44315538509 
0.01000000000 	 3204.73044207429 	 0.45070817239 
0.01000000000 	 3320.74495281390 	 0.45833618469 
0.01000000000 	 3440.95930717388 	 0.46603517339 
0.01000000000 	 3565.52554377701 	 0.47380897534 
0.01000000000 	 3694.60120519930 	 0.48165161376 
0.01000000000 	 3828.34953721869 	 0.48956302449 
0.01000000000 	 3966.93969527677 	 0.49754137749 
0.01000000000 	 4110.54695841470 	 0.50558429054 
0.01000000000 	 4259.35295095366 	 0.51368944013 
0.01000000000 	 4413.54587220053 	 0.52185501820 
0.01000000000 	 4573.32073446906 	 0.53007884924 
0.01000000000 	 4738.87960971766 	 0.53835763461 
0.01000000000 	 4910.43188511573 	 0.54668852359 
0.01000000000 	 5088.19452786179 	 0.55506921758 
0.01000000000 	 5272.39235958825 	 0.56349681356 
0.01000000000 	 5463.25834069991 	 0.57196599079 
0.01000000000 	 5661.03386500583 	 0.58047489143 
0.01000000000 	 5865.96906501720 	 0.58901973078 
0.01000000000 	 6078.32312829723 	 0.59759673735 
0.01000000000 	 6298.36462526327 	 0.60620189040 
0.01000000000 	 6526.37184885573 	 0.61483075396 
0.01000000000 	 6762.63316650331 	 0.62347893166 
0.01000000000 	 7007.44738482975 	 0.63214237839 
0.01000000000 	 7261.12412756334 	 0.64081638892 
0.01000000000 	 7523.98422712716 	 0.64949569593 
0.01000000000 	 7796.36013040524 	 0.65817550043 
0.01000000000 	 8078.59631919787 	 0.66685121802 
0.01000000000 	 8371.04974589791 	 0.67551632052 
0.01000000000 	 8674.09028493891 	 0.68416654855 
0.01000000000 	 8988.10120058618 	 0.69279540120 
0.01000000000 	 9313.47963166233 	 0.70139796169 
0.01000000000 	 9650.63709382046 	 0.70996812906 
0.01000000000 	 10000.00000000000 	 0.71850017572 
