0.05336699231 	 0.00000000000 	 0.00002888664 
0.05336699231 	 0.01000000000 	 0.00002958353 
0.05336699231 	 0.02000000000 	 0.00003029279 
0.05336699231 	 0.03000000000 	 0.00003101273 
0.05336699231 	 0.04000000000 	 0.00003175552 
0.05336699231 	 0.05000000000 	 0.00003250956 
0.05336699231 	 0.06000000000 	 0.00003327550 
0.05336699231 	 0.07000000000 	 0.00003405409 
0.05336699231 	 0.08000000000 	 0.00003484551 
0.05336699231 	 0.09000000000 	 0.00003565004 
0.05336699231 	 0.10000000000 	 0.00003646811 
0.05336699231 	 0.11000000000 	 0.00003730029 
0.05336699231 	 0.12000000000 	 0.00003814452 
0.05336699231 	 0.13000000000 	 0.00003901120 
0.05336699231 	 0.14000000000 	 0.00003989079 
0.05336699231 	 0.15000000000 	 0.00004078390 
0.05336699231 	 0.16000000000 	 0.00004169101 
0.05336699231 	 0.17000000000 	 0.00004261252 
0.05336699231 	 0.18000000000 	 0.00004354877 
0.05336699231 	 0.19000000000 	 0.00004450076 
0.05336699231 	 0.20000000000 	 0.00004546516 
0.05336699231 	 0.21000000000 	 0.00004645444 
0.05336699231 	 0.22000000000 	 0.00004745788 
0.05336699231 	 0.23000000000 	 0.00004847600 
0.05336699231 	 0.24000000000 	 0.00004950918 
0.05336699231 	 0.25000000000 	 0.00005055781 
0.05336699231 	 0.26000000000 	 0.00005162293 
0.05336699231 	 0.27000000000 	 0.00005270518 
0.05336699231 	 0.28000000000 	 0.00005379593 
0.05336699231 	 0.29000000000 	 0.00005491943 
0.05336699231 	 0.30000000000 	 0.00005605925 
0.05336699231 	 0.31000000000 	 0.00005721463 
0.05336699231 	 0.32000000000 	 0.00005838609 
0.05336699231 	 0.33000000000 	 0.00005957409 
0.05336699231 	 0.34000000000 	 0.00006077913 
0.05336699231 	 0.35000000000 	 0.00006200156 
0.05336699231 	 0.36000000000 	 0.00006324205 
0.05336699231 	 0.37000000000 	 0.00006450047 
0.05336699231 	 0.38000000000 	 0.00006577082 
0.05336699231 	 0.39000000000 	 0.00006708032 
0.05336699231 	 0.40000000000 	 0.00006840475 
0.05336699231 	 0.41000000000 	 0.00006973144 
0.05336699231 	 0.42000000000 	 0.00007108969 
0.05336699231 	 0.43000000000 	 0.00007246071 
0.05336699231 	 0.44000000000 	 0.00007385212 
0.05336699231 	 0.45000000000 	 0.00007528786 
0.05336699231 	 0.46000000000 	 0.00007671972 
0.05336699231 	 0.47000000000 	 0.00007816027 
0.05336699231 	 0.48000000000 	 0.00007964740 
0.05336699231 	 0.49000000000 	 0.00008115311 
0.05336699231 	 0.50000000000 	 0.00008267506 
0.05336699231 	 0.51000000000 	 0.00008421591 
0.05336699231 	 0.52000000000 	 0.00008577546 
0.05336699231 	 0.53000000000 	 0.00008735503 
0.05336699231 	 0.54000000000 	 0.00008895524 
0.05336699231 	 0.55000000000 	 0.00009057488 
0.05336699231 	 0.56000000000 	 0.00009221729 
0.05336699231 	 0.57000000000 	 0.00009388077 
0.05336699231 	 0.58000000000 	 0.00009556319 
0.05336699231 	 0.59000000000 	 0.00009727970 
0.05336699231 	 0.60000000000 	 0.00009901622 
0.05336699231 	 0.61000000000 	 0.00010077334 
0.05336699231 	 0.62000000000 	 0.00010255133 
0.05336699231 	 0.63000000000 	 0.00010435085 
0.05336699231 	 0.64000000000 	 0.00010617245 
0.05336699231 	 0.65000000000 	 0.00010801650 
0.05336699231 	 0.66000000000 	 0.00010988287 
0.05336699231 	 0.67000000000 	 0.00011177252 
0.05336699231 	 0.68000000000 	 0.00011368517 
0.05336699231 	 0.69000000000 	 0.00011561696 
0.05336699231 	 0.70000000000 	 0.00011758808 
0.05336699231 	 0.71000000000 	 0.00011958103 
0.05336699231 	 0.72000000000 	 0.00012159590 
0.05336699231 	 0.73000000000 	 0.00012363358 
0.05336699231 	 0.74000000000 	 0.00012569446 
0.05336699231 	 0.75000000000 	 0.00012777915 
0.05336699231 	 0.76000000000 	 0.00012988813 
0.05336699231 	 0.77000000000 	 0.00013202130 
0.05336699231 	 0.78000000000 	 0.00013417888 
0.05336699231 	 0.79000000000 	 0.00013636119 
0.05336699231 	 0.80000000000 	 0.00013856858 
0.05336699231 	 0.81000000000 	 0.00014079329 
0.05336699231 	 0.82000000000 	 0.00014306675 
0.05336699231 	 0.83000000000 	 0.00014536308 
0.05336699231 	 0.84000000000 	 0.00014768306 
0.05336699231 	 0.85000000000 	 0.00015002705 
0.05336699231 	 0.86000000000 	 0.00015239572 
0.05336699231 	 0.87000000000 	 0.00015478917 
0.05336699231 	 0.88000000000 	 0.00015720842 
0.05336699231 	 0.89000000000 	 0.00015965408 
0.05336699231 	 0.90000000000 	 0.00016212634 
0.05336699231 	 0.91000000000 	 0.00016462473 
0.05336699231 	 0.92000000000 	 0.00016715052 
0.05336699231 	 0.93000000000 	 0.00016967690 
0.05336699231 	 0.94000000000 	 0.00017227801 
0.05336699231 	 0.95000000000 	 0.00017491124 
0.05336699231 	 0.96000000000 	 0.00017755980 
0.05336699231 	 0.97000000000 	 0.00018023472 
0.05336699231 	 0.98000000000 	 0.00018293530 
0.05336699231 	 0.99000000000 	 0.00018566239 
0.05336699231 	 1.00000000000 	 0.00018841649 
0.05336699231 	 1.03620101997 	 0.00019861789 
0.05336699231 	 1.07371255379 	 0.00020962578 
0.05336699231 	 1.11258204340 	 0.00022145642 
0.05336699231 	 1.15285864817 	 0.00023418478 
0.05336699231 	 1.19459330712 	 0.00024794193 
0.05336699231 	 1.23783880329 	 0.00026277117 
0.05336699231 	 1.28264983053 	 0.00027872283 
0.05336699231 	 1.32908306266 	 0.00029600092 
0.05336699231 	 1.37719722516 	 0.00031450984 
0.05336699231 	 1.42705316941 	 0.00033458298 
0.05336699231 	 1.47871394970 	 0.00035622166 
0.05336699231 	 1.53224490292 	 0.00037991767 
0.05336699231 	 1.58771373126 	 0.00040540892 
0.05336699231 	 1.64519058775 	 0.00043288835 
0.05336699231 	 1.70474816508 	 0.00046297148 
0.05336699231 	 1.76646178745 	 0.00049536825 
0.05336699231 	 1.83040950590 	 0.00053061544 
0.05336699231 	 1.89667219698 	 0.00056855348 
0.05336699231 	 1.96533366506 	 0.00060982482 
0.05336699231 	 2.03648074833 	 0.00065459707 
0.05336699231 	 2.11020342857 	 0.00070307924 
0.05336699231 	 2.18659494503 	 0.00075592886 
0.05336699231 	 2.26575191231 	 0.00081304237 
0.05336699231 	 2.34777444254 	 0.00087512865 
0.05336699231 	 2.43276627202 	 0.00094269649 
0.05336699231 	 2.52083489243 	 0.00101572838 
0.05336699231 	 2.61209168671 	 0.00109505151 
0.05336699231 	 2.70665207003 	 0.00118102908 
0.05336699231 	 2.80463563568 	 0.00127433810 
0.05336699231 	 2.90616630634 	 0.00137533369 
0.05336699231 	 3.01137249084 	 0.00148519151 
0.05336699231 	 3.12038724653 	 0.00160407017 
0.05336699231 	 3.23334844756 	 0.00173325110 
0.05336699231 	 3.35039895929 	 0.00187274489 
0.05336699231 	 3.47168681893 	 0.00202376161 
0.05336699231 	 3.59736542280 	 0.00218723312 
0.05336699231 	 3.72759372031 	 0.00236390987 
0.05336699231 	 3.86253641503 	 0.00255487646 
0.05336699231 	 4.00236417294 	 0.00276118302 
0.05336699231 	 4.14725383830 	 0.00298356878 
0.05336699231 	 4.29738865733 	 0.00322378228 
0.05336699231 	 4.45295850994 	 0.00348254659 
0.05336699231 	 4.61416014990 	 0.00376134958 
0.05336699231 	 4.78119745364 	 0.00406092559 
0.05336699231 	 4.95428167815 	 0.00438316255 
0.05336699231 	 5.13363172813 	 0.00472905908 
0.05336699231 	 5.31947443285 	 0.00509993506 
0.05336699231 	 5.51204483304 	 0.00549753302 
0.05336699231 	 5.71158647813 	 0.00592280326 
0.05336699231 	 5.91835173430 	 0.00637792546 
0.05336699231 	 6.13260210363 	 0.00686373829 
0.05336699231 	 6.35460855487 	 0.00738186193 
0.05336699231 	 6.58465186608 	 0.00793409329 
0.05336699231 	 6.82302297979 	 0.00852121919 
0.05336699231 	 7.07002337096 	 0.00914590159 
0.05336699231 	 7.32596542822 	 0.00980815999 
0.05336699231 	 7.59117284900 	 0.01051000887 
0.05336699231 	 7.86598104892 	 0.01125276545 
0.05336699231 	 8.15073758597 	 0.01203783488 
0.05336699231 	 8.44580260011 	 0.01286642110 
0.05336699231 	 8.75154926872 	 0.01373986086 
0.05336699231 	 9.06836427859 	 0.01465903995 
0.05336699231 	 9.39664831495 	 0.01562477576 
0.05336699231 	 9.73681656828 	 0.01663816566 
0.05336699231 	 10.08929925933 	 0.01770007533 
0.05336699231 	 10.45454218333 	 0.01881093789 
0.05336699231 	 10.83300727371 	 0.01997149464 
0.05336699231 	 11.22517318638 	 0.02118194431 
0.05336699231 	 11.63153590510 	 0.02244340489 
0.05336699231 	 12.05260936871 	 0.02375502561 
0.05336699231 	 12.48892612118 	 0.02511693481 
0.05336699231 	 12.94103798513 	 0.02652968261 
0.05336699231 	 13.40951675969 	 0.02799241470 
0.05336699231 	 13.89495494373 	 0.02950511960 
0.05336699231 	 14.39796648516 	 0.03106685749 
0.05336699231 	 14.91918755746 	 0.03267718648 
0.05336699231 	 15.45927736419 	 0.03433521291 
0.05336699231 	 16.01891897281 	 0.03604014648 
0.05336699231 	 16.59882017849 	 0.03779111057 
0.05336699231 	 17.19971439928 	 0.03958724107 
0.05336699231 	 17.82236160377 	 0.04142709771 
0.05336699231 	 18.46754927215 	 0.04330971786 
0.05336699231 	 19.13609339219 	 0.04523304015 
0.05336699231 	 19.82883949127 	 0.04719666792 
0.05336699231 	 20.54666370572 	 0.04919881856 
0.05336699231 	 21.29047388890 	 0.05123806724 
0.05336699231 	 22.06121075937 	 0.05331428284 
0.05336699231 	 22.85984909069 	 0.05542511768 
0.05336699231 	 23.68739894419 	 0.05756954805 
0.05336699231 	 24.54490694646 	 0.05974647284 
0.05336699231 	 25.43345761305 	 0.06195534224 
0.05336699231 	 26.35417472006 	 0.06419549748 
0.05336699231 	 27.30822272546 	 0.06646501115 
0.05336699231 	 28.29680824175 	 0.06876500848 
0.05336699231 	 29.32118156207 	 0.07109395454 
0.05336699231 	 30.38263824141 	 0.07345100909 
0.05336699231 	 31.48252073520 	 0.07583643718 
0.05336699231 	 32.62222009712 	 0.07824978785 
0.05336699231 	 33.80317773840 	 0.08069251379 
0.05336699231 	 35.02688725083 	 0.08316381615 
0.05336699231 	 36.29489629577 	 0.08566385732 
0.05336699231 	 37.60880856147 	 0.08819452944 
0.05336699231 	 38.97028579134 	 0.09075410719 
0.05336699231 	 40.38104988560 	 0.09334452392 
0.05336699231 	 41.84288507902 	 0.09596776280 
0.05336699231 	 43.35764019746 	 0.09862337036 
0.05336699231 	 44.92723099621 	 0.10131145478 
0.05336699231 	 46.55364258280 	 0.10403507360 
0.05336699231 	 48.23893192773 	 0.10679485295 
0.05336699231 	 49.98523046589 	 0.10959127671 
0.05336699231 	 51.79474679231 	 0.11242565926 
0.05336699231 	 53.66976945540 	 0.11529841052 
0.05336699231 	 55.61266985137 	 0.11821170430 
0.05336699231 	 57.62590522338 	 0.12116661986 
0.05336699231 	 59.71202176930 	 0.12416477646 
0.05336699231 	 61.87365786196 	 0.12720582336 
0.05336699231 	 64.11354738598 	 0.13029221153 
0.05336699231 	 66.43452319540 	 0.13342452376 
0.05336699231 	 68.83952069645 	 0.13660443817 
0.05336699231 	 71.33158156008 	 0.13983168033 
0.05336699231 	 73.91385756879 	 0.14311006579 
0.05336699231 	 76.58961460288 	 0.14643716967 
0.05336699231 	 79.36223677079 	 0.14981584349 
0.05336699231 	 82.23523068918 	 0.15324556885 
0.05336699231 	 85.21222991780 	 0.15673041291 
0.05336699231 	 88.29699955494 	 0.16026933728 
0.05336699231 	 91.49344099933 	 0.16386351675 
0.05336699231 	 94.80559688429 	 0.16751458685 
0.05336699231 	 98.23765619059 	 0.17122220364 
0.05336699231 	 101.79395954438 	 0.17498760163 
0.05336699231 	 105.47900470692 	 0.17881217853 
0.05336699231 	 109.29745226298 	 0.18269655851 
0.05336699231 	 113.25413151528 	 0.18664215453 
0.05336699231 	 117.35404659222 	 0.19065084777 
0.05336699231 	 121.60238277674 	 0.19472321456 
0.05336699231 	 126.00451306433 	 0.19885749041 
0.05336699231 	 130.56600495838 	 0.20305550978 
0.05336699231 	 135.29262751160 	 0.20732186238 
0.05336699231 	 140.19035862226 	 0.21165270080 
0.05336699231 	 145.26539259468 	 0.21605192971 
0.05336699231 	 150.52414797329 	 0.22051828611 
0.05336699231 	 155.97327566040 	 0.22505372498 
0.05336699231 	 161.61966732774 	 0.22965944924 
0.05336699231 	 167.47046413260 	 0.23433694829 
0.05336699231 	 173.53306574945 	 0.23908453598 
0.05336699231 	 179.81513972851 	 0.24390291168 
0.05336699231 	 186.32463119316 	 0.24879516048 
0.05336699231 	 193.06977288832 	 0.25376128244 
0.05336699231 	 200.05909559272 	 0.25880325262 
0.05336699231 	 207.30143890792 	 0.26391819865 
0.05336699231 	 214.80596243813 	 0.26911344007 
0.05336699231 	 222.58215737454 	 0.27438398555 
0.05336699231 	 230.63985849915 	 0.27973036654 
0.05336699231 	 238.98925662311 	 0.28515437136 
0.05336699231 	 247.64091147530 	 0.29065755544 
0.05336699231 	 256.60576505760 	 0.29623967240 
0.05336699231 	 265.89515548347 	 0.30190087265 
0.05336699231 	 275.52083131769 	 0.30764030490 
0.05336699231 	 285.49496643503 	 0.31346514131 
0.05336699231 	 295.83017541695 	 0.31936844120 
0.05336699231 	 306.53952950565 	 0.32535246533 
0.05336699231 	 317.63657313561 	 0.33141853960 
0.05336699231 	 329.13534106365 	 0.33756665491 
0.05336699231 	 341.05037611911 	 0.34379344768 
0.05336699231 	 353.39674759658 	 0.35010677240 
0.05336699231 	 366.19007031450 	 0.35650199961 
0.05336699231 	 379.44652436364 	 0.36297918262 
0.05336699231 	 393.18287557058 	 0.36953937909 
0.05336699231 	 407.41649670190 	 0.37617946860 
0.05336699231 	 422.16538943608 	 0.38290419454 
0.05336699231 	 437.44820713071 	 0.38971043928 
0.05336699231 	 453.28427841392 	 0.39659565261 
0.05336699231 	 469.69363162995 	 0.40356309021 
0.05336699231 	 486.69702016948 	 0.41061344523 
0.05336699231 	 504.31594871714 	 0.41774142177 
0.05336699231 	 522.57270044903 	 0.42495015519 
0.05336699231 	 541.49036521501 	 0.43223612928 
0.05336699231 	 561.09286874100 	 0.43959867532 
0.05336699231 	 581.40500288865 	 0.44703996794 
0.05336699231 	 602.45245701027 	 0.45455609987 
0.05336699231 	 624.26185043890 	 0.46214750871 
0.05336699231 	 646.86076615463 	 0.46980949663 
0.05336699231 	 670.27778566954 	 0.47754478931 
0.05336699231 	 694.54252517561 	 0.48534866467 
0.05336699231 	 719.68567300115 	 0.49322067736 
0.05336699231 	 745.73902842330 	 0.50115904471 
0.05336699231 	 772.73554188543 	 0.50916122007 
0.05336699231 	 800.70935667059 	 0.51722503435 
0.05336699231 	 829.69585208349 	 0.52534843004 
0.05336699231 	 859.73168819576 	 0.53352952554 
0.05336699231 	 890.85485221102 	 0.54176441321 
0.05336699231 	 923.10470650840 	 0.55005183887 
0.05336699231 	 956.52203842531 	 0.55838784037 
0.05336699231 	 991.14911184236 	 0.56676980459 
0.05336699231 	 1027.02972063577 	 0.57519332407 
0.05336699231 	 1064.20924406472 	 0.58365571925 
0.05336699231 	 1102.73470416390 	 0.59215343785 
0.05336699231 	 1142.65482521357 	 0.60068276542 
0.05336699231 	 1184.02009536266 	 0.60923964936 
0.05336699231 	 1226.88283048257 	 0.61781969677 
0.05336699231 	 1271.29724033264 	 0.62641845738 
0.05336699231 	 1317.31949712075 	 0.63503200711 
0.05336699231 	 1365.00780654601 	 0.64365561311 
0.05336699231 	 1414.42248141323 	 0.65228401992 
0.05336699231 	 1465.62601791225 	 0.66091237426 
0.05336699231 	 1518.68317465873 	 0.66953625810 
0.05336699231 	 1573.66105459626 	 0.67814916087 
0.05336699231 	 1630.62918986345 	 0.68674672311 
0.05336699231 	 1689.65962973324 	 0.69532248720 
0.05336699231 	 1750.82703173573 	 0.70387164127 
0.05336699231 	 1814.20875607977 	 0.71238806439 
0.05336699231 	 1879.88496349267 	 0.72086612359 
0.05336699231 	 1947.93871660183 	 0.72929916506 
0.05336699231 	 2018.45608498650 	 0.73768072175 
0.05336699231 	 2091.52625403246 	 0.74600526204 
0.05336699231 	 2167.24163772744 	 0.75426739170 
0.05336699231 	 2245.69799553977 	 0.76245952361 
0.05336699231 	 2326.99455352823 	 0.77057566386 
0.05336699231 	 2411.23412983612 	 0.77860933185 
0.05336699231 	 2498.52326472839 	 0.78655488376 
0.05336699231 	 2588.97235533627 	 0.79440568425 
0.05336699231 	 2682.69579527972 	 0.80215532948 
0.05336699231 	 2779.81211934445 	 0.80979696708 
0.05336699231 	 2880.44415339630 	 0.81732660137 
0.05336699231 	 2984.71916972271 	 0.82473542881 
0.05336699231 	 3092.76904799777 	 0.83201971874 
0.05336699231 	 3204.73044207429 	 0.83917192121 
0.05336699231 	 3320.74495281390 	 0.84618835308 
0.05336699231 	 3440.95930717388 	 0.85306305792 
0.05336699231 	 3565.52554377701 	 0.85979021240 
0.05336699231 	 3694.60120519930 	 0.86636544560 
0.05336699231 	 3828.34953721869 	 0.87278437533 
0.05336699231 	 3966.93969527677 	 0.87904145912 
0.05336699231 	 4110.54695841470 	 0.88513333569 
0.05336699231 	 4259.35295095366 	 0.89105664811 
0.05336699231 	 4413.54587220053 	 0.89680787475 
0.05336699231 	 4573.32073446906 	 0.90238394513 
0.05336699231 	 4738.87960971766 	 0.90778212899 
0.05336699231 	 4910.43188511573 	 0.91300012915 
0.05336699231 	 5088.19452786179 	 0.91803597365 
0.05336699231 	 5272.39235958825 	 0.92288816727 
0.05336699231 	 5463.25834069991 	 0.92755582640 
0.05336699231 	 5661.03386500583 	 0.93203863482 
0.05336699231 	 5865.96906501720 	 0.93633603879 
0.05336699231 	 6078.32312829723 	 0.94044861044 
0.05336699231 	 6298.36462526327 	 0.94437695087 
0.05336699231 	 6526.37184885573 	 0.94812205028 
0.05336699231 	 6762.63316650331 	 0.95168575299 
0.05336699231 	 7007.44738482975 	 0.95507004313 
0.05336699231 	 7261.12412756334 	 0.95827731955 
0.05336699231 	 7523.98422712716 	 0.96131037035 
0.05336699231 	 7796.36013040524 	 0.96417238662 
0.05336699231 	 8078.59631919787 	 0.96686695347 
0.05336699231 	 8371.04974589791 	 0.96939799375 
0.05336699231 	 8674.09028493891 	 0.97176985273 
0.05336699231 	 8988.10120058618 	 0.97398698003 
0.05336699231 	 9313.47963166233 	 0.97605421250 
0.05336699231 	 9650.63709382046 	 0.97797665485 
0.05336699231 	 10000.00000000000 	 0.97975940527 
