0.70548023107 	 0.00000000000 	 0.00522470399 
0.70548023107 	 0.01000000000 	 0.00542671523 
0.70548023107 	 0.02000000000 	 0.00562483880 
0.70548023107 	 0.03000000000 	 0.00582426267 
0.70548023107 	 0.04000000000 	 0.00602294922 
0.70548023107 	 0.05000000000 	 0.00621246022 
0.70548023107 	 0.06000000000 	 0.00640948435 
0.70548023107 	 0.07000000000 	 0.00660690903 
0.70548023107 	 0.08000000000 	 0.00679388897 
0.70548023107 	 0.09000000000 	 0.00698822888 
0.70548023107 	 0.10000000000 	 0.00717734974 
0.70548023107 	 0.11000000000 	 0.00736575729 
0.70548023107 	 0.12000000000 	 0.00755844342 
0.70548023107 	 0.13000000000 	 0.00774470236 
0.70548023107 	 0.14000000000 	 0.00792576599 
0.70548023107 	 0.15000000000 	 0.00810881694 
0.70548023107 	 0.16000000000 	 0.00829008730 
0.70548023107 	 0.17000000000 	 0.00847919331 
0.70548023107 	 0.18000000000 	 0.00865474654 
0.70548023107 	 0.19000000000 	 0.00884466781 
0.70548023107 	 0.20000000000 	 0.00902579149 
0.70548023107 	 0.21000000000 	 0.00920027242 
0.70548023107 	 0.22000000000 	 0.00937844414 
0.70548023107 	 0.23000000000 	 0.00955618779 
0.70548023107 	 0.24000000000 	 0.00973555115 
0.70548023107 	 0.25000000000 	 0.00991376483 
0.70548023107 	 0.26000000000 	 0.01008163773 
0.70548023107 	 0.27000000000 	 0.01026284438 
0.70548023107 	 0.28000000000 	 0.01043496997 
0.70548023107 	 0.29000000000 	 0.01060477338 
0.70548023107 	 0.30000000000 	 0.01077844871 
0.70548023107 	 0.31000000000 	 0.01095120803 
0.70548023107 	 0.32000000000 	 0.01112574394 
0.70548023107 	 0.33000000000 	 0.01129916832 
0.70548023107 	 0.34000000000 	 0.01146268691 
0.70548023107 	 0.35000000000 	 0.01162938525 
0.70548023107 	 0.36000000000 	 0.01180847708 
0.70548023107 	 0.37000000000 	 0.01197440134 
0.70548023107 	 0.38000000000 	 0.01214465716 
0.70548023107 	 0.39000000000 	 0.01231335218 
0.70548023107 	 0.40000000000 	 0.01248064900 
0.70548023107 	 0.41000000000 	 0.01264659987 
0.70548023107 	 0.42000000000 	 0.01281084475 
0.70548023107 	 0.43000000000 	 0.01297437509 
0.70548023107 	 0.44000000000 	 0.01313631319 
0.70548023107 	 0.45000000000 	 0.01330056328 
0.70548023107 	 0.46000000000 	 0.01345441165 
0.70548023107 	 0.47000000000 	 0.01362454269 
0.70548023107 	 0.48000000000 	 0.01378203192 
0.70548023107 	 0.49000000000 	 0.01395019409 
0.70548023107 	 0.50000000000 	 0.01410528225 
0.70548023107 	 0.51000000000 	 0.01426518264 
0.70548023107 	 0.52000000000 	 0.01443908333 
0.70548023107 	 0.53000000000 	 0.01459619363 
0.70548023107 	 0.54000000000 	 0.01475508234 
0.70548023107 	 0.55000000000 	 0.01490608015 
0.70548023107 	 0.56000000000 	 0.01506784079 
0.70548023107 	 0.57000000000 	 0.01523503707 
0.70548023107 	 0.58000000000 	 0.01539395113 
0.70548023107 	 0.59000000000 	 0.01552927492 
0.70548023107 	 0.60000000000 	 0.01570871215 
0.70548023107 	 0.61000000000 	 0.01586011447 
0.70548023107 	 0.62000000000 	 0.01600532405 
0.70548023107 	 0.63000000000 	 0.01616844242 
0.70548023107 	 0.64000000000 	 0.01632363599 
0.70548023107 	 0.65000000000 	 0.01647250397 
0.70548023107 	 0.66000000000 	 0.01662620974 
0.70548023107 	 0.67000000000 	 0.01678733735 
0.70548023107 	 0.68000000000 	 0.01693100065 
0.70548023107 	 0.69000000000 	 0.01710073471 
0.70548023107 	 0.70000000000 	 0.01724728136 
0.70548023107 	 0.71000000000 	 0.01739434496 
0.70548023107 	 0.72000000000 	 0.01754612656 
0.70548023107 	 0.73000000000 	 0.01770774406 
0.70548023107 	 0.74000000000 	 0.01785741070 
0.70548023107 	 0.75000000000 	 0.01799338665 
0.70548023107 	 0.76000000000 	 0.01815804226 
0.70548023107 	 0.77000000000 	 0.01830050773 
0.70548023107 	 0.78000000000 	 0.01845805183 
0.70548023107 	 0.79000000000 	 0.01860564244 
0.70548023107 	 0.80000000000 	 0.01876374478 
0.70548023107 	 0.81000000000 	 0.01890327311 
0.70548023107 	 0.82000000000 	 0.01905580175 
0.70548023107 	 0.83000000000 	 0.01918741368 
0.70548023107 	 0.84000000000 	 0.01934470739 
0.70548023107 	 0.85000000000 	 0.01948538927 
0.70548023107 	 0.86000000000 	 0.01964473562 
0.70548023107 	 0.87000000000 	 0.01979183753 
0.70548023107 	 0.88000000000 	 0.01993312499 
0.70548023107 	 0.89000000000 	 0.02008355340 
0.70548023107 	 0.90000000000 	 0.02022739277 
0.70548023107 	 0.91000000000 	 0.02035391643 
0.70548023107 	 0.92000000000 	 0.02050538690 
0.70548023107 	 0.93000000000 	 0.02065373462 
0.70548023107 	 0.94000000000 	 0.02078820574 
0.70548023107 	 0.95000000000 	 0.02094433723 
0.70548023107 	 0.96000000000 	 0.02108851458 
0.70548023107 	 0.97000000000 	 0.02123454646 
0.70548023107 	 0.98000000000 	 0.02136220729 
0.70548023107 	 0.99000000000 	 0.02150694137 
0.70548023107 	 1.00000000000 	 0.02164320003 
0.70548023107 	 1.03620101997 	 0.02215540751 
0.70548023107 	 1.07371255379 	 0.02269012623 
0.70548023107 	 1.11258204340 	 0.02323732766 
0.70548023107 	 1.15285864817 	 0.02379476975 
0.70548023107 	 1.19459330712 	 0.02437407778 
0.70548023107 	 1.23783880329 	 0.02495457482 
0.70548023107 	 1.28264983053 	 0.02556141019 
0.70548023107 	 1.32908306266 	 0.02617956223 
0.70548023107 	 1.37719722516 	 0.02681652174 
0.70548023107 	 1.42705316941 	 0.02747514931 
0.70548023107 	 1.47871394970 	 0.02814820025 
0.70548023107 	 1.53224490292 	 0.02883984900 
0.70548023107 	 1.58771373126 	 0.02955456605 
0.70548023107 	 1.64519058775 	 0.03027201933 
0.70548023107 	 1.70474816508 	 0.03101483653 
0.70548023107 	 1.76646178745 	 0.03178844888 
0.70548023107 	 1.83040950590 	 0.03256805378 
0.70548023107 	 1.89667219698 	 0.03338563732 
0.70548023107 	 1.96533366506 	 0.03421126821 
0.70548023107 	 2.03648074833 	 0.03506152682 
0.70548023107 	 2.11020342857 	 0.03593213551 
0.70548023107 	 2.18659494503 	 0.03682291080 
0.70548023107 	 2.26575191231 	 0.03772540873 
0.70548023107 	 2.34777444254 	 0.03866629932 
0.70548023107 	 2.43276627202 	 0.03961866979 
0.70548023107 	 2.52083489243 	 0.04060389551 
0.70548023107 	 2.61209168671 	 0.04160556033 
0.70548023107 	 2.70665207003 	 0.04262908713 
0.70548023107 	 2.80463563568 	 0.04367922259 
0.70548023107 	 2.90616630634 	 0.04475583390 
0.70548023107 	 3.01137249084 	 0.04585453964 
0.70548023107 	 3.12038724653 	 0.04697432102 
0.70548023107 	 3.23334844756 	 0.04811830738 
0.70548023107 	 3.35039895929 	 0.04928883009 
0.70548023107 	 3.47168681893 	 0.05048825022 
0.70548023107 	 3.59736542280 	 0.05170680674 
0.70548023107 	 3.72759372031 	 0.05295375863 
0.70548023107 	 3.86253641503 	 0.05422706662 
0.70548023107 	 4.00236417294 	 0.05553023145 
0.70548023107 	 4.14725383830 	 0.05685370007 
0.70548023107 	 4.29738865733 	 0.05819767026 
0.70548023107 	 4.45295850994 	 0.05958000349 
0.70548023107 	 4.61416014990 	 0.06097935532 
0.70548023107 	 4.78119745364 	 0.06240447351 
0.70548023107 	 4.95428167815 	 0.06386026444 
0.70548023107 	 5.13363172813 	 0.06533843590 
0.70548023107 	 5.31947443285 	 0.06684419455 
0.70548023107 	 5.51204483304 	 0.06837404882 
0.70548023107 	 5.71158647813 	 0.06993102887 
0.70548023107 	 5.91835173430 	 0.07150973190 
0.70548023107 	 6.13260210363 	 0.07311770937 
0.70548023107 	 6.35460855487 	 0.07474778316 
0.70548023107 	 6.58465186608 	 0.07639814826 
0.70548023107 	 6.82302297979 	 0.07807965606 
0.70548023107 	 7.07002337096 	 0.07978728293 
0.70548023107 	 7.32596542822 	 0.08151558805 
0.70548023107 	 7.59117284900 	 0.08325012033 
0.70548023107 	 7.86598104892 	 0.08503187955 
0.70548023107 	 8.15073758597 	 0.08682822221 
0.70548023107 	 8.44580260011 	 0.08864066742 
0.70548023107 	 8.75154926872 	 0.09049965287 
0.70548023107 	 9.06836427859 	 0.09236008168 
0.70548023107 	 9.39664831495 	 0.09424657457 
0.70548023107 	 9.73681656828 	 0.09612905640 
0.70548023107 	 10.08929925933 	 0.09806972895 
0.70548023107 	 10.45454218333 	 0.09997998426 
0.70548023107 	 10.83300727371 	 0.10196036493 
0.70548023107 	 11.22517318638 	 0.10395241050 
0.70548023107 	 11.63153590510 	 0.10594130328 
0.70548023107 	 12.05260936871 	 0.10796390062 
0.70548023107 	 12.48892612118 	 0.11000055903 
0.70548023107 	 12.94103798513 	 0.11205033580 
0.70548023107 	 13.40951675969 	 0.11411726776 
0.70548023107 	 13.89495494373 	 0.11621058768 
0.70548023107 	 14.39796648516 	 0.11831327216 
0.70548023107 	 14.91918755746 	 0.12043235098 
0.70548023107 	 15.45927736419 	 0.12256508911 
0.70548023107 	 16.01891897281 	 0.12471584636 
0.70548023107 	 16.59882017849 	 0.12688267003 
0.70548023107 	 17.19971439928 	 0.12905750589 
0.70548023107 	 17.82236160377 	 0.13124542120 
0.70548023107 	 18.46754927215 	 0.13346392634 
0.70548023107 	 19.13609339219 	 0.13570481043 
0.70548023107 	 19.82883949127 	 0.13795336932 
0.70548023107 	 20.54666370572 	 0.14022008534 
0.70548023107 	 21.29047388890 	 0.14250830266 
0.70548023107 	 22.06121075937 	 0.14481564872 
0.70548023107 	 22.85984909069 	 0.14714166115 
0.70548023107 	 23.68739894419 	 0.14948365509 
0.70548023107 	 24.54490694646 	 0.15184872574 
0.70548023107 	 25.43345761305 	 0.15422949494 
0.70548023107 	 26.35417472006 	 0.15663044482 
0.70548023107 	 27.30822272546 	 0.15906334121 
0.70548023107 	 28.29680824175 	 0.16151078474 
0.70548023107 	 29.32118156207 	 0.16398612400 
0.70548023107 	 30.38263824141 	 0.16648450768 
0.70548023107 	 31.48252073520 	 0.16901378287 
0.70548023107 	 32.62222009712 	 0.17158415454 
0.70548023107 	 33.80317773840 	 0.17416712748 
0.70548023107 	 35.02688725083 	 0.17677223006 
0.70548023107 	 36.29489629577 	 0.17941321453 
0.70548023107 	 37.60880856147 	 0.18209036422 
0.70548023107 	 38.97028579134 	 0.18479841358 
0.70548023107 	 40.38104988560 	 0.18753761035 
0.70548023107 	 41.84288507902 	 0.19031544023 
0.70548023107 	 43.35764019746 	 0.19312626996 
0.70548023107 	 44.92723099621 	 0.19597309331 
0.70548023107 	 46.55364258280 	 0.19885756082 
0.70548023107 	 48.23893192773 	 0.20178071391 
0.70548023107 	 49.98523046589 	 0.20474049226 
0.70548023107 	 51.79474679231 	 0.20774182679 
0.70548023107 	 53.66976945540 	 0.21078777910 
0.70548023107 	 55.61266985137 	 0.21387299418 
0.70548023107 	 57.62590522338 	 0.21700020156 
0.70548023107 	 59.71202176930 	 0.22017328093 
0.70548023107 	 61.87365786196 	 0.22339069273 
0.70548023107 	 64.11354738598 	 0.22665309625 
0.70548023107 	 66.43452319540 	 0.22996198620 
0.70548023107 	 68.83952069645 	 0.23331845140 
0.70548023107 	 71.33158156008 	 0.23672447062 
0.70548023107 	 73.91385756879 	 0.24017974688 
0.70548023107 	 76.58961460288 	 0.24368632341 
0.70548023107 	 79.36223677079 	 0.24724258528 
0.70548023107 	 82.23523068918 	 0.25085123089 
0.70548023107 	 85.21222991780 	 0.25451227133 
0.70548023107 	 88.29699955494 	 0.25822666803 
0.70548023107 	 91.49344099933 	 0.26199671960 
0.70548023107 	 94.80559688429 	 0.26582411134 
0.70548023107 	 98.23765619059 	 0.26970583165 
0.70548023107 	 101.79395954438 	 0.27364554348 
0.70548023107 	 105.47900470692 	 0.27764508653 
0.70548023107 	 109.29745226298 	 0.28170362346 
0.70548023107 	 113.25413151528 	 0.28581855718 
0.70548023107 	 117.35404659222 	 0.28999791838 
0.70548023107 	 121.60238277674 	 0.29423681072 
0.70548023107 	 126.00451306433 	 0.29853818241 
0.70548023107 	 130.56600495838 	 0.30290103015 
0.70548023107 	 135.29262751160 	 0.30732947274 
0.70548023107 	 140.19035862226 	 0.31182148006 
0.70548023107 	 145.26539259468 	 0.31638001136 
0.70548023107 	 150.52414797329 	 0.32100697214 
0.70548023107 	 155.97327566040 	 0.32569848891 
0.70548023107 	 161.61966732774 	 0.33045600079 
0.70548023107 	 167.47046413260 	 0.33528330190 
0.70548023107 	 173.53306574945 	 0.34017941691 
0.70548023107 	 179.81513972851 	 0.34514462097 
0.70548023107 	 186.32463119316 	 0.35017967313 
0.70548023107 	 193.06977288832 	 0.35528466930 
0.70548023107 	 200.05909559272 	 0.36046367860 
0.70548023107 	 207.30143890792 	 0.36571089251 
0.70548023107 	 214.80596243813 	 0.37103274616 
0.70548023107 	 222.58215737454 	 0.37642757737 
0.70548023107 	 230.63985849915 	 0.38189308839 
0.70548023107 	 238.98925662311 	 0.38743236823 
0.70548023107 	 247.64091147530 	 0.39304526347 
0.70548023107 	 256.60576505760 	 0.39872988470 
0.70548023107 	 265.89515548347 	 0.40449216559 
0.70548023107 	 275.52083131769 	 0.41032380728 
0.70548023107 	 285.49496643503 	 0.41623826372 
0.70548023107 	 295.83017541695 	 0.42222160090 
0.70548023107 	 306.53952950565 	 0.42828112544 
0.70548023107 	 317.63657313561 	 0.43441152062 
0.70548023107 	 329.13534106365 	 0.44061788055 
0.70548023107 	 341.05037611911 	 0.44689470380 
0.70548023107 	 353.39674759658 	 0.45324558529 
0.70548023107 	 366.19007031450 	 0.45967173691 
0.70548023107 	 379.44652436364 	 0.46617011687 
0.70548023107 	 393.18287557058 	 0.47273876077 
0.70548023107 	 407.41649670190 	 0.47938346940 
0.70548023107 	 422.16538943608 	 0.48609404309 
0.70548023107 	 437.44820713071 	 0.49287443545 
0.70548023107 	 453.28427841392 	 0.49972245572 
0.70548023107 	 469.69363162995 	 0.50663893561 
0.70548023107 	 486.69702016948 	 0.51362285955 
0.70548023107 	 504.31594871714 	 0.52067211472 
0.70548023107 	 522.57270044903 	 0.52778400942 
0.70548023107 	 541.49036521501 	 0.53495754304 
0.70548023107 	 561.09286874100 	 0.54219133006 
0.70548023107 	 581.40500288865 	 0.54948372668 
0.70548023107 	 602.45245701027 	 0.55683284986 
0.70548023107 	 624.26185043890 	 0.56423631593 
0.70548023107 	 646.86076615463 	 0.57169523945 
0.70548023107 	 670.27778566954 	 0.57920253245 
0.70548023107 	 694.54252517561 	 0.58675751788 
0.70548023107 	 719.68567300115 	 0.59435673552 
0.70548023107 	 745.73902842330 	 0.60199814433 
0.70548023107 	 772.73554188543 	 0.60967894562 
0.70548023107 	 800.70935667059 	 0.61739642813 
0.70548023107 	 829.69585208349 	 0.62514726532 
0.70548023107 	 859.73168819576 	 0.63292653761 
0.70548023107 	 890.85485221102 	 0.64073200353 
0.70548023107 	 923.10470650840 	 0.64856062060 
0.70548023107 	 956.52203842531 	 0.65640756930 
0.70548023107 	 991.14911184236 	 0.66426878231 
0.70548023107 	 1027.02972063577 	 0.67214001327 
0.70548023107 	 1064.20924406472 	 0.68001665012 
0.70548023107 	 1102.73470416390 	 0.68789468149 
0.70548023107 	 1142.65482521357 	 0.69577003851 
0.70548023107 	 1184.02009536266 	 0.70363808796 
0.70548023107 	 1226.88283048257 	 0.71149251846 
0.70548023107 	 1271.29724033264 	 0.71932874550 
0.70548023107 	 1317.31949712075 	 0.72714120833 
0.70548023107 	 1365.00780654601 	 0.73492608357 
0.70548023107 	 1414.42248141323 	 0.74267744650 
0.70548023107 	 1465.62601791225 	 0.75039008734 
0.70548023107 	 1518.68317465873 	 0.75805940988 
0.70548023107 	 1573.66105459626 	 0.76567532784 
0.70548023107 	 1630.62918986345 	 0.77323524231 
0.70548023107 	 1689.65962973324 	 0.78073423253 
0.70548023107 	 1750.82703173573 	 0.78816617911 
0.70548023107 	 1814.20875607977 	 0.79552360025 
0.70548023107 	 1879.88496349267 	 0.80280146827 
0.70548023107 	 1947.93871660183 	 0.80999497019 
0.70548023107 	 2018.45608498650 	 0.81709911173 
0.70548023107 	 2091.52625403246 	 0.82410744588 
0.70548023107 	 2167.24163772744 	 0.83101230313 
0.70548023107 	 2245.69799553977 	 0.83780921868 
0.70548023107 	 2326.99455352823 	 0.84449392096 
0.70548023107 	 2411.23412983612 	 0.85106150119 
0.70548023107 	 2498.52326472839 	 0.85750640259 
0.70548023107 	 2588.97235533627 	 0.86382168827 
0.70548023107 	 2682.69579527972 	 0.87000348732 
0.70548023107 	 2779.81211934445 	 0.87604749328 
0.70548023107 	 2880.44415339630 	 0.88194979698 
0.70548023107 	 2984.71916972271 	 0.88770893066 
0.70548023107 	 3092.76904799777 	 0.89331900813 
0.70548023107 	 3204.73044207429 	 0.89877276304 
0.70548023107 	 3320.74495281390 	 0.90406972839 
0.70548023107 	 3440.95930717388 	 0.90920642629 
0.70548023107 	 3565.52554377701 	 0.91418349515 
0.70548023107 	 3694.60120519930 	 0.91899774528 
0.70548023107 	 3828.34953721869 	 0.92364609206 
0.70548023107 	 3966.93969527677 	 0.92812466264 
0.70548023107 	 4110.54695841470 	 0.93243483493 
0.70548023107 	 4259.35295095366 	 0.93657546259 
0.70548023107 	 4413.54587220053 	 0.94054792732 
0.70548023107 	 4573.32073446906 	 0.94435259468 
0.70548023107 	 4738.87960971766 	 0.94798787448 
0.70548023107 	 4910.43188511573 	 0.95145372930 
0.70548023107 	 5088.19452786179 	 0.95475398521 
0.70548023107 	 5272.39235958825 	 0.95788951656 
0.70548023107 	 5463.25834069991 	 0.96086260093 
0.70548023107 	 5661.03386500583 	 0.96367541351 
0.70548023107 	 5865.96906501720 	 0.96633039638 
0.70548023107 	 6078.32312829723 	 0.96883251044 
0.70548023107 	 6298.36462526327 	 0.97118279033 
0.70548023107 	 6526.37184885573 	 0.97338641288 
0.70548023107 	 6762.63316650331 	 0.97544728246 
0.70548023107 	 7007.44738482975 	 0.97736967128 
0.70548023107 	 7261.12412756334 	 0.97915820210 
0.70548023107 	 7523.98422712716 	 0.98081748083 
0.70548023107 	 7796.36013040524 	 0.98235260104 
0.70548023107 	 8078.59631919787 	 0.98376875833 
0.70548023107 	 8371.04974589791 	 0.98507117867 
0.70548023107 	 8674.09028493891 	 0.98626550574 
0.70548023107 	 8988.10120058618 	 0.98735597017 
0.70548023107 	 9313.47963166233 	 0.98834875152 
0.70548023107 	 9650.63709382046 	 0.98925020870 
0.70548023107 	 10000.00000000000 	 0.99006307124 
