0.00497702356 	 0.00000000000 	 0.00000000150 
0.00497702356 	 0.01000000000 	 0.00000000144 
0.00497702356 	 0.02000000000 	 0.00000000138 
0.00497702356 	 0.03000000000 	 0.00000000131 
0.00497702356 	 0.04000000000 	 0.00000000124 
0.00497702356 	 0.05000000000 	 0.00000000117 
0.00497702356 	 0.06000000000 	 0.00000000108 
0.00497702356 	 0.07000000000 	 0.00000000100 
0.00497702356 	 0.08000000000 	 0.00000000093 
0.00497702356 	 0.09000000000 	 0.00000000762 
0.00497702356 	 0.10000000000 	 0.00000000497 
0.00497702356 	 0.11000000000 	 0.00000000492 
0.00497702356 	 0.12000000000 	 0.00000000488 
0.00497702356 	 0.13000000000 	 0.00000000484 
0.00497702356 	 0.14000000000 	 0.00000000480 
0.00497702356 	 0.15000000000 	 0.00000000477 
0.00497702356 	 0.16000000000 	 0.00000000475 
0.00497702356 	 0.17000000000 	 0.00000000472 
0.00497702356 	 0.18000000000 	 0.00000000470 
0.00497702356 	 0.19000000000 	 -0.00000000185 
0.00497702356 	 0.20000000000 	 -0.00000000192 
0.00497702356 	 0.21000000000 	 -0.00000000200 
0.00497702356 	 0.22000000000 	 0.00000000002 
0.00497702356 	 0.23000000000 	 0.00000000002 
0.00497702356 	 0.24000000000 	 0.00000000002 
0.00497702356 	 0.25000000000 	 0.00000000002 
0.00497702356 	 0.26000000000 	 0.00000000002 
0.00497702356 	 0.27000000000 	 0.00000000002 
0.00497702356 	 0.28000000000 	 0.00000000002 
0.00497702356 	 0.29000000000 	 0.00000000002 
0.00497702356 	 0.30000000000 	 0.00000000002 
0.00497702356 	 0.31000000000 	 0.00000000002 
0.00497702356 	 0.32000000000 	 0.00000000002 
0.00497702356 	 0.33000000000 	 0.00000000002 
0.00497702356 	 0.34000000000 	 0.00000000002 
0.00497702356 	 0.35000000000 	 0.00000000002 
0.00497702356 	 0.36000000000 	 0.00000000003 
0.00497702356 	 0.37000000000 	 0.00000000003 
0.00497702356 	 0.38000000000 	 0.00000000003 
0.00497702356 	 0.39000000000 	 0.00000000003 
0.00497702356 	 0.40000000000 	 0.00000000001 
0.00497702356 	 0.41000000000 	 0.00000000001 
0.00497702356 	 0.42000000000 	 0.00000000001 
0.00497702356 	 0.43000000000 	 -0.00000000054 
0.00497702356 	 0.44000000000 	 -0.00000000058 
0.00497702356 	 0.45000000000 	 -0.00000000061 
0.00497702356 	 0.46000000000 	 -0.00000000065 
0.00497702356 	 0.47000000000 	 -0.00000000070 
0.00497702356 	 0.48000000000 	 -0.00000000074 
0.00497702356 	 0.49000000000 	 -0.00000000078 
0.00497702356 	 0.50000000000 	 -0.00000000082 
0.00497702356 	 0.51000000000 	 -0.00000000086 
0.00497702356 	 0.52000000000 	 -0.00000000090 
0.00497702356 	 0.53000000000 	 -0.00000000093 
0.00497702356 	 0.54000000000 	 -0.00000000097 
0.00497702356 	 0.55000000000 	 -0.00000000101 
0.00497702356 	 0.56000000000 	 -0.00000000104 
0.00497702356 	 0.57000000000 	 -0.00000000333 
0.00497702356 	 0.58000000000 	 -0.00000000331 
0.00497702356 	 0.59000000000 	 -0.00000000197 
0.00497702356 	 0.60000000000 	 -0.00000000218 
0.00497702356 	 0.61000000000 	 -0.00000000236 
0.00497702356 	 0.62000000000 	 -0.00000000256 
0.00497702356 	 0.63000000000 	 -0.00000000028 
0.00497702356 	 0.64000000000 	 -0.00000000100 
0.00497702356 	 0.65000000000 	 -0.00000000156 
0.00497702356 	 0.66000000000 	 -0.00000000226 
0.00497702356 	 0.67000000000 	 -0.00000000193 
0.00497702356 	 0.68000000000 	 -0.00000000209 
0.00497702356 	 0.69000000000 	 -0.00000000225 
0.00497702356 	 0.70000000000 	 -0.00000000183 
0.00497702356 	 0.71000000000 	 -0.00000000207 
0.00497702356 	 0.72000000000 	 -0.00000000229 
0.00497702356 	 0.73000000000 	 -0.00000000255 
0.00497702356 	 0.74000000000 	 -0.00000000302 
0.00497702356 	 0.75000000000 	 -0.00000000092 
0.00497702356 	 0.76000000000 	 -0.00000000093 
0.00497702356 	 0.77000000000 	 -0.00000000094 
0.00497702356 	 0.78000000000 	 -0.00000000095 
0.00497702356 	 0.79000000000 	 -0.00000000096 
0.00497702356 	 0.80000000000 	 -0.00000000298 
0.00497702356 	 0.81000000000 	 -0.00000000286 
0.00497702356 	 0.82000000000 	 -0.00000000058 
0.00497702356 	 0.83000000000 	 -0.00000000076 
0.00497702356 	 0.84000000000 	 -0.00000000089 
0.00497702356 	 0.85000000000 	 -0.00000000025 
0.00497702356 	 0.86000000000 	 -0.00000000044 
0.00497702356 	 0.87000000000 	 0.00000000031 
0.00497702356 	 0.88000000000 	 -0.00000000004 
0.00497702356 	 0.89000000000 	 -0.00000000035 
0.00497702356 	 0.90000000000 	 -0.00000000064 
0.00497702356 	 0.91000000000 	 -0.00000000095 
0.00497702356 	 0.92000000000 	 -0.00000000120 
0.00497702356 	 0.93000000000 	 -0.00000000148 
0.00497702356 	 0.94000000000 	 -0.00000000174 
0.00497702356 	 0.95000000000 	 -0.00000000209 
0.00497702356 	 0.96000000000 	 -0.00000000241 
0.00497702356 	 0.97000000000 	 -0.00000000274 
0.00497702356 	 0.98000000000 	 -0.00000000299 
0.00497702356 	 0.99000000000 	 -0.00000000327 
0.00497702356 	 1.00000000000 	 -0.00000000352 
0.00497702356 	 1.03620101997 	 -0.00000000089 
0.00497702356 	 1.07371255379 	 -0.00000000266 
0.00497702356 	 1.11258204340 	 -0.00000000288 
0.00497702356 	 1.15285864817 	 -0.00000000322 
0.00497702356 	 1.19459330712 	 -0.00000000341 
0.00497702356 	 1.23783880329 	 -0.00000000358 
0.00497702356 	 1.28264983053 	 0.00000000002 
0.00497702356 	 1.32908306266 	 0.00000000002 
0.00497702356 	 1.37719722516 	 0.00000000002 
0.00497702356 	 1.42705316941 	 0.00000000002 
0.00497702356 	 1.47871394970 	 0.00000000001 
0.00497702356 	 1.53224490292 	 0.00000000002 
0.00497702356 	 1.58771373126 	 0.00000000002 
0.00497702356 	 1.64519058775 	 0.00000000002 
0.00497702356 	 1.70474816508 	 0.00000000002 
0.00497702356 	 1.76646178745 	 0.00000000002 
0.00497702356 	 1.83040950590 	 0.00000000002 
0.00497702356 	 1.89667219698 	 0.00000000002 
0.00497702356 	 1.96533366506 	 0.00000000002 
0.00497702356 	 2.03648074833 	 0.00000000002 
0.00497702356 	 2.11020342857 	 0.00000000002 
0.00497702356 	 2.18659494503 	 0.00000000002 
0.00497702356 	 2.26575191231 	 0.00000000002 
0.00497702356 	 2.34777444254 	 0.00000000002 
0.00497702356 	 2.43276627202 	 0.00000000002 
0.00497702356 	 2.52083489243 	 0.00000000014 
0.00497702356 	 2.61209168671 	 0.00000000017 
0.00497702356 	 2.70665207003 	 0.00000000017 
0.00497702356 	 2.80463563568 	 0.00000000017 
0.00497702356 	 2.90616630634 	 0.00000000017 
0.00497702356 	 3.01137249084 	 0.00000000018 
0.00497702356 	 3.12038724653 	 0.00000000018 
0.00497702356 	 3.23334844756 	 0.00000000020 
0.00497702356 	 3.35039895929 	 -0.00000000050 
0.00497702356 	 3.47168681893 	 -0.00000000086 
0.00497702356 	 3.59736542280 	 -0.00000000034 
0.00497702356 	 3.72759372031 	 -0.00000000009 
0.00497702356 	 3.86253641503 	 -0.00000000012 
0.00497702356 	 4.00236417294 	 0.00000000012 
0.00497702356 	 4.14725383830 	 -0.00000000122 
0.00497702356 	 4.29738865733 	 -0.00000000150 
0.00497702356 	 4.45295850994 	 -0.00000000198 
0.00497702356 	 4.61416014990 	 -0.00000000243 
0.00497702356 	 4.78119745364 	 -0.00000000309 
0.00497702356 	 4.95428167815 	 -0.00000000394 
0.00497702356 	 5.13363172813 	 -0.00000000730 
0.00497702356 	 5.31947443285 	 -0.00000000687 
0.00497702356 	 5.51204483304 	 -0.00000000653 
0.00497702356 	 5.71158647813 	 -0.00000000289 
0.00497702356 	 5.91835173430 	 -0.00000000256 
0.00497702356 	 6.13260210363 	 -0.00000000233 
0.00497702356 	 6.35460855487 	 -0.00000000162 
0.00497702356 	 6.58465186608 	 -0.00000000149 
0.00497702356 	 6.82302297979 	 0.00000000056 
0.00497702356 	 7.07002337096 	 0.00000000112 
0.00497702356 	 7.32596542822 	 0.00000000321 
0.00497702356 	 7.59117284900 	 0.00000000283 
0.00497702356 	 7.86598104892 	 0.00000000293 
0.00497702356 	 8.15073758597 	 0.00000000316 
0.00497702356 	 8.44580260011 	 -0.00000000092 
0.00497702356 	 8.75154926872 	 -0.00000000048 
0.00497702356 	 9.06836427859 	 -0.00000000046 
0.00497702356 	 9.39664831495 	 -0.00000000041 
0.00497702356 	 9.73681656828 	 -0.00000000030 
0.00497702356 	 10.08929925933 	 0.00000000053 
0.00497702356 	 10.45454218333 	 0.00000000105 
0.00497702356 	 10.83300727371 	 0.00000000120 
0.00497702356 	 11.22517318638 	 0.00000000148 
0.00497702356 	 11.63153590510 	 0.00000000305 
0.00497702356 	 12.05260936871 	 0.00000000172 
0.00497702356 	 12.48892612118 	 -0.00000000248 
0.00497702356 	 12.94103798513 	 0.00000000128 
0.00497702356 	 13.40951675969 	 0.00000000027 
0.00497702356 	 13.89495494373 	 -0.00000000002 
0.00497702356 	 14.39796648516 	 -0.00000000003 
0.00497702356 	 14.91918755746 	 -0.00000000006 
0.00497702356 	 15.45927736419 	 -0.00000000006 
0.00497702356 	 16.01891897281 	 0.00000000013 
0.00497702356 	 16.59882017849 	 0.00000000015 
0.00497702356 	 17.19971439928 	 0.00000000271 
0.00497702356 	 17.82236160377 	 0.00000000362 
0.00497702356 	 18.46754927215 	 -0.00000000013 
0.00497702356 	 19.13609339219 	 -0.00000000718 
0.00497702356 	 19.82883949127 	 0.00000000089 
0.00497702356 	 20.54666370572 	 0.00000000268 
0.00497702356 	 21.29047388890 	 0.00000000199 
0.00497702356 	 22.06121075937 	 -0.00000000197 
0.00497702356 	 22.85984909069 	 -0.00000000048 
0.00497702356 	 23.68739894419 	 -0.00000000656 
0.00497702356 	 24.54490694646 	 -0.00000000712 
0.00497702356 	 25.43345761305 	 -0.00000000563 
0.00497702356 	 26.35417472006 	 -0.00000000029 
0.00497702356 	 27.30822272546 	 0.00000000366 
0.00497702356 	 28.29680824175 	 0.00000000232 
0.00497702356 	 29.32118156207 	 0.00000000324 
0.00497702356 	 30.38263824141 	 -0.00000000630 
0.00497702356 	 31.48252073520 	 -0.00000000589 
0.00497702356 	 32.62222009712 	 0.00000000027 
0.00497702356 	 33.80317773840 	 -0.00000000179 
0.00497702356 	 35.02688725083 	 0.00000000388 
0.00497702356 	 36.29489629577 	 0.00000000414 
0.00497702356 	 37.60880856147 	 0.00000000487 
0.00497702356 	 38.97028579134 	 0.00000000433 
0.00497702356 	 40.38104988560 	 0.00000000768 
0.00497702356 	 41.84288507902 	 0.00000001046 
0.00497702356 	 43.35764019746 	 0.00000000738 
0.00497702356 	 44.92723099621 	 0.00000001018 
0.00497702356 	 46.55364258280 	 0.00000000599 
0.00497702356 	 48.23893192773 	 0.00000000090 
0.00497702356 	 49.98523046589 	 -0.00000000831 
0.00497702356 	 51.79474679231 	 -0.00000001181 
0.00497702356 	 53.66976945540 	 0.00000000203 
0.00497702356 	 55.61266985137 	 -0.00000000082 
0.00497702356 	 57.62590522338 	 -0.00000000486 
0.00497702356 	 59.71202176930 	 0.00000000049 
0.00497702356 	 61.87365786196 	 0.00000000194 
0.00497702356 	 64.11354738598 	 -0.00000001543 
0.00497702356 	 66.43452319540 	 -0.00000000151 
0.00497702356 	 68.83952069645 	 -0.00000000580 
0.00497702356 	 71.33158156008 	 -0.00000001905 
0.00497702356 	 73.91385756879 	 -0.00000001661 
0.00497702356 	 76.58961460288 	 -0.00000000779 
0.00497702356 	 79.36223677079 	 -0.00000000208 
0.00497702356 	 82.23523068918 	 -0.00000002050 
0.00497702356 	 85.21222991780 	 -0.00000002399 
0.00497702356 	 88.29699955494 	 -0.00000001225 
0.00497702356 	 91.49344099933 	 -0.00000000221 
0.00497702356 	 94.80559688429 	 -0.00000000199 
0.00497702356 	 98.23765619059 	 0.00000001006 
0.00497702356 	 101.79395954438 	 0.00000003498 
0.00497702356 	 105.47900470692 	 0.00000001876 
0.00497702356 	 109.29745226298 	 -0.00000001709 
0.00497702356 	 113.25413151528 	 -0.00000005387 
0.00497702356 	 117.35404659222 	 0.00000003742 
0.00497702356 	 121.60238277674 	 0.00000001005 
0.00497702356 	 126.00451306433 	 -0.00000002753 
0.00497702356 	 130.56600495838 	 -0.00000002120 
0.00497702356 	 135.29262751160 	 0.00000002004 
0.00497702356 	 140.19035862226 	 -0.00000014361 
0.00497702356 	 145.26539259468 	 -0.00000014120 
0.00497702356 	 150.52414797329 	 -0.00000004386 
0.00497702356 	 155.97327566040 	 -0.00000008628 
0.00497702356 	 161.61966732774 	 -0.00000000609 
0.00497702356 	 167.47046413260 	 0.00000001185 
0.00497702356 	 173.53306574945 	 0.00000004636 
0.00497702356 	 179.81513972851 	 0.00000000182 
0.00497702356 	 186.32463119316 	 -0.00000002818 
0.00497702356 	 193.06977288832 	 -0.00000014326 
0.00497702356 	 200.05909559272 	 -0.00000002779 
0.00497702356 	 207.30143890792 	 -0.00000004486 
0.00497702356 	 214.80596243813 	 0.00000008730 
0.00497702356 	 222.58215737454 	 0.00000017017 
0.00497702356 	 230.63985849915 	 0.00000011066 
0.00497702356 	 238.98925662311 	 0.00000029601 
0.00497702356 	 247.64091147530 	 0.00000052480 
0.00497702356 	 256.60576505760 	 0.00000086200 
0.00497702356 	 265.89515548347 	 0.00000125474 
0.00497702356 	 275.52083131769 	 0.00000178961 
0.00497702356 	 285.49496643503 	 0.00000257222 
0.00497702356 	 295.83017541695 	 0.00000359609 
0.00497702356 	 306.53952950565 	 0.00000496895 
0.00497702356 	 317.63657313561 	 0.00000699513 
0.00497702356 	 329.13534106365 	 0.00000972654 
0.00497702356 	 341.05037611911 	 0.00001324942 
0.00497702356 	 353.39674759658 	 0.00001782996 
0.00497702356 	 366.19007031450 	 0.00002385695 
0.00497702356 	 379.44652436364 	 0.00003173957 
0.00497702356 	 393.18287557058 	 0.00004192429 
0.00497702356 	 407.41649670190 	 0.00005477381 
0.00497702356 	 422.16538943608 	 0.00007092691 
0.00497702356 	 437.44820713071 	 0.00009134105 
0.00497702356 	 453.28427841392 	 0.00011679632 
0.00497702356 	 469.69363162995 	 0.00014809646 
0.00497702356 	 486.69702016948 	 0.00018635817 
0.00497702356 	 504.31594871714 	 0.00023321331 
0.00497702356 	 522.57270044903 	 0.00028974770 
0.00497702356 	 541.49036521501 	 0.00035751665 
0.00497702356 	 561.09286874100 	 0.00043846213 
0.00497702356 	 581.40500288865 	 0.00053439627 
0.00497702356 	 602.45245701027 	 0.00064756284 
0.00497702356 	 624.26185043890 	 0.00077997184 
0.00497702356 	 646.86076615463 	 0.00093393388 
0.00497702356 	 670.27778566954 	 0.00111208924 
0.00497702356 	 694.54252517561 	 0.00131735186 
0.00497702356 	 719.68567300115 	 0.00155193063 
0.00497702356 	 745.73902842330 	 0.00181894456 
0.00497702356 	 772.73554188543 	 0.00212124580 
0.00497702356 	 800.70935667059 	 0.00246185882 
0.00497702356 	 829.69585208349 	 0.00284379140 
0.00497702356 	 859.73168819576 	 0.00327009596 
0.00497702356 	 890.85485221102 	 0.00374365698 
0.00497702356 	 923.10470650840 	 0.00426715356 
0.00497702356 	 956.52203842531 	 0.00484326028 
0.00497702356 	 991.14911184236 	 0.00547499694 
0.00497702356 	 1027.02972063577 	 0.00616474485 
0.00497702356 	 1064.20924406472 	 0.00691479165 
0.00497702356 	 1102.73470416390 	 0.00772729640 
0.00497702356 	 1142.65482521357 	 0.00860391026 
0.00497702356 	 1184.02009536266 	 0.00954650656 
0.00497702356 	 1226.88283048257 	 0.01055644101 
0.00497702356 	 1271.29724033264 	 0.01163478674 
0.00497702356 	 1317.31949712075 	 0.01278269110 
0.00497702356 	 1365.00780654601 	 0.01400050403 
0.00497702356 	 1414.42248141323 	 0.01528811248 
0.00497702356 	 1465.62601791225 	 0.01664575230 
0.00497702356 	 1518.68317465873 	 0.01807326216 
0.00497702356 	 1573.66105459626 	 0.01956976773 
0.00497702356 	 1630.62918986345 	 0.02113447276 
0.00497702356 	 1689.65962973324 	 0.02276621553 
0.00497702356 	 1750.82703173573 	 0.02446297606 
0.00497702356 	 1814.20875607977 	 0.02622416128 
0.00497702356 	 1879.88496349267 	 0.02804704696 
0.00497702356 	 1947.93871660183 	 0.02993023270 
0.00497702356 	 2018.45608498650 	 0.03187090360 
0.00497702356 	 2091.52625403246 	 0.03386700454 
0.00497702356 	 2167.24163772744 	 0.03591607861 
0.00497702356 	 2245.69799553977 	 0.03801559632 
0.00497702356 	 2326.99455352823 	 0.04016360406 
0.00497702356 	 2411.23412983612 	 0.04235721248 
0.00497702356 	 2498.52326472839 	 0.04459416044 
0.00497702356 	 2588.97235533627 	 0.04687159590 
0.00497702356 	 2682.69579527972 	 0.04918764434 
0.00497702356 	 2779.81211934445 	 0.05154003316 
0.00497702356 	 2880.44415339630 	 0.05392677223 
0.00497702356 	 2984.71916972271 	 0.05634624639 
0.00497702356 	 3092.76904799777 	 0.05879732428 
0.00497702356 	 3204.73044207429 	 0.06127833027 
0.00497702356 	 3320.74495281390 	 0.06378748765 
0.00497702356 	 3440.95930717388 	 0.06632426829 
0.00497702356 	 3565.52554377701 	 0.06888817770 
0.00497702356 	 3694.60120519930 	 0.07147901064 
0.00497702356 	 3828.34953721869 	 0.07409614054 
0.00497702356 	 3966.93969527677 	 0.07673907969 
0.00497702356 	 4110.54695841470 	 0.07941110194 
0.00497702356 	 4259.35295095366 	 0.08210867355 
0.00497702356 	 4413.54587220053 	 0.08483448326 
0.00497702356 	 4573.32073446906 	 0.08758962483 
0.00497702356 	 4738.87960971766 	 0.09037399239 
0.00497702356 	 4910.43188511573 	 0.09318825854 
0.00497702356 	 5088.19452786179 	 0.09603499075 
0.00497702356 	 5272.39235958825 	 0.09891527952 
0.00497702356 	 5463.25834069991 	 0.10182939703 
0.00497702356 	 5661.03386500583 	 0.10477964127 
0.00497702356 	 5865.96906501720 	 0.10776618734 
0.00497702356 	 6078.32312829723 	 0.11079047606 
0.00497702356 	 6298.36462526327 	 0.11385554399 
0.00497702356 	 6526.37184885573 	 0.11696111567 
0.00497702356 	 6762.63316650331 	 0.12010962951 
0.00497702356 	 7007.44738482975 	 0.12330139611 
0.00497702356 	 7261.12412756334 	 0.12653780994 
0.00497702356 	 7523.98422712716 	 0.12982033918 
0.00497702356 	 7796.36013040524 	 0.13314980285 
0.00497702356 	 8078.59631919787 	 0.13652920588 
0.00497702356 	 8371.04974589791 	 0.13995720029 
0.00497702356 	 8674.09028493891 	 0.14343609563 
0.00497702356 	 8988.10120058618 	 0.14696621291 
0.00497702356 	 9313.47963166233 	 0.15055136551 
0.00497702356 	 9650.63709382046 	 0.15418888845 
0.00497702356 	 10000.00000000000 	 0.15788307103 
