0.01519911083 	 0.00000000000 	 -0.00000000075 
0.01519911083 	 0.01000000000 	 -0.00000000076 
0.01519911083 	 0.02000000000 	 -0.00000000076 
0.01519911083 	 0.03000000000 	 -0.00000000076 
0.01519911083 	 0.04000000000 	 -0.00000000077 
0.01519911083 	 0.05000000000 	 -0.00000000077 
0.01519911083 	 0.06000000000 	 -0.00000000077 
0.01519911083 	 0.07000000000 	 -0.00000000078 
0.01519911083 	 0.08000000000 	 -0.00000000078 
0.01519911083 	 0.09000000000 	 -0.00000000079 
0.01519911083 	 0.10000000000 	 -0.00000000079 
0.01519911083 	 0.11000000000 	 -0.00000000080 
0.01519911083 	 0.12000000000 	 -0.00000000080 
0.01519911083 	 0.13000000000 	 -0.00000000081 
0.01519911083 	 0.14000000000 	 -0.00000000082 
0.01519911083 	 0.15000000000 	 -0.00000000086 
0.01519911083 	 0.16000000000 	 -0.00000000086 
0.01519911083 	 0.17000000000 	 -0.00000000085 
0.01519911083 	 0.18000000000 	 -0.00000000085 
0.01519911083 	 0.19000000000 	 -0.00000000085 
0.01519911083 	 0.20000000000 	 -0.00000000084 
0.01519911083 	 0.21000000000 	 -0.00000000084 
0.01519911083 	 0.22000000000 	 -0.00000000084 
0.01519911083 	 0.23000000000 	 -0.00000000083 
0.01519911083 	 0.24000000000 	 -0.00000000124 
0.01519911083 	 0.25000000000 	 -0.00000000124 
0.01519911083 	 0.26000000000 	 -0.00000000125 
0.01519911083 	 0.27000000000 	 -0.00000000125 
0.01519911083 	 0.28000000000 	 -0.00000000126 
0.01519911083 	 0.29000000000 	 -0.00000000127 
0.01519911083 	 0.30000000000 	 -0.00000000127 
0.01519911083 	 0.31000000000 	 -0.00000000128 
0.01519911083 	 0.32000000000 	 -0.00000000129 
0.01519911083 	 0.33000000000 	 -0.00000000140 
0.01519911083 	 0.34000000000 	 -0.00000000139 
0.01519911083 	 0.35000000000 	 -0.00000000139 
0.01519911083 	 0.36000000000 	 -0.00000000138 
0.01519911083 	 0.37000000000 	 -0.00000000138 
0.01519911083 	 0.38000000000 	 -0.00000000137 
0.01519911083 	 0.39000000000 	 -0.00000000137 
0.01519911083 	 0.40000000000 	 -0.00000000136 
0.01519911083 	 0.41000000000 	 -0.00000000136 
0.01519911083 	 0.42000000000 	 -0.00000000135 
0.01519911083 	 0.43000000000 	 -0.00000000135 
0.01519911083 	 0.44000000000 	 -0.00000000135 
0.01519911083 	 0.45000000000 	 -0.00000000134 
0.01519911083 	 0.46000000000 	 -0.00000000134 
0.01519911083 	 0.47000000000 	 -0.00000000072 
0.01519911083 	 0.48000000000 	 -0.00000000071 
0.01519911083 	 0.49000000000 	 -0.00000000071 
0.01519911083 	 0.50000000000 	 -0.00000000071 
0.01519911083 	 0.51000000000 	 -0.00000000070 
0.01519911083 	 0.52000000000 	 -0.00000000070 
0.01519911083 	 0.53000000000 	 -0.00000000074 
0.01519911083 	 0.54000000000 	 -0.00000000074 
0.01519911083 	 0.55000000000 	 -0.00000000074 
0.01519911083 	 0.56000000000 	 0.00000000195 
0.01519911083 	 0.57000000000 	 0.00000000200 
0.01519911083 	 0.58000000000 	 0.00000000353 
0.01519911083 	 0.59000000000 	 0.00000000353 
0.01519911083 	 0.60000000000 	 0.00000000354 
0.01519911083 	 0.61000000000 	 0.00000000355 
0.01519911083 	 0.62000000000 	 0.00000000355 
0.01519911083 	 0.63000000000 	 0.00000000356 
0.01519911083 	 0.64000000000 	 0.00000000356 
0.01519911083 	 0.65000000000 	 -0.00000001177 
0.01519911083 	 0.66000000000 	 -0.00000001131 
0.01519911083 	 0.67000000000 	 -0.00000001086 
0.01519911083 	 0.68000000000 	 -0.00000001038 
0.01519911083 	 0.69000000000 	 -0.00000000992 
0.01519911083 	 0.70000000000 	 -0.00000000947 
0.01519911083 	 0.71000000000 	 -0.00000000903 
0.01519911083 	 0.72000000000 	 -0.00000000858 
0.01519911083 	 0.73000000000 	 -0.00000000816 
0.01519911083 	 0.74000000000 	 -0.00000000774 
0.01519911083 	 0.75000000000 	 -0.00000000725 
0.01519911083 	 0.76000000000 	 -0.00000000678 
0.01519911083 	 0.77000000000 	 0.00000000014 
0.01519911083 	 0.78000000000 	 0.00000000013 
0.01519911083 	 0.79000000000 	 0.00000000011 
0.01519911083 	 0.80000000000 	 0.00000000014 
0.01519911083 	 0.81000000000 	 0.00000000014 
0.01519911083 	 0.82000000000 	 0.00000000014 
0.01519911083 	 0.83000000000 	 0.00000000014 
0.01519911083 	 0.84000000000 	 0.00000000014 
0.01519911083 	 0.85000000000 	 0.00000000013 
0.01519911083 	 0.86000000000 	 0.00000000013 
0.01519911083 	 0.87000000000 	 0.00000000013 
0.01519911083 	 0.88000000000 	 0.00000000013 
0.01519911083 	 0.89000000000 	 0.00000000012 
0.01519911083 	 0.90000000000 	 0.00000000012 
0.01519911083 	 0.91000000000 	 0.00000000012 
0.01519911083 	 0.92000000000 	 0.00000000011 
0.01519911083 	 0.93000000000 	 0.00000000011 
0.01519911083 	 0.94000000000 	 0.00000000011 
0.01519911083 	 0.95000000000 	 0.00000000010 
0.01519911083 	 0.96000000000 	 0.00000000010 
0.01519911083 	 0.97000000000 	 0.00000000010 
0.01519911083 	 0.98000000000 	 0.00000000009 
0.01519911083 	 0.99000000000 	 0.00000000009 
0.01519911083 	 1.00000000000 	 0.00000000009 
0.01519911083 	 1.03620101997 	 0.00000000008 
0.01519911083 	 1.07371255379 	 -0.00000000145 
0.01519911083 	 1.11258204340 	 -0.00000000145 
0.01519911083 	 1.15285864817 	 -0.00000000146 
0.01519911083 	 1.19459330712 	 -0.00000000146 
0.01519911083 	 1.23783880329 	 -0.00000000145 
0.01519911083 	 1.28264983053 	 -0.00000000146 
0.01519911083 	 1.32908306266 	 -0.00000000085 
0.01519911083 	 1.37719722516 	 -0.00000000087 
0.01519911083 	 1.42705316941 	 -0.00000000038 
0.01519911083 	 1.47871394970 	 -0.00000000041 
0.01519911083 	 1.53224490292 	 -0.00000000043 
0.01519911083 	 1.58771373126 	 -0.00000000045 
0.01519911083 	 1.64519058775 	 -0.00000000048 
0.01519911083 	 1.70474816508 	 -0.00000000051 
0.01519911083 	 1.76646178745 	 -0.00000000007 
0.01519911083 	 1.83040950590 	 -0.00000000010 
0.01519911083 	 1.89667219698 	 -0.00000000012 
0.01519911083 	 1.96533366506 	 -0.00000000016 
0.01519911083 	 2.03648074833 	 -0.00000000019 
0.01519911083 	 2.11020342857 	 0.00000000011 
0.01519911083 	 2.18659494503 	 0.00000000010 
0.01519911083 	 2.26575191231 	 0.00000000010 
0.01519911083 	 2.34777444254 	 0.00000000009 
0.01519911083 	 2.43276627202 	 0.00000000008 
0.01519911083 	 2.52083489243 	 0.00000000007 
0.01519911083 	 2.61209168671 	 0.00000000007 
0.01519911083 	 2.70665207003 	 0.00000000029 
0.01519911083 	 2.80463563568 	 0.00000000352 
0.01519911083 	 2.90616630634 	 0.00000000262 
0.01519911083 	 3.01137249084 	 -0.00000000226 
0.01519911083 	 3.12038724653 	 -0.00000000256 
0.01519911083 	 3.23334844756 	 -0.00000001214 
0.01519911083 	 3.35039895929 	 0.00000000219 
0.01519911083 	 3.47168681893 	 -0.00000000265 
0.01519911083 	 3.59736542280 	 -0.00000000443 
0.01519911083 	 3.72759372031 	 -0.00000000549 
0.01519911083 	 3.86253641503 	 -0.00000002248 
0.01519911083 	 4.00236417294 	 -0.00000002312 
0.01519911083 	 4.14725383830 	 -0.00000002558 
0.01519911083 	 4.29738865733 	 0.00000000038 
0.01519911083 	 4.45295850994 	 0.00000000020 
0.01519911083 	 4.61416014990 	 0.00000000129 
0.01519911083 	 4.78119745364 	 0.00000000136 
0.01519911083 	 4.95428167815 	 0.00000000304 
0.01519911083 	 5.13363172813 	 0.00000000023 
0.01519911083 	 5.31947443285 	 0.00000000022 
0.01519911083 	 5.51204483304 	 0.00000000021 
0.01519911083 	 5.71158647813 	 0.00000000021 
0.01519911083 	 5.91835173430 	 0.00000000299 
0.01519911083 	 6.13260210363 	 0.00000000268 
0.01519911083 	 6.35460855487 	 0.00000000348 
0.01519911083 	 6.58465186608 	 0.00000000047 
0.01519911083 	 6.82302297979 	 0.00000000049 
0.01519911083 	 7.07002337096 	 0.00000000054 
0.01519911083 	 7.32596542822 	 0.00000000062 
0.01519911083 	 7.59117284900 	 0.00000000071 
0.01519911083 	 7.86598104892 	 0.00000000091 
0.01519911083 	 8.15073758597 	 0.00000001801 
0.01519911083 	 8.44580260011 	 0.00000000672 
0.01519911083 	 8.75154926872 	 0.00000002673 
0.01519911083 	 9.06836427859 	 0.00000000586 
0.01519911083 	 9.39664831495 	 0.00000000302 
0.01519911083 	 9.73681656828 	 0.00000000020 
0.01519911083 	 10.08929925933 	 0.00000000017 
0.01519911083 	 10.45454218333 	 0.00000000035 
0.01519911083 	 10.83300727371 	 0.00000000043 
0.01519911083 	 11.22517318638 	 0.00000000151 
0.01519911083 	 11.63153590510 	 -0.00000001437 
0.01519911083 	 12.05260936871 	 -0.00000000671 
0.01519911083 	 12.48892612118 	 -0.00000001241 
0.01519911083 	 12.94103798513 	 0.00000000065 
0.01519911083 	 13.40951675969 	 0.00000001951 
0.01519911083 	 13.89495494373 	 0.00000004273 
0.01519911083 	 14.39796648516 	 0.00000001872 
0.01519911083 	 14.91918755746 	 0.00000004237 
0.01519911083 	 15.45927736419 	 0.00000002937 
0.01519911083 	 16.01891897281 	 -0.00000000285 
0.01519911083 	 16.59882017849 	 -0.00000000517 
0.01519911083 	 17.19971439928 	 -0.00000000770 
0.01519911083 	 17.82236160377 	 -0.00000000775 
0.01519911083 	 18.46754927215 	 -0.00000000679 
0.01519911083 	 19.13609339219 	 -0.00000000788 
0.01519911083 	 19.82883949127 	 -0.00000000445 
0.01519911083 	 20.54666370572 	 -0.00000000225 
0.01519911083 	 21.29047388890 	 0.00000000114 
0.01519911083 	 22.06121075937 	 0.00000000698 
0.01519911083 	 22.85984909069 	 -0.00000000302 
0.01519911083 	 23.68739894419 	 -0.00000000103 
0.01519911083 	 24.54490694646 	 -0.00000000260 
0.01519911083 	 25.43345761305 	 -0.00000000812 
0.01519911083 	 26.35417472006 	 -0.00000000718 
0.01519911083 	 27.30822272546 	 -0.00000000557 
0.01519911083 	 28.29680824175 	 -0.00000000421 
0.01519911083 	 29.32118156207 	 0.00000000698 
0.01519911083 	 30.38263824141 	 0.00000000523 
0.01519911083 	 31.48252073520 	 0.00000000211 
0.01519911083 	 32.62222009712 	 0.00000000448 
0.01519911083 	 33.80317773840 	 0.00000000283 
0.01519911083 	 35.02688725083 	 0.00000000227 
0.01519911083 	 36.29489629577 	 0.00000000548 
0.01519911083 	 37.60880856147 	 0.00000000374 
0.01519911083 	 38.97028579134 	 0.00000000661 
0.01519911083 	 40.38104988560 	 -0.00000002374 
0.01519911083 	 41.84288507902 	 -0.00000001227 
0.01519911083 	 43.35764019746 	 -0.00000001334 
0.01519911083 	 44.92723099621 	 -0.00000001609 
0.01519911083 	 46.55364258280 	 -0.00000000745 
0.01519911083 	 48.23893192773 	 -0.00000002355 
0.01519911083 	 49.98523046589 	 -0.00000001126 
0.01519911083 	 51.79474679231 	 -0.00000000785 
0.01519911083 	 53.66976945540 	 0.00000003115 
0.01519911083 	 55.61266985137 	 0.00000007889 
0.01519911083 	 57.62590522338 	 0.00000004072 
0.01519911083 	 59.71202176930 	 -0.00000003189 
0.01519911083 	 61.87365786196 	 -0.00000008419 
0.01519911083 	 64.11354738598 	 0.00000002298 
0.01519911083 	 66.43452319540 	 0.00000008242 
0.01519911083 	 68.83952069645 	 0.00000020967 
0.01519911083 	 71.33158156008 	 0.00000038395 
0.01519911083 	 73.91385756879 	 0.00000059640 
0.01519911083 	 76.58961460288 	 0.00000074629 
0.01519911083 	 79.36223677079 	 0.00000111389 
0.01519911083 	 82.23523068918 	 0.00000148558 
0.01519911083 	 85.21222991780 	 0.00000228991 
0.01519911083 	 88.29699955494 	 0.00000312552 
0.01519911083 	 91.49344099933 	 0.00000434130 
0.01519911083 	 94.80559688429 	 0.00000586555 
0.01519911083 	 98.23765619059 	 0.00000786039 
0.01519911083 	 101.79395954438 	 0.00001066775 
0.01519911083 	 105.47900470692 	 0.00001441672 
0.01519911083 	 109.29745226298 	 0.00001910825 
0.01519911083 	 113.25413151528 	 0.00002511596 
0.01519911083 	 117.35404659222 	 0.00003257442 
0.01519911083 	 121.60238277674 	 0.00004228219 
0.01519911083 	 126.00451306433 	 0.00005474123 
0.01519911083 	 130.56600495838 	 0.00007030881 
0.01519911083 	 135.29262751160 	 0.00008946133 
0.01519911083 	 140.19035862226 	 0.00011284321 
0.01519911083 	 145.26539259468 	 0.00014198517 
0.01519911083 	 150.52414797329 	 0.00017753561 
0.01519911083 	 155.97327566040 	 0.00022020195 
0.01519911083 	 161.61966732774 	 0.00027181216 
0.01519911083 	 167.47046413260 	 0.00033368570 
0.01519911083 	 173.53306574945 	 0.00040706378 
0.01519911083 	 179.81513972851 	 0.00049378468 
0.01519911083 	 186.32463119316 	 0.00059563335 
0.01519911083 	 193.06977288832 	 0.00071495751 
0.01519911083 	 200.05909559272 	 0.00085348549 
0.01519911083 	 207.30143890792 	 0.00101405558 
0.01519911083 	 214.80596243813 	 0.00119840866 
0.01519911083 	 222.58215737454 	 0.00140939276 
0.01519911083 	 230.63985849915 	 0.00164992779 
0.01519911083 	 238.98925662311 	 0.00192221842 
0.01519911083 	 247.64091147530 	 0.00222930499 
0.01519911083 	 256.60576505760 	 0.00257403773 
0.01519911083 	 265.89515548347 	 0.00295931974 
0.01519911083 	 275.52083131769 	 0.00338801047 
0.01519911083 	 285.49496643503 	 0.00386293209 
0.01519911083 	 295.83017541695 	 0.00438675996 
0.01519911083 	 306.53952950565 	 0.00496209687 
0.01519911083 	 317.63657313561 	 0.00559167077 
0.01519911083 	 329.13534106365 	 0.00627791136 
0.01519911083 	 341.05037611911 	 0.00702280464 
0.01519911083 	 353.39674759658 	 0.00782914811 
0.01519911083 	 366.19007031450 	 0.00869848801 
0.01519911083 	 379.44652436364 	 0.00963213837 
0.01519911083 	 393.18287557058 	 0.01063167599 
0.01519911083 	 407.41649670190 	 0.01169829440 
0.01519911083 	 422.16538943608 	 0.01283304042 
0.01519911083 	 437.44820713071 	 0.01403648547 
0.01519911083 	 453.28427841392 	 0.01530862771 
0.01519911083 	 469.69363162995 	 0.01664987772 
0.01519911083 	 486.69702016948 	 0.01805985577 
0.01519911083 	 504.31594871714 	 0.01953777749 
0.01519911083 	 522.57270044903 	 0.02108361839 
0.01519911083 	 541.49036521501 	 0.02269550908 
0.01519911083 	 561.09286874100 	 0.02437247732 
0.01519911083 	 581.40500288865 	 0.02611273807 
0.01519911083 	 602.45245701027 	 0.02791507688 
0.01519911083 	 624.26185043890 	 0.02977731092 
0.01519911083 	 646.86076615463 	 0.03169714419 
0.01519911083 	 670.27778566954 	 0.03367243610 
0.01519911083 	 694.54252517561 	 0.03570092346 
0.01519911083 	 719.68567300115 	 0.03778031575 
0.01519911083 	 745.73902842330 	 0.03990811574 
0.01519911083 	 772.73554188543 	 0.04208180867 
0.01519911083 	 800.70935667059 	 0.04429958938 
0.01519911083 	 829.69585208349 	 0.04655898504 
0.01519911083 	 859.73168819576 	 0.04885682870 
0.01519911083 	 890.85485221102 	 0.05119140684 
0.01519911083 	 923.10470650840 	 0.05356116668 
0.01519911083 	 956.52203842531 	 0.05596386714 
0.01519911083 	 991.14911184236 	 0.05839792989 
0.01519911083 	 1027.02972063577 	 0.06086317398 
0.01519911083 	 1064.20924406472 	 0.06335638862 
0.01519911083 	 1102.73470416390 	 0.06587759395 
0.01519911083 	 1142.65482521357 	 0.06842589051 
0.01519911083 	 1184.02009536266 	 0.07100070667 
0.01519911083 	 1226.88283048257 	 0.07360182982 
0.01519911083 	 1271.29724033264 	 0.07622982530 
0.01519911083 	 1317.31949712075 	 0.07888416964 
0.01519911083 	 1365.00780654601 	 0.08156537262 
0.01519911083 	 1414.42248141323 	 0.08427397433 
0.01519911083 	 1465.62601791225 	 0.08701037391 
0.01519911083 	 1518.68317465873 	 0.08977670549 
0.01519911083 	 1573.66105459626 	 0.09257213457 
0.01519911083 	 1630.62918986345 	 0.09539906401 
0.01519911083 	 1689.65962973324 	 0.09825796507 
0.01519911083 	 1750.82703173573 	 0.10115142623 
0.01519911083 	 1814.20875607977 	 0.10407832674 
0.01519911083 	 1879.88496349267 	 0.10704216021 
0.01519911083 	 1947.93871660183 	 0.11004210148 
0.01519911083 	 2018.45608498650 	 0.11308179440 
0.01519911083 	 2091.52625403246 	 0.11616231816 
0.01519911083 	 2167.24163772744 	 0.11928425047 
0.01519911083 	 2245.69799553977 	 0.12244706108 
0.01519911083 	 2326.99455352823 	 0.12565654159 
0.01519911083 	 2411.23412983612 	 0.12890982579 
0.01519911083 	 2498.52326472839 	 0.13220958537 
0.01519911083 	 2588.97235533627 	 0.13555704463 
0.01519911083 	 2682.69579527972 	 0.13895401791 
0.01519911083 	 2779.81211934445 	 0.14240017360 
0.01519911083 	 2880.44415339630 	 0.14589814120 
0.01519911083 	 2984.71916972271 	 0.14944863787 
0.01519911083 	 3092.76904799777 	 0.15305154208 
0.01519911083 	 3204.73044207429 	 0.15670923630 
0.01519911083 	 3320.74495281390 	 0.16042289652 
0.01519911083 	 3440.95930717388 	 0.16419283501 
0.01519911083 	 3565.52554377701 	 0.16801998014 
0.01519911083 	 3694.60120519930 	 0.17190520267 
0.01519911083 	 3828.34953721869 	 0.17584877805 
0.01519911083 	 3966.93969527677 	 0.17985465907 
0.01519911083 	 4110.54695841470 	 0.18392158827 
0.01519911083 	 4259.35295095366 	 0.18805185610 
0.01519911083 	 4413.54587220053 	 0.19224374110 
0.01519911083 	 4573.32073446906 	 0.19649969364 
0.01519911083 	 4738.87960971766 	 0.20082173700 
0.01519911083 	 4910.43188511573 	 0.20520977010 
0.01519911083 	 5088.19452786179 	 0.20966413060 
0.01519911083 	 5272.39235958825 	 0.21418583149 
0.01519911083 	 5463.25834069991 	 0.21877800144 
0.01519911083 	 5661.03386500583 	 0.22343850277 
0.01519911083 	 5865.96906501720 	 0.22816906198 
0.01519911083 	 6078.32312829723 	 0.23297063771 
0.01519911083 	 6298.36462526327 	 0.23784398137 
0.01519911083 	 6526.37184885573 	 0.24279117608 
0.01519911083 	 6762.63316650331 	 0.24781278514 
0.01519911083 	 7007.44738482975 	 0.25290896844 
0.01519911083 	 7261.12412756334 	 0.25807874072 
0.01519911083 	 7523.98422712716 	 0.26332539075 
0.01519911083 	 7796.36013040524 	 0.26864768457 
0.01519911083 	 8078.59631919787 	 0.27404766615 
0.01519911083 	 8371.04974589791 	 0.27952487749 
0.01519911083 	 8674.09028493891 	 0.28507958744 
0.01519911083 	 8988.10120058618 	 0.29071501422 
0.01519911083 	 9313.47963166233 	 0.29643172515 
0.01519911083 	 9650.63709382046 	 0.30222638346 
0.01519911083 	 10000.00000000000 	 0.30810120398 
