0.06135907273 	 0.00000000000 	 0.00003998695 
0.06135907273 	 0.01000000000 	 0.00004103038 
0.06135907273 	 0.02000000000 	 0.00004209355 
0.06135907273 	 0.03000000000 	 0.00004317690 
0.06135907273 	 0.04000000000 	 0.00004428080 
0.06135907273 	 0.05000000000 	 0.00004541310 
0.06135907273 	 0.06000000000 	 0.00004654909 
0.06135907273 	 0.07000000000 	 0.00004771838 
0.06135907273 	 0.08000000000 	 0.00004890853 
0.06135907273 	 0.09000000000 	 0.00005012015 
0.06135907273 	 0.10000000000 	 0.00005135470 
0.06135907273 	 0.11000000000 	 0.00005261150 
0.06135907273 	 0.12000000000 	 0.00005389173 
0.06135907273 	 0.13000000000 	 0.00005519915 
0.06135907273 	 0.14000000000 	 0.00005652843 
0.06135907273 	 0.15000000000 	 0.00005788101 
0.06135907273 	 0.16000000000 	 0.00005925592 
0.06135907273 	 0.17000000000 	 0.00006065463 
0.06135907273 	 0.18000000000 	 0.00006207707 
0.06135907273 	 0.19000000000 	 0.00006352402 
0.06135907273 	 0.20000000000 	 0.00006499587 
0.06135907273 	 0.21000000000 	 0.00006649969 
0.06135907273 	 0.22000000000 	 0.00006802659 
0.06135907273 	 0.23000000000 	 0.00006961401 
0.06135907273 	 0.24000000000 	 0.00007127823 
0.06135907273 	 0.25000000000 	 0.00007288520 
0.06135907273 	 0.26000000000 	 0.00007443911 
0.06135907273 	 0.27000000000 	 0.00007609750 
0.06135907273 	 0.28000000000 	 0.00007778178 
0.06135907273 	 0.29000000000 	 0.00007949324 
0.06135907273 	 0.30000000000 	 0.00008123218 
0.06135907273 	 0.31000000000 	 0.00008300031 
0.06135907273 	 0.32000000000 	 0.00008479565 
0.06135907273 	 0.33000000000 	 0.00008662003 
0.06135907273 	 0.34000000000 	 0.00008836629 
0.06135907273 	 0.35000000000 	 0.00009024906 
0.06135907273 	 0.36000000000 	 0.00009215863 
0.06135907273 	 0.37000000000 	 0.00009416596 
0.06135907273 	 0.38000000000 	 0.00009613545 
0.06135907273 	 0.39000000000 	 0.00009813469 
0.06135907273 	 0.40000000000 	 0.00010016139 
0.06135907273 	 0.41000000000 	 0.00010222129 
0.06135907273 	 0.42000000000 	 0.00010431014 
0.06135907273 	 0.43000000000 	 0.00010643490 
0.06135907273 	 0.44000000000 	 0.00010858159 
0.06135907273 	 0.45000000000 	 0.00011077128 
0.06135907273 	 0.46000000000 	 0.00011299095 
0.06135907273 	 0.47000000000 	 0.00011515604 
0.06135907273 	 0.48000000000 	 0.00011743085 
0.06135907273 	 0.49000000000 	 0.00011973931 
0.06135907273 	 0.50000000000 	 0.00012207647 
0.06135907273 	 0.51000000000 	 0.00012446062 
0.06135907273 	 0.52000000000 	 0.00012687471 
0.06135907273 	 0.53000000000 	 0.00012932009 
0.06135907273 	 0.54000000000 	 0.00013179689 
0.06135907273 	 0.55000000000 	 0.00013430623 
0.06135907273 	 0.56000000000 	 0.00013684862 
0.06135907273 	 0.57000000000 	 0.00013942444 
0.06135907273 	 0.58000000000 	 0.00014203461 
0.06135907273 	 0.59000000000 	 0.00014467906 
0.06135907273 	 0.60000000000 	 0.00014735554 
0.06135907273 	 0.61000000000 	 0.00015008283 
0.06135907273 	 0.62000000000 	 0.00015284278 
0.06135907273 	 0.63000000000 	 0.00015563547 
0.06135907273 	 0.64000000000 	 0.00015846267 
0.06135907273 	 0.65000000000 	 0.00016132479 
0.06135907273 	 0.66000000000 	 0.00016422273 
0.06135907273 	 0.67000000000 	 0.00016715668 
0.06135907273 	 0.68000000000 	 0.00017012650 
0.06135907273 	 0.69000000000 	 0.00017313280 
0.06135907273 	 0.70000000000 	 0.00017615540 
0.06135907273 	 0.71000000000 	 0.00017925633 
0.06135907273 	 0.72000000000 	 0.00018239123 
0.06135907273 	 0.73000000000 	 0.00018556093 
0.06135907273 	 0.74000000000 	 0.00018876604 
0.06135907273 	 0.75000000000 	 0.00019200663 
0.06135907273 	 0.76000000000 	 0.00019528347 
0.06135907273 	 0.77000000000 	 0.00019859853 
0.06135907273 	 0.78000000000 	 0.00020195213 
0.06135907273 	 0.79000000000 	 0.00020534512 
0.06135907273 	 0.80000000000 	 0.00020877735 
0.06135907273 	 0.81000000000 	 0.00021224924 
0.06135907273 	 0.82000000000 	 0.00021575741 
0.06135907273 	 0.83000000000 	 0.00021933081 
0.06135907273 	 0.84000000000 	 0.00022294225 
0.06135907273 	 0.85000000000 	 0.00022658953 
0.06135907273 	 0.86000000000 	 0.00023027498 
0.06135907273 	 0.87000000000 	 0.00023399950 
0.06135907273 	 0.88000000000 	 0.00023776771 
0.06135907273 	 0.89000000000 	 0.00024156775 
0.06135907273 	 0.90000000000 	 0.00024542583 
0.06135907273 	 0.91000000000 	 0.00024931190 
0.06135907273 	 0.92000000000 	 0.00025324018 
0.06135907273 	 0.93000000000 	 0.00025719739 
0.06135907273 	 0.94000000000 	 0.00026123729 
0.06135907273 	 0.95000000000 	 0.00026531571 
0.06135907273 	 0.96000000000 	 0.00026943360 
0.06135907273 	 0.97000000000 	 0.00027359210 
0.06135907273 	 0.98000000000 	 0.00027779116 
0.06135907273 	 0.99000000000 	 0.00028203139 
0.06135907273 	 1.00000000000 	 0.00028631329 
0.06135907273 	 1.03620101997 	 0.00030219694 
0.06135907273 	 1.07371255379 	 0.00031928385 
0.06135907273 	 1.11258204340 	 0.00033768443 
0.06135907273 	 1.15285864817 	 0.00035746240 
0.06135907273 	 1.19459330712 	 0.00037863784 
0.06135907273 	 1.23783880329 	 0.00040156465 
0.06135907273 	 1.28264983053 	 0.00042619087 
0.06135907273 	 1.32908306266 	 0.00045303044 
0.06135907273 	 1.37719722516 	 0.00048185771 
0.06135907273 	 1.42705316941 	 0.00051287755 
0.06135907273 	 1.47871394970 	 0.00054668071 
0.06135907273 	 1.53224490292 	 0.00058301696 
0.06135907273 	 1.58771373126 	 0.00062235322 
0.06135907273 	 1.64519058775 	 0.00066456805 
0.06135907273 	 1.70474816508 	 0.00071072478 
0.06135907273 	 1.76646178745 	 0.00076029665 
0.06135907273 	 1.83040950590 	 0.00081404869 
0.06135907273 	 1.89667219698 	 0.00087207727 
0.06135907273 	 1.96533366506 	 0.00093497496 
0.06135907273 	 2.03648074833 	 0.00100295000 
0.06135907273 	 2.11020342857 	 0.00107664918 
0.06135907273 	 2.18659494503 	 0.00115635407 
0.06135907273 	 2.26575191231 	 0.00124224662 
0.06135907273 	 2.34777444254 	 0.00133557840 
0.06135907273 	 2.43276627202 	 0.00143646142 
0.06135907273 	 2.52083489243 	 0.00154558265 
0.06135907273 	 2.61209168671 	 0.00166281706 
0.06135907273 	 2.70665207003 	 0.00179073456 
0.06135907273 	 2.80463563568 	 0.00192839057 
0.06135907273 	 2.90616630634 	 0.00207783616 
0.06135907273 	 3.01137249084 	 0.00223851489 
0.06135907273 	 3.12038724653 	 0.00241212419 
0.06135907273 	 3.23334844756 	 0.00259913970 
0.06135907273 	 3.35039895929 	 0.00280086858 
0.06135907273 	 3.47168681893 	 0.00301830171 
0.06135907273 	 3.59736542280 	 0.00325210334 
0.06135907273 	 3.72759372031 	 0.00350434183 
0.06135907273 	 3.86253641503 	 0.00377501477 
0.06135907273 	 4.00236417294 	 0.00406628056 
0.06135907273 	 4.14725383830 	 0.00437874332 
0.06135907273 	 4.29738865733 	 0.00471384922 
0.06135907273 	 4.45295850994 	 0.00507297908 
0.06135907273 	 4.61416014990 	 0.00545737384 
0.06135907273 	 4.78119745364 	 0.00586859094 
0.06135907273 	 4.95428167815 	 0.00630785929 
0.06135907273 	 5.13363172813 	 0.00677673388 
0.06135907273 	 5.31947443285 	 0.00727639081 
0.06135907273 	 5.51204483304 	 0.00780882428 
0.06135907273 	 5.71158647813 	 0.00837513712 
0.06135907273 	 5.91835173430 	 0.00897630189 
0.06135907273 	 6.13260210363 	 0.00961480360 
0.06135907273 	 6.35460855487 	 0.01029105580 
0.06135907273 	 6.58465186608 	 0.01100694517 
0.06135907273 	 6.82302297979 	 0.01176329925 
0.06135907273 	 7.07002337096 	 0.01256191320 
0.06135907273 	 7.32596542822 	 0.01340349792 
0.06135907273 	 7.59117284900 	 0.01428987873 
0.06135907273 	 7.86598104892 	 0.01522160026 
0.06135907273 	 8.15073758597 	 0.01619947153 
0.06135907273 	 8.44580260011 	 0.01722454065 
0.06135907273 	 8.75154926872 	 0.01829738413 
0.06135907273 	 9.06836427859 	 0.01941913259 
0.06135907273 	 9.39664831495 	 0.02059005408 
0.06135907273 	 9.73681656828 	 0.02181029804 
0.06135907273 	 10.08929925933 	 0.02308099254 
0.06135907273 	 10.45454218333 	 0.02440111841 
0.06135907273 	 10.83300727371 	 0.02577130021 
0.06135907273 	 11.22517318638 	 0.02719120935 
0.06135907273 	 11.63153590510 	 0.02866101558 
0.06135907273 	 12.05260936871 	 0.03017998918 
0.06135907273 	 12.48892612118 	 0.03174745398 
0.06135907273 	 12.94103798513 	 0.03336284669 
0.06135907273 	 13.40951675969 	 0.03502539923 
0.06135907273 	 13.89495494373 	 0.03673425292 
0.06135907273 	 14.39796648516 	 0.03848855826 
0.06135907273 	 14.91918755746 	 0.04028742247 
0.06135907273 	 15.45927736419 	 0.04212981620 
0.06135907273 	 16.01891897281 	 0.04401423310 
0.06135907273 	 16.59882017849 	 0.04593914410 
0.06135907273 	 17.19971439928 	 0.04790354793 
0.06135907273 	 17.82236160377 	 0.04990613756 
0.06135907273 	 18.46754927215 	 0.05194569449 
0.06135907273 	 19.13609339219 	 0.05402164413 
0.06135907273 	 19.82883949127 	 0.05613190151 
0.06135907273 	 20.54666370572 	 0.05827551454 
0.06135907273 	 21.29047388890 	 0.06045159411 
0.06135907273 	 22.06121075937 	 0.06265900950 
0.06135907273 	 22.85984909069 	 0.06489755699 
0.06135907273 	 23.68739894419 	 0.06716520080 
0.06135907273 	 24.54490694646 	 0.06946340459 
0.06135907273 	 25.43345761305 	 0.07179033636 
0.06135907273 	 26.35417472006 	 0.07414521036 
0.06135907273 	 27.30822272546 	 0.07652833070 
0.06135907273 	 28.29680824175 	 0.07893965059 
0.06135907273 	 29.32118156207 	 0.08137949635 
0.06135907273 	 30.38263824141 	 0.08384803521 
0.06135907273 	 31.48252073520 	 0.08634530107 
0.06135907273 	 32.62222009712 	 0.08887340550 
0.06135907273 	 33.80317773840 	 0.09143048294 
0.06135907273 	 35.02688725083 	 0.09401760436 
0.06135907273 	 36.29489629577 	 0.09663769163 
0.06135907273 	 37.60880856147 	 0.09929002827 
0.06135907273 	 38.97028579134 	 0.10197508113 
0.06135907273 	 40.38104988560 	 0.10469530244 
0.06135907273 	 41.84288507902 	 0.10745140004 
0.06135907273 	 43.35764019746 	 0.11024418064 
0.06135907273 	 44.92723099621 	 0.11307513979 
0.06135907273 	 46.55364258280 	 0.11594403820 
0.06135907273 	 48.23893192773 	 0.11885338358 
0.06135907273 	 49.98523046589 	 0.12180424850 
0.06135907273 	 51.79474679231 	 0.12479792243 
0.06135907273 	 53.66976945540 	 0.12783433217 
0.06135907273 	 55.61266985137 	 0.13091664111 
0.06135907273 	 57.62590522338 	 0.13404422204 
0.06135907273 	 59.71202176930 	 0.13721913622 
0.06135907273 	 61.87365786196 	 0.14044083873 
0.06135907273 	 64.11354738598 	 0.14371472481 
0.06135907273 	 66.43452319540 	 0.14703654814 
0.06135907273 	 68.83952069645 	 0.15040977089 
0.06135907273 	 71.33158156008 	 0.15383430353 
0.06135907273 	 73.91385756879 	 0.15731193443 
0.06135907273 	 76.58961460288 	 0.16084575115 
0.06135907273 	 79.36223677079 	 0.16443354100 
0.06135907273 	 82.23523068918 	 0.16807860018 
0.06135907273 	 85.21222991780 	 0.17177969888 
0.06135907273 	 88.29699955494 	 0.17553845868 
0.06135907273 	 91.49344099933 	 0.17935623528 
0.06135907273 	 94.80559688429 	 0.18323367874 
0.06135907273 	 98.23765619059 	 0.18717154185 
0.06135907273 	 101.79395954438 	 0.19117298317 
0.06135907273 	 105.47900470692 	 0.19523801054 
0.06135907273 	 109.29745226298 	 0.19936471248 
0.06135907273 	 113.25413151528 	 0.20355435612 
0.06135907273 	 117.35404659222 	 0.20781308745 
0.06135907273 	 121.60238277674 	 0.21213538648 
0.06135907273 	 126.00451306433 	 0.21652651082 
0.06135907273 	 130.56600495838 	 0.22098418315 
0.06135907273 	 135.29262751160 	 0.22551090845 
0.06135907273 	 140.19035862226 	 0.23010760309 
0.06135907273 	 145.26539259468 	 0.23477600302 
0.06135907273 	 150.52414797329 	 0.23951420803 
0.06135907273 	 155.97327566040 	 0.24432316639 
0.06135907273 	 161.61966732774 	 0.24920569499 
0.06135907273 	 167.47046413260 	 0.25416219416 
0.06135907273 	 173.53306574945 	 0.25919399864 
0.06135907273 	 179.81513972851 	 0.26429828786 
0.06135907273 	 186.32463119316 	 0.26948366734 
0.06135907273 	 193.06977288832 	 0.27474368822 
0.06135907273 	 200.05909559272 	 0.28007934199 
0.06135907273 	 207.30143890792 	 0.28549284407 
0.06135907273 	 214.80596243813 	 0.29098476781 
0.06135907273 	 222.58215737454 	 0.29655565568 
0.06135907273 	 230.63985849915 	 0.30220527323 
0.06135907273 	 238.98925662311 	 0.30793653195 
0.06135907273 	 247.64091147530 	 0.31374659332 
0.06135907273 	 256.60576505760 	 0.31963815224 
0.06135907273 	 265.89515548347 	 0.32561013933 
0.06135907273 	 275.52083131769 	 0.33166432208 
0.06135907273 	 285.49496643503 	 0.33780016263 
0.06135907273 	 295.83017541695 	 0.34401417190 
0.06135907273 	 306.53952950565 	 0.35031554938 
0.06135907273 	 317.63657313561 	 0.35669784767 
0.06135907273 	 329.13534106365 	 0.36316262836 
0.06135907273 	 341.05037611911 	 0.36971067622 
0.06135907273 	 353.39674759658 	 0.37633674407 
0.06135907273 	 366.19007031450 	 0.38304877181 
0.06135907273 	 379.44652436364 	 0.38984184702 
0.06135907273 	 393.18287557058 	 0.39671365647 
0.06135907273 	 407.41649670190 	 0.40366813567 
0.06135907273 	 422.16538943608 	 0.41070493048 
0.06135907273 	 437.44820713071 	 0.41781941372 
0.06135907273 	 453.28427841392 	 0.42501467421 
0.06135907273 	 469.69363162995 	 0.43228715388 
0.06135907273 	 486.69702016948 	 0.43963592550 
0.06135907273 	 504.31594871714 	 0.44706355247 
0.06135907273 	 522.57270044903 	 0.45456643835 
0.06135907273 	 541.49036521501 	 0.46214417688 
0.06135907273 	 561.09286874100 	 0.46979227832 
0.06135907273 	 581.40500288865 	 0.47751428558 
0.06135907273 	 602.45245701027 	 0.48530461197 
0.06135907273 	 624.26185043890 	 0.49316311150 
0.06135907273 	 646.86076615463 	 0.50108792795 
0.06135907273 	 670.27778566954 	 0.50907673836 
0.06135907273 	 694.54252517561 	 0.51712712949 
0.06135907273 	 719.68567300115 	 0.52523746920 
0.06135907273 	 745.73902842330 	 0.53340554680 
0.06135907273 	 772.73554188543 	 0.54162776143 
0.06135907273 	 800.70935667059 	 0.54990209425 
0.06135907273 	 829.69585208349 	 0.55822543725 
0.06135907273 	 859.73168819576 	 0.56659508115 
0.06135907273 	 890.85485221102 	 0.57500632510 
0.06135907273 	 923.10470650840 	 0.58345665723 
0.06135907273 	 956.52203842531 	 0.59194264845 
0.06135907273 	 991.14911184236 	 0.60046042945 
0.06135907273 	 1027.02972063577 	 0.60900604668 
0.06135907273 	 1064.20924406472 	 0.61757510077 
0.06135907273 	 1102.73470416390 	 0.62616322066 
0.06135907273 	 1142.65482521357 	 0.63476642286 
0.06135907273 	 1184.02009536266 	 0.64338002740 
0.06135907273 	 1226.88283048257 	 0.65199878230 
0.06135907273 	 1271.29724033264 	 0.66061794262 
0.06135907273 	 1317.31949712075 	 0.66923297498 
0.06135907273 	 1365.00780654601 	 0.67783736544 
0.06135907273 	 1414.42248141323 	 0.68642689689 
0.06135907273 	 1465.62601791225 	 0.69499512187 
0.06135907273 	 1518.68317465873 	 0.70353717345 
0.06135907273 	 1573.66105459626 	 0.71204697991 
0.06135907273 	 1630.62918986345 	 0.72051887226 
0.06135907273 	 1689.65962973324 	 0.72894630956 
0.06135907273 	 1750.82703173573 	 0.73732284893 
0.06135907273 	 1814.20875607977 	 0.74564290708 
0.06135907273 	 1879.88496349267 	 0.75390103890 
0.06135907273 	 1947.93871660183 	 0.76209024667 
0.06135907273 	 2018.45608498650 	 0.77020312605 
0.06135907273 	 2091.52625403246 	 0.77823438109 
0.06135907273 	 2167.24163772744 	 0.78617824222 
0.06135907273 	 2245.69799553977 	 0.79402795513 
0.06135907273 	 2326.99455352823 	 0.80177667107 
0.06135907273 	 2411.23412983612 	 0.80941884372 
0.06135907273 	 2498.52326472839 	 0.81694902716 
0.06135907273 	 2588.97235533627 	 0.82435918464 
0.06135907273 	 2682.69579527972 	 0.83164539896 
0.06135907273 	 2779.81211934445 	 0.83879993043 
0.06135907273 	 2880.44415339630 	 0.84581937199 
0.06135907273 	 2984.71916972271 	 0.85269749132 
0.06135907273 	 3092.76904799777 	 0.85942885215 
0.06135907273 	 3204.73044207429 	 0.86600876488 
0.06135907273 	 3320.74495281390 	 0.87243298057 
0.06135907273 	 3440.95930717388 	 0.87869557860 
0.06135907273 	 3565.52554377701 	 0.88479368053 
0.06135907273 	 3694.60120519930 	 0.89072353647 
0.06135907273 	 3828.34953721869 	 0.89648182445 
0.06135907273 	 3966.93969527677 	 0.90206536600 
0.06135907273 	 4110.54695841470 	 0.90747142450 
0.06135907273 	 4259.35295095366 	 0.91269759193 
0.06135907273 	 4413.54587220053 	 0.91774195186 
0.06135907273 	 4573.32073446906 	 0.92260300349 
0.06135907273 	 4738.87960971766 	 0.92727978105 
0.06135907273 	 4910.43188511573 	 0.93177194662 
0.06135907273 	 5088.19452786179 	 0.93607882869 
0.06135907273 	 5272.39235958825 	 0.94020109223 
0.06135907273 	 5463.25834069991 	 0.94413922108 
0.06135907273 	 5661.03386500583 	 0.94789429135 
0.06135907273 	 5865.96906501720 	 0.95146794925 
0.06135907273 	 6078.32312829723 	 0.95486223518 
0.06135907273 	 6298.36462526327 	 0.95807949594 
0.06135907273 	 6526.37184885573 	 0.96112249218 
0.06135907273 	 6762.63316650331 	 0.96399438673 
0.06135907273 	 7007.44738482975 	 0.96669871507 
0.06135907273 	 7261.12412756334 	 0.96923938506 
0.06135907273 	 7523.98422712716 	 0.97162069415 
0.06135907273 	 7796.36013040524 	 0.97384706184 
0.06135907273 	 8078.59631919787 	 0.97592337155 
0.06135907273 	 8371.04974589791 	 0.97785460721 
0.06135907273 	 8674.09028493891 	 0.97964589620 
0.06135907273 	 8988.10120058618 	 0.98130279114 
0.06135907273 	 9313.47963166233 	 0.98283086321 
0.06135907273 	 9650.63709382046 	 0.98423595905 
0.06135907273 	 10000.00000000000 	 0.98552386799 
