0.03274549163 	 0.00000000000 	 -0.00000000145 
0.03274549163 	 0.01000000000 	 -0.00000000150 
0.03274549163 	 0.02000000000 	 0.00000000000 
0.03274549163 	 0.03000000000 	 -0.00000000000 
0.03274549163 	 0.04000000000 	 -0.00000000001 
0.03274549163 	 0.05000000000 	 -0.00000000001 
0.03274549163 	 0.06000000000 	 -0.00000000001 
0.03274549163 	 0.07000000000 	 -0.00000000103 
0.03274549163 	 0.08000000000 	 -0.00000000103 
0.03274549163 	 0.09000000000 	 -0.00000000102 
0.03274549163 	 0.10000000000 	 -0.00000000102 
0.03274549163 	 0.11000000000 	 -0.00000000101 
0.03274549163 	 0.12000000000 	 -0.00000000101 
0.03274549163 	 0.13000000000 	 -0.00000000100 
0.03274549163 	 0.14000000000 	 0.00000000002 
0.03274549163 	 0.15000000000 	 0.00000000002 
0.03274549163 	 0.16000000000 	 0.00000000002 
0.03274549163 	 0.17000000000 	 0.00000000002 
0.03274549163 	 0.18000000000 	 0.00000000002 
0.03274549163 	 0.19000000000 	 0.00000000002 
0.03274549163 	 0.20000000000 	 0.00000000002 
0.03274549163 	 0.21000000000 	 0.00000000002 
0.03274549163 	 0.22000000000 	 0.00000000002 
0.03274549163 	 0.23000000000 	 0.00000000020 
0.03274549163 	 0.24000000000 	 0.00000000020 
0.03274549163 	 0.25000000000 	 0.00000000020 
0.03274549163 	 0.26000000000 	 0.00000000020 
0.03274549163 	 0.27000000000 	 0.00000000020 
0.03274549163 	 0.28000000000 	 0.00000000021 
0.03274549163 	 0.29000000000 	 0.00000000021 
0.03274549163 	 0.30000000000 	 0.00000000020 
0.03274549163 	 0.31000000000 	 0.00000000007 
0.03274549163 	 0.32000000000 	 0.00000000021 
0.03274549163 	 0.33000000000 	 0.00000000004 
0.03274549163 	 0.34000000000 	 0.00000000021 
0.03274549163 	 0.35000000000 	 0.00000000006 
0.03274549163 	 0.36000000000 	 0.00000000005 
0.03274549163 	 0.37000000000 	 0.00000000005 
0.03274549163 	 0.38000000000 	 0.00000000004 
0.03274549163 	 0.39000000000 	 0.00000000004 
0.03274549163 	 0.40000000000 	 0.00000000003 
0.03274549163 	 0.41000000000 	 0.00000000003 
0.03274549163 	 0.42000000000 	 0.00000000002 
0.03274549163 	 0.43000000000 	 0.00000000002 
0.03274549163 	 0.44000000000 	 0.00000000001 
0.03274549163 	 0.45000000000 	 0.00000000001 
0.03274549163 	 0.46000000000 	 0.00000000001 
0.03274549163 	 0.47000000000 	 0.00000000011 
0.03274549163 	 0.48000000000 	 0.00000000012 
0.03274549163 	 0.49000000000 	 0.00000000012 
0.03274549163 	 0.50000000000 	 0.00000000012 
0.03274549163 	 0.51000000000 	 0.00000000008 
0.03274549163 	 0.52000000000 	 0.00000000008 
0.03274549163 	 0.53000000000 	 0.00000000008 
0.03274549163 	 0.54000000000 	 0.00000000009 
0.03274549163 	 0.55000000000 	 0.00000000023 
0.03274549163 	 0.56000000000 	 -0.00000000068 
0.03274549163 	 0.57000000000 	 -0.00000000073 
0.03274549163 	 0.58000000000 	 -0.00000000074 
0.03274549163 	 0.59000000000 	 -0.00000000079 
0.03274549163 	 0.60000000000 	 0.00000000024 
0.03274549163 	 0.61000000000 	 0.00000000024 
0.03274549163 	 0.62000000000 	 0.00000000024 
0.03274549163 	 0.63000000000 	 0.00000000025 
0.03274549163 	 0.64000000000 	 0.00000000026 
0.03274549163 	 0.65000000000 	 0.00000000027 
0.03274549163 	 0.66000000000 	 0.00000000028 
0.03274549163 	 0.67000000000 	 0.00000000029 
0.03274549163 	 0.68000000000 	 0.00000000030 
0.03274549163 	 0.69000000000 	 0.00000000030 
0.03274549163 	 0.70000000000 	 0.00000000031 
0.03274549163 	 0.71000000000 	 0.00000000033 
0.03274549163 	 0.72000000000 	 0.00000000023 
0.03274549163 	 0.73000000000 	 0.00000000072 
0.03274549163 	 0.74000000000 	 0.00000000070 
0.03274549163 	 0.75000000000 	 0.00000000066 
0.03274549163 	 0.76000000000 	 -0.00000000063 
0.03274549163 	 0.77000000000 	 -0.00000000065 
0.03274549163 	 0.78000000000 	 -0.00000000001 
0.03274549163 	 0.79000000000 	 -0.00000000001 
0.03274549163 	 0.80000000000 	 0.00000000139 
0.03274549163 	 0.81000000000 	 0.00000000140 
0.03274549163 	 0.82000000000 	 0.00000000144 
0.03274549163 	 0.83000000000 	 0.00000000042 
0.03274549163 	 0.84000000000 	 0.00000000043 
0.03274549163 	 0.85000000000 	 -0.00000000004 
0.03274549163 	 0.86000000000 	 -0.00000000004 
0.03274549163 	 0.87000000000 	 0.00000000035 
0.03274549163 	 0.88000000000 	 0.00000000037 
0.03274549163 	 0.89000000000 	 0.00000000038 
0.03274549163 	 0.90000000000 	 0.00000000040 
0.03274549163 	 0.91000000000 	 0.00000000041 
0.03274549163 	 0.92000000000 	 -0.00000000000 
0.03274549163 	 0.93000000000 	 -0.00000000004 
0.03274549163 	 0.94000000000 	 -0.00000000003 
0.03274549163 	 0.95000000000 	 0.00000000028 
0.03274549163 	 0.96000000000 	 0.00000000027 
0.03274549163 	 0.97000000000 	 0.00000000025 
0.03274549163 	 0.98000000000 	 0.00000000023 
0.03274549163 	 0.99000000000 	 0.00000000096 
0.03274549163 	 1.00000000000 	 0.00000000096 
0.03274549163 	 1.03620101997 	 0.00000000065 
0.03274549163 	 1.07371255379 	 0.00000000063 
0.03274549163 	 1.11258204340 	 0.00000000128 
0.03274549163 	 1.15285864817 	 0.00000000048 
0.03274549163 	 1.19459330712 	 0.00000000002 
0.03274549163 	 1.23783880329 	 0.00000000002 
0.03274549163 	 1.28264983053 	 0.00000000002 
0.03274549163 	 1.32908306266 	 -0.00000000002 
0.03274549163 	 1.37719722516 	 -0.00000000002 
0.03274549163 	 1.42705316941 	 -0.00000000002 
0.03274549163 	 1.47871394970 	 0.00000000190 
0.03274549163 	 1.53224490292 	 0.00000000001 
0.03274549163 	 1.58771373126 	 0.00000000410 
0.03274549163 	 1.64519058775 	 -0.00000000007 
0.03274549163 	 1.70474816508 	 -0.00000000022 
0.03274549163 	 1.76646178745 	 0.00000000001 
0.03274549163 	 1.83040950590 	 0.00000000050 
0.03274549163 	 1.89667219698 	 0.00000000113 
0.03274549163 	 1.96533366506 	 0.00000000053 
0.03274549163 	 2.03648074833 	 -0.00000000001 
0.03274549163 	 2.11020342857 	 -0.00000000016 
0.03274549163 	 2.18659494503 	 0.00000000029 
0.03274549163 	 2.26575191231 	 0.00000000025 
0.03274549163 	 2.34777444254 	 0.00000000075 
0.03274549163 	 2.43276627202 	 0.00000000028 
0.03274549163 	 2.52083489243 	 0.00000000031 
0.03274549163 	 2.61209168671 	 0.00000000025 
0.03274549163 	 2.70665207003 	 0.00000000023 
0.03274549163 	 2.80463563568 	 0.00000000023 
0.03274549163 	 2.90616630634 	 -0.00000000007 
0.03274549163 	 3.01137249084 	 0.00000000002 
0.03274549163 	 3.12038724653 	 -0.00000000003 
0.03274549163 	 3.23334844756 	 -0.00000000004 
0.03274549163 	 3.35039895929 	 -0.00000000006 
0.03274549163 	 3.47168681893 	 -0.00000000006 
0.03274549163 	 3.59736542280 	 -0.00000000162 
0.03274549163 	 3.72759372031 	 -0.00000000008 
0.03274549163 	 3.86253641503 	 0.00000000015 
0.03274549163 	 4.00236417294 	 0.00000000011 
0.03274549163 	 4.14725383830 	 0.00000000006 
0.03274549163 	 4.29738865733 	 0.00000000003 
0.03274549163 	 4.45295850994 	 0.00000000271 
0.03274549163 	 4.61416014990 	 0.00000000307 
0.03274549163 	 4.78119745364 	 -0.00000000246 
0.03274549163 	 4.95428167815 	 -0.00000000155 
0.03274549163 	 5.13363172813 	 -0.00000000227 
0.03274549163 	 5.31947443285 	 -0.00000000157 
0.03274549163 	 5.51204483304 	 -0.00000000181 
0.03274549163 	 5.71158647813 	 0.00000000108 
0.03274549163 	 5.91835173430 	 0.00000000019 
0.03274549163 	 6.13260210363 	 -0.00000000028 
0.03274549163 	 6.35460855487 	 -0.00000000046 
0.03274549163 	 6.58465186608 	 0.00000000060 
0.03274549163 	 6.82302297979 	 0.00000000082 
0.03274549163 	 7.07002337096 	 -0.00000000400 
0.03274549163 	 7.32596542822 	 0.00000000261 
0.03274549163 	 7.59117284900 	 -0.00000000144 
0.03274549163 	 7.86598104892 	 0.00000000305 
0.03274549163 	 8.15073758597 	 -0.00000000045 
0.03274549163 	 8.44580260011 	 -0.00000000029 
0.03274549163 	 8.75154926872 	 -0.00000000176 
0.03274549163 	 9.06836427859 	 -0.00000000062 
0.03274549163 	 9.39664831495 	 -0.00000000027 
0.03274549163 	 9.73681656828 	 0.00000000230 
0.03274549163 	 10.08929925933 	 -0.00000001042 
0.03274549163 	 10.45454218333 	 0.00000000004 
0.03274549163 	 10.83300727371 	 -0.00000000146 
0.03274549163 	 11.22517318638 	 -0.00000000234 
0.03274549163 	 11.63153590510 	 0.00000000291 
0.03274549163 	 12.05260936871 	 0.00000000026 
0.03274549163 	 12.48892612118 	 0.00000000341 
0.03274549163 	 12.94103798513 	 0.00000000184 
0.03274549163 	 13.40951675969 	 0.00000000024 
0.03274549163 	 13.89495494373 	 0.00000000571 
0.03274549163 	 14.39796648516 	 0.00000000027 
0.03274549163 	 14.91918755746 	 0.00000000291 
0.03274549163 	 15.45927736419 	 0.00000000145 
0.03274549163 	 16.01891897281 	 -0.00000000669 
0.03274549163 	 16.59882017849 	 -0.00000000196 
0.03274549163 	 17.19971439928 	 -0.00000000665 
0.03274549163 	 17.82236160377 	 0.00000000003 
0.03274549163 	 18.46754927215 	 0.00000000313 
0.03274549163 	 19.13609339219 	 -0.00000000157 
0.03274549163 	 19.82883949127 	 0.00000001486 
0.03274549163 	 20.54666370572 	 0.00000003081 
0.03274549163 	 21.29047388890 	 0.00000005844 
0.03274549163 	 22.06121075937 	 0.00000003124 
0.03274549163 	 22.85984909069 	 0.00000004768 
0.03274549163 	 23.68739894419 	 0.00000007043 
0.03274549163 	 24.54490694646 	 0.00000010746 
0.03274549163 	 25.43345761305 	 0.00000016321 
0.03274549163 	 26.35417472006 	 0.00000024615 
0.03274549163 	 27.30822272546 	 0.00000032702 
0.03274549163 	 28.29680824175 	 0.00000042649 
0.03274549163 	 29.32118156207 	 0.00000053543 
0.03274549163 	 30.38263824141 	 0.00000077203 
0.03274549163 	 31.48252073520 	 0.00000101490 
0.03274549163 	 32.62222009712 	 0.00000151169 
0.03274549163 	 33.80317773840 	 0.00000203064 
0.03274549163 	 35.02688725083 	 0.00000265525 
0.03274549163 	 36.29489629577 	 0.00000361161 
0.03274549163 	 37.60880856147 	 0.00000485360 
0.03274549163 	 38.97028579134 	 0.00000636006 
0.03274549163 	 40.38104988560 	 0.00000825972 
0.03274549163 	 41.84288507902 	 0.00001073991 
0.03274549163 	 43.35764019746 	 0.00001403290 
0.03274549163 	 44.92723099621 	 0.00001805484 
0.03274549163 	 46.55364258280 	 0.00002340750 
0.03274549163 	 48.23893192773 	 0.00003010127 
0.03274549163 	 49.98523046589 	 0.00003824122 
0.03274549163 	 51.79474679231 	 0.00004824076 
0.03274549163 	 53.66976945540 	 0.00006071124 
0.03274549163 	 55.61266985137 	 0.00007607210 
0.03274549163 	 57.62590522338 	 0.00009503135 
0.03274549163 	 59.71202176930 	 0.00011819458 
0.03274549163 	 61.87365786196 	 0.00014589630 
0.03274549163 	 64.11354738598 	 0.00017900846 
0.03274549163 	 66.43452319540 	 0.00021924413 
0.03274549163 	 68.83952069645 	 0.00026702929 
0.03274549163 	 71.33158156008 	 0.00032350617 
0.03274549163 	 73.91385756879 	 0.00039015525 
0.03274549163 	 76.58961460288 	 0.00046866797 
0.03274549163 	 79.36223677079 	 0.00056008805 
0.03274549163 	 82.23523068918 	 0.00066637035 
0.03274549163 	 85.21222991780 	 0.00078914752 
0.03274549163 	 88.29699955494 	 0.00093112930 
0.03274549163 	 91.49344099933 	 0.00109435907 
0.03274549163 	 94.80559688429 	 0.00128019084 
0.03274549163 	 98.23765619059 	 0.00149125690 
0.03274549163 	 101.79395954438 	 0.00173001456 
0.03274549163 	 105.47900470692 	 0.00199999849 
0.03274549163 	 109.29745226298 	 0.00230217356 
0.03274549163 	 113.25413151528 	 0.00263990739 
0.03274549163 	 117.35404659222 	 0.00301590715 
0.03274549163 	 121.60238277674 	 0.00343283078 
0.03274549163 	 126.00451306433 	 0.00389358647 
0.03274549163 	 130.56600495838 	 0.00440042491 
0.03274549163 	 135.29262751160 	 0.00495603782 
0.03274549163 	 140.19035862226 	 0.00556284241 
0.03274549163 	 145.26539259468 	 0.00622310834 
0.03274549163 	 150.52414797329 	 0.00693924172 
0.03274549163 	 155.97327566040 	 0.00771351875 
0.03274549163 	 161.61966732774 	 0.00854781206 
0.03274549163 	 167.47046413260 	 0.00944365579 
0.03274549163 	 173.53306574945 	 0.01040244685 
0.03274549163 	 179.81513972851 	 0.01142565488 
0.03274549163 	 186.32463119316 	 0.01251434647 
0.03274549163 	 193.06977288832 	 0.01366925520 
0.03274549163 	 200.05909559272 	 0.01489102456 
0.03274549163 	 207.30143890792 	 0.01618014676 
0.03274549163 	 214.80596243813 	 0.01753600483 
0.03274549163 	 222.58215737454 	 0.01895876462 
0.03274549163 	 230.63985849915 	 0.02044785177 
0.03274549163 	 238.98925662311 	 0.02200264235 
0.03274549163 	 247.64091147530 	 0.02362190979 
0.03274549163 	 256.60576505760 	 0.02530473518 
0.03274549163 	 265.89515548347 	 0.02704850817 
0.03274549163 	 275.52083131769 	 0.02885359867 
0.03274549163 	 285.49496643503 	 0.03071664440 
0.03274549163 	 295.83017541695 	 0.03263622856 
0.03274549163 	 306.53952950565 	 0.03460991416 
0.03274549163 	 317.63657313561 	 0.03663564008 
0.03274549163 	 329.13534106365 	 0.03871112709 
0.03274549163 	 341.05037611911 	 0.04083375795 
0.03274549163 	 353.39674759658 	 0.04300223745 
0.03274549163 	 366.19007031450 	 0.04521354220 
0.03274549163 	 379.44652436364 	 0.04746583827 
0.03274549163 	 393.18287557058 	 0.04975603400 
0.03274549163 	 407.41649670190 	 0.05208282523 
0.03274549163 	 422.16538943608 	 0.05444401734 
0.03274549163 	 437.44820713071 	 0.05683787924 
0.03274549163 	 453.28427841392 	 0.05926274284 
0.03274549163 	 469.69363162995 	 0.06171794445 
0.03274549163 	 486.69702016948 	 0.06420207145 
0.03274549163 	 504.31594871714 	 0.06671328133 
0.03274549163 	 522.57270044903 	 0.06925127753 
0.03274549163 	 541.49036521501 	 0.07181523913 
0.03274549163 	 561.09286874100 	 0.07440621932 
0.03274549163 	 581.40500288865 	 0.07702277817 
0.03274549163 	 602.45245701027 	 0.07966496117 
0.03274549163 	 624.26185043890 	 0.08233525515 
0.03274549163 	 646.86076615463 	 0.08503143137 
0.03274549163 	 670.27778566954 	 0.08775513339 
0.03274549163 	 694.54252517561 	 0.09050853385 
0.03274549163 	 719.68567300115 	 0.09329082768 
0.03274549163 	 745.73902842330 	 0.09610295819 
0.03274549163 	 772.73554188543 	 0.09894711190 
0.03274549163 	 800.70935667059 	 0.10182503804 
0.03274549163 	 829.69585208349 	 0.10473653394 
0.03274549163 	 859.73168819576 	 0.10768416258 
0.03274549163 	 890.85485221102 	 0.11066783439 
0.03274549163 	 923.10470650840 	 0.11368907339 
0.03274549163 	 956.52203842531 	 0.11675086424 
0.03274549163 	 991.14911184236 	 0.11985314982 
0.03274549163 	 1027.02972063577 	 0.12299779365 
0.03274549163 	 1064.20924406472 	 0.12618569105 
0.03274549163 	 1102.73470416390 	 0.12941792049 
0.03274549163 	 1142.65482521357 	 0.13269595661 
0.03274549163 	 1184.02009536266 	 0.13602067828 
0.03274549163 	 1226.88283048257 	 0.13939484292 
0.03274549163 	 1271.29724033264 	 0.14281735848 
0.03274549163 	 1317.31949712075 	 0.14629055073 
0.03274549163 	 1365.00780654601 	 0.14981458342 
0.03274549163 	 1414.42248141323 	 0.15339315693 
0.03274549163 	 1465.62601791225 	 0.15702383569 
0.03274549163 	 1518.68317465873 	 0.16071072106 
0.03274549163 	 1573.66105459626 	 0.16445239399 
0.03274549163 	 1630.62918986345 	 0.16825221072 
0.03274549163 	 1689.65962973324 	 0.17210842997 
0.03274549163 	 1750.82703173573 	 0.17602320318 
0.03274549163 	 1814.20875607977 	 0.17999819296 
0.03274549163 	 1879.88496349267 	 0.18403433971 
0.03274549163 	 1947.93871660183 	 0.18813261120 
0.03274549163 	 2018.45608498650 	 0.19229239809 
0.03274549163 	 2091.52625403246 	 0.19651448429 
0.03274549163 	 2167.24163772744 	 0.20080287412 
0.03274549163 	 2245.69799553977 	 0.20515660234 
0.03274549163 	 2326.99455352823 	 0.20957740324 
0.03274549163 	 2411.23412983612 	 0.21406384060 
0.03274549163 	 2498.52326472839 	 0.21861903332 
0.03274549163 	 2588.97235533627 	 0.22324345481 
0.03274549163 	 2682.69579527972 	 0.22793693397 
0.03274549163 	 2779.81211934445 	 0.23270090734 
0.03274549163 	 2880.44415339630 	 0.23753611706 
0.03274549163 	 2984.71916972271 	 0.24244297745 
0.03274549163 	 3092.76904799777 	 0.24742503341 
0.03274549163 	 3204.73044207429 	 0.25248079129 
0.03274549163 	 3320.74495281390 	 0.25761049309 
0.03274549163 	 3440.95930717388 	 0.26281484329 
0.03274549163 	 3565.52554377701 	 0.26809599435 
0.03274549163 	 3694.60120519930 	 0.27345300733 
0.03274549163 	 3828.34953721869 	 0.27888782901 
0.03274549163 	 3966.93969527677 	 0.28440010875 
0.03274549163 	 4110.54695841470 	 0.28999089692 
0.03274549163 	 4259.35295095366 	 0.29566019264 
0.03274549163 	 4413.54587220053 	 0.30141238801 
0.03274549163 	 4573.32073446906 	 0.30724187085 
0.03274549163 	 4738.87960971766 	 0.31315306052 
0.03274549163 	 4910.43188511573 	 0.31914422802 
0.03274549163 	 5088.19452786179 	 0.32521666536 
0.03274549163 	 5272.39235958825 	 0.33137054550 
0.03274549163 	 5463.25834069991 	 0.33760601695 
0.03274549163 	 5661.03386500583 	 0.34392299044 
0.03274549163 	 5865.96906501720 	 0.35032410059 
0.03274549163 	 6078.32312829723 	 0.35680529116 
0.03274549163 	 6298.36462526327 	 0.36337217604 
0.03274549163 	 6526.37184885573 	 0.37001998386 
0.03274549163 	 6762.63316650331 	 0.37674823357 
0.03274549163 	 7007.44738482975 	 0.38355772456 
0.03274549163 	 7261.12412756334 	 0.39045073015 
0.03274549163 	 7523.98422712716 	 0.39742374527 
0.03274549163 	 7796.36013040524 	 0.40447626399 
0.03274549163 	 8078.59631919787 	 0.41161109909 
0.03274549163 	 8371.04974589791 	 0.41882672739 
0.03274549163 	 8674.09028493891 	 0.42612058386 
0.03274549163 	 8988.10120058618 	 0.43349110533 
0.03274549163 	 9313.47963166233 	 0.44093828091 
0.03274549163 	 9650.63709382046 	 0.44845987303 
0.03274549163 	 10000.00000000000 	 0.45605773332 
