0.01629750835 	 0.00000000000 	 0.00000000209 
0.01629750835 	 0.01000000000 	 0.00000000210 
0.01629750835 	 0.02000000000 	 0.00000000211 
0.01629750835 	 0.03000000000 	 0.00000000213 
0.01629750835 	 0.04000000000 	 0.00000000215 
0.01629750835 	 0.05000000000 	 0.00000000216 
0.01629750835 	 0.06000000000 	 0.00000000218 
0.01629750835 	 0.07000000000 	 0.00000000220 
0.01629750835 	 0.08000000000 	 0.00000000222 
0.01629750835 	 0.09000000000 	 0.00000000224 
0.01629750835 	 0.10000000000 	 0.00000000226 
0.01629750835 	 0.11000000000 	 0.00000000229 
0.01629750835 	 0.12000000000 	 0.00000000231 
0.01629750835 	 0.13000000000 	 0.00000000233 
0.01629750835 	 0.14000000000 	 0.00000000235 
0.01629750835 	 0.15000000000 	 0.00000000238 
0.01629750835 	 0.16000000000 	 0.00000000240 
0.01629750835 	 0.17000000000 	 0.00000000242 
0.01629750835 	 0.18000000000 	 0.00000000244 
0.01629750835 	 0.19000000000 	 0.00000000247 
0.01629750835 	 0.20000000000 	 0.00000000249 
0.01629750835 	 0.21000000000 	 0.00000000251 
0.01629750835 	 0.22000000000 	 0.00000000253 
0.01629750835 	 0.23000000000 	 -0.00000000117 
0.01629750835 	 0.24000000000 	 -0.00000000117 
0.01629750835 	 0.25000000000 	 -0.00000000117 
0.01629750835 	 0.26000000000 	 -0.00000000117 
0.01629750835 	 0.27000000000 	 -0.00000000116 
0.01629750835 	 0.28000000000 	 -0.00000000116 
0.01629750835 	 0.29000000000 	 -0.00000000116 
0.01629750835 	 0.30000000000 	 -0.00000000116 
0.01629750835 	 0.31000000000 	 -0.00000000116 
0.01629750835 	 0.32000000000 	 -0.00000000116 
0.01629750835 	 0.33000000000 	 -0.00000000116 
0.01629750835 	 0.34000000000 	 -0.00000000116 
0.01629750835 	 0.35000000000 	 -0.00000000116 
0.01629750835 	 0.36000000000 	 -0.00000000116 
0.01629750835 	 0.37000000000 	 -0.00000000116 
0.01629750835 	 0.38000000000 	 -0.00000000116 
0.01629750835 	 0.39000000000 	 -0.00000000116 
0.01629750835 	 0.40000000000 	 -0.00000000143 
0.01629750835 	 0.41000000000 	 -0.00000000136 
0.01629750835 	 0.42000000000 	 -0.00000000129 
0.01629750835 	 0.43000000000 	 -0.00000000122 
0.01629750835 	 0.44000000000 	 -0.00000000115 
0.01629750835 	 0.45000000000 	 -0.00000000108 
0.01629750835 	 0.46000000000 	 -0.00000000101 
0.01629750835 	 0.47000000000 	 -0.00000000095 
0.01629750835 	 0.48000000000 	 -0.00000000079 
0.01629750835 	 0.49000000000 	 -0.00000000079 
0.01629750835 	 0.50000000000 	 -0.00000000079 
0.01629750835 	 0.51000000000 	 -0.00000000079 
0.01629750835 	 0.52000000000 	 -0.00000000079 
0.01629750835 	 0.53000000000 	 -0.00000000079 
0.01629750835 	 0.54000000000 	 -0.00000000079 
0.01629750835 	 0.55000000000 	 -0.00000000079 
0.01629750835 	 0.56000000000 	 -0.00000000079 
0.01629750835 	 0.57000000000 	 -0.00000000079 
0.01629750835 	 0.58000000000 	 -0.00000000079 
0.01629750835 	 0.59000000000 	 -0.00000000079 
0.01629750835 	 0.60000000000 	 -0.00000000079 
0.01629750835 	 0.61000000000 	 -0.00000000079 
0.01629750835 	 0.62000000000 	 -0.00000000079 
0.01629750835 	 0.63000000000 	 -0.00000000079 
0.01629750835 	 0.64000000000 	 -0.00000000079 
0.01629750835 	 0.65000000000 	 -0.00000000079 
0.01629750835 	 0.66000000000 	 -0.00000000079 
0.01629750835 	 0.67000000000 	 -0.00000000079 
0.01629750835 	 0.68000000000 	 -0.00000000079 
0.01629750835 	 0.69000000000 	 -0.00000000079 
0.01629750835 	 0.70000000000 	 -0.00000000080 
0.01629750835 	 0.71000000000 	 -0.00000000080 
0.01629750835 	 0.72000000000 	 -0.00000000080 
0.01629750835 	 0.73000000000 	 -0.00000000081 
0.01629750835 	 0.74000000000 	 -0.00000000080 
0.01629750835 	 0.75000000000 	 -0.00000000079 
0.01629750835 	 0.76000000000 	 -0.00000000079 
0.01629750835 	 0.77000000000 	 -0.00000000079 
0.01629750835 	 0.78000000000 	 -0.00000000079 
0.01629750835 	 0.79000000000 	 -0.00000000079 
0.01629750835 	 0.80000000000 	 -0.00000000079 
0.01629750835 	 0.81000000000 	 -0.00000000079 
0.01629750835 	 0.82000000000 	 -0.00000000079 
0.01629750835 	 0.83000000000 	 -0.00000000079 
0.01629750835 	 0.84000000000 	 -0.00000000079 
0.01629750835 	 0.85000000000 	 -0.00000000080 
0.01629750835 	 0.86000000000 	 -0.00000000080 
0.01629750835 	 0.87000000000 	 -0.00000000080 
0.01629750835 	 0.88000000000 	 -0.00000000080 
0.01629750835 	 0.89000000000 	 -0.00000000080 
0.01629750835 	 0.90000000000 	 -0.00000000080 
0.01629750835 	 0.91000000000 	 -0.00000000080 
0.01629750835 	 0.92000000000 	 -0.00000000080 
0.01629750835 	 0.93000000000 	 -0.00000000080 
0.01629750835 	 0.94000000000 	 -0.00000000080 
0.01629750835 	 0.95000000000 	 -0.00000000080 
0.01629750835 	 0.96000000000 	 -0.00000000080 
0.01629750835 	 0.97000000000 	 -0.00000000080 
0.01629750835 	 0.98000000000 	 0.00000000032 
0.01629750835 	 0.99000000000 	 -0.00000000185 
0.01629750835 	 1.00000000000 	 -0.00000000183 
0.01629750835 	 1.03620101997 	 -0.00000000177 
0.01629750835 	 1.07371255379 	 0.00000000228 
0.01629750835 	 1.11258204340 	 0.00000000237 
0.01629750835 	 1.15285864817 	 0.00000000248 
0.01629750835 	 1.19459330712 	 -0.00000000040 
0.01629750835 	 1.23783880329 	 -0.00000000040 
0.01629750835 	 1.28264983053 	 -0.00000000041 
0.01629750835 	 1.32908306266 	 -0.00000000043 
0.01629750835 	 1.37719722516 	 -0.00000000037 
0.01629750835 	 1.42705316941 	 -0.00000000040 
0.01629750835 	 1.47871394970 	 -0.00000000042 
0.01629750835 	 1.53224490292 	 -0.00000000045 
0.01629750835 	 1.58771373126 	 -0.00000000015 
0.01629750835 	 1.64519058775 	 -0.00000000016 
0.01629750835 	 1.70474816508 	 0.00000000014 
0.01629750835 	 1.76646178745 	 0.00000000012 
0.01629750835 	 1.83040950590 	 0.00000000006 
0.01629750835 	 1.89667219698 	 0.00000000005 
0.01629750835 	 1.96533366506 	 0.00000000005 
0.01629750835 	 2.03648074833 	 0.00000000004 
0.01629750835 	 2.11020342857 	 -0.00000000123 
0.01629750835 	 2.18659494503 	 -0.00000000041 
0.01629750835 	 2.26575191231 	 0.00000000452 
0.01629750835 	 2.34777444254 	 0.00000000328 
0.01629750835 	 2.43276627202 	 0.00000000659 
0.01629750835 	 2.52083489243 	 0.00000000543 
0.01629750835 	 2.61209168671 	 0.00000000420 
0.01629750835 	 2.70665207003 	 0.00000000348 
0.01629750835 	 2.80463563568 	 0.00000000831 
0.01629750835 	 2.90616630634 	 -0.00000001795 
0.01629750835 	 3.01137249084 	 -0.00000000825 
0.01629750835 	 3.12038724653 	 -0.00000000980 
0.01629750835 	 3.23334844756 	 -0.00000000148 
0.01629750835 	 3.35039895929 	 -0.00000000147 
0.01629750835 	 3.47168681893 	 -0.00000000924 
0.01629750835 	 3.59736542280 	 -0.00000001176 
0.01629750835 	 3.72759372031 	 -0.00000001164 
0.01629750835 	 3.86253641503 	 -0.00000001144 
0.01629750835 	 4.00236417294 	 0.00000000094 
0.01629750835 	 4.14725383830 	 0.00000000086 
0.01629750835 	 4.29738865733 	 -0.00000000395 
0.01629750835 	 4.45295850994 	 -0.00000000639 
0.01629750835 	 4.61416014990 	 -0.00000000643 
0.01629750835 	 4.78119745364 	 -0.00000000605 
0.01629750835 	 4.95428167815 	 -0.00000000557 
0.01629750835 	 5.13363172813 	 0.00000000258 
0.01629750835 	 5.31947443285 	 0.00000000958 
0.01629750835 	 5.51204483304 	 0.00000000136 
0.01629750835 	 5.71158647813 	 0.00000000466 
0.01629750835 	 5.91835173430 	 0.00000000461 
0.01629750835 	 6.13260210363 	 0.00000000064 
0.01629750835 	 6.35460855487 	 0.00000000071 
0.01629750835 	 6.58465186608 	 0.00000000032 
0.01629750835 	 6.82302297979 	 0.00000000048 
0.01629750835 	 7.07002337096 	 0.00000000047 
0.01629750835 	 7.32596542822 	 0.00000000048 
0.01629750835 	 7.59117284900 	 0.00000000061 
0.01629750835 	 7.86598104892 	 0.00000001383 
0.01629750835 	 8.15073758597 	 0.00000001790 
0.01629750835 	 8.44580260011 	 0.00000000845 
0.01629750835 	 8.75154926872 	 0.00000000410 
0.01629750835 	 9.06836427859 	 0.00000000101 
0.01629750835 	 9.39664831495 	 -0.00000000568 
0.01629750835 	 9.73681656828 	 -0.00000002945 
0.01629750835 	 10.08929925933 	 -0.00000002424 
0.01629750835 	 10.45454218333 	 -0.00000001459 
0.01629750835 	 10.83300727371 	 -0.00000000509 
0.01629750835 	 11.22517318638 	 -0.00000000850 
0.01629750835 	 11.63153590510 	 -0.00000000308 
0.01629750835 	 12.05260936871 	 -0.00000001165 
0.01629750835 	 12.48892612118 	 -0.00000000605 
0.01629750835 	 12.94103798513 	 0.00000000093 
0.01629750835 	 13.40951675969 	 0.00000001084 
0.01629750835 	 13.89495494373 	 0.00000001494 
0.01629750835 	 14.39796648516 	 -0.00000000089 
0.01629750835 	 14.91918755746 	 -0.00000000255 
0.01629750835 	 15.45927736419 	 -0.00000000195 
0.01629750835 	 16.01891897281 	 -0.00000000141 
0.01629750835 	 16.59882017849 	 -0.00000000147 
0.01629750835 	 17.19971439928 	 -0.00000000154 
0.01629750835 	 17.82236160377 	 -0.00000000269 
0.01629750835 	 18.46754927215 	 -0.00000000409 
0.01629750835 	 19.13609339219 	 -0.00000000317 
0.01629750835 	 19.82883949127 	 -0.00000000014 
0.01629750835 	 20.54666370572 	 -0.00000000022 
0.01629750835 	 21.29047388890 	 0.00000000044 
0.01629750835 	 22.06121075937 	 -0.00000000125 
0.01629750835 	 22.85984909069 	 -0.00000000268 
0.01629750835 	 23.68739894419 	 0.00000002050 
0.01629750835 	 24.54490694646 	 -0.00000000669 
0.01629750835 	 25.43345761305 	 -0.00000000365 
0.01629750835 	 26.35417472006 	 -0.00000000021 
0.01629750835 	 27.30822272546 	 0.00000005903 
0.01629750835 	 28.29680824175 	 0.00000003560 
0.01629750835 	 29.32118156207 	 -0.00000000152 
0.01629750835 	 30.38263824141 	 0.00000000016 
0.01629750835 	 31.48252073520 	 0.00000000367 
0.01629750835 	 32.62222009712 	 0.00000000211 
0.01629750835 	 33.80317773840 	 0.00000000380 
0.01629750835 	 35.02688725083 	 0.00000000273 
0.01629750835 	 36.29489629577 	 0.00000000501 
0.01629750835 	 37.60880856147 	 -0.00000002324 
0.01629750835 	 38.97028579134 	 -0.00000001701 
0.01629750835 	 40.38104988560 	 -0.00000000895 
0.01629750835 	 41.84288507902 	 0.00000005122 
0.01629750835 	 43.35764019746 	 -0.00000001271 
0.01629750835 	 44.92723099621 	 -0.00000002511 
0.01629750835 	 46.55364258280 	 -0.00000000993 
0.01629750835 	 48.23893192773 	 -0.00000000615 
0.01629750835 	 49.98523046589 	 0.00000002203 
0.01629750835 	 51.79474679231 	 0.00000007239 
0.01629750835 	 53.66976945540 	 0.00000004869 
0.01629750835 	 55.61266985137 	 -0.00000002950 
0.01629750835 	 57.62590522338 	 -0.00000007380 
0.01629750835 	 59.71202176930 	 0.00000003272 
0.01629750835 	 61.87365786196 	 0.00000008196 
0.01629750835 	 64.11354738598 	 0.00000025567 
0.01629750835 	 66.43452319540 	 0.00000043662 
0.01629750835 	 68.83952069645 	 0.00000064963 
0.01629750835 	 71.33158156008 	 0.00000081038 
0.01629750835 	 73.91385756879 	 0.00000120485 
0.01629750835 	 76.58961460288 	 0.00000163091 
0.01629750835 	 79.36223677079 	 0.00000245237 
0.01629750835 	 82.23523068918 	 0.00000333023 
0.01629750835 	 85.21222991780 	 0.00000461473 
0.01629750835 	 88.29699955494 	 0.00000620570 
0.01629750835 	 91.49344099933 	 0.00000829754 
0.01629750835 	 94.80559688429 	 0.00001122790 
0.01629750835 	 98.23765619059 	 0.00001511614 
0.01629750835 	 101.79395954438 	 0.00001997872 
0.01629750835 	 105.47900470692 	 0.00002619314 
0.01629750835 	 109.29745226298 	 0.00003382264 
0.01629750835 	 113.25413151528 	 0.00004385274 
0.01629750835 	 117.35404659222 	 0.00005664511 
0.01629750835 	 121.60238277674 	 0.00007261646 
0.01629750835 	 126.00451306433 	 0.00009220879 
0.01629750835 	 130.56600495838 	 0.00011597598 
0.01629750835 	 135.29262751160 	 0.00014577744 
0.01629750835 	 140.19035862226 	 0.00018198722 
0.01629750835 	 145.26539259468 	 0.00022535939 
0.01629750835 	 150.52414797329 	 0.00027775920 
0.01629750835 	 155.97327566040 	 0.00034049494 
0.01629750835 	 161.61966732774 	 0.00041481425 
0.01629750835 	 167.47046413260 	 0.00050255577 
0.01629750835 	 173.53306574945 	 0.00060547376 
0.01629750835 	 179.81513972851 	 0.00072598138 
0.01629750835 	 186.32463119316 	 0.00086572426 
0.01629750835 	 193.06977288832 	 0.00102762658 
0.01629750835 	 200.05909559272 	 0.00121333630 
0.01629750835 	 207.30143890792 	 0.00142573190 
0.01629750835 	 214.80596243813 	 0.00166771727 
0.01629750835 	 222.58215737454 	 0.00194148978 
0.01629750835 	 230.63985849915 	 0.00225007022 
0.01629750835 	 238.98925662311 	 0.00259630840 
0.01629750835 	 247.64091147530 	 0.00298307481 
0.01629750835 	 256.60576505760 	 0.00341326607 
0.01629750835 	 265.89515548347 	 0.00388964043 
0.01629750835 	 275.52083131769 	 0.00441489147 
0.01629750835 	 285.49496643503 	 0.00499159206 
0.01629750835 	 295.83017541695 	 0.00562246226 
0.01629750835 	 306.53952950565 	 0.00630992036 
0.01629750835 	 317.63657313561 	 0.00705592554 
0.01629750835 	 329.13534106365 	 0.00786346934 
0.01629750835 	 341.05037611911 	 0.00873363880 
0.01629750835 	 353.39674759658 	 0.00966812189 
0.01629750835 	 366.19007031450 	 0.01066838700 
0.01629750835 	 379.44652436364 	 0.01173561459 
0.01629750835 	 393.18287557058 	 0.01287084051 
0.01629750835 	 407.41649670190 	 0.01407464543 
0.01629750835 	 422.16538943608 	 0.01534711202 
0.01629750835 	 437.44820713071 	 0.01668843573 
0.01629750835 	 453.28427841392 	 0.01809842391 
0.01629750835 	 469.69363162995 	 0.01957620814 
0.01629750835 	 486.69702016948 	 0.02112188562 
0.01629750835 	 504.31594871714 	 0.02273346867 
0.01629750835 	 522.57270044903 	 0.02441005498 
0.01629750835 	 541.49036521501 	 0.02614981403 
0.01629750835 	 561.09286874100 	 0.02795161557 
0.01629750835 	 581.40500288865 	 0.02981319607 
0.01629750835 	 602.45245701027 	 0.03173236809 
0.01629750835 	 624.26185043890 	 0.03370691507 
0.01629750835 	 646.86076615463 	 0.03573462813 
0.01629750835 	 670.27778566954 	 0.03781319411 
0.01629750835 	 694.54252517561 	 0.03994011131 
0.01629750835 	 719.68567300115 	 0.04211295091 
0.01629750835 	 745.73902842330 	 0.04432977778 
0.01629750835 	 772.73554188543 	 0.04658831228 
0.01629750835 	 800.70935667059 	 0.04888523100 
0.01629750835 	 829.69585208349 	 0.05121886742 
0.01629750835 	 859.73168819576 	 0.05358773092 
0.01629750835 	 890.85485221102 	 0.05598949780 
0.01629750835 	 923.10470650840 	 0.05842257588 
0.01629750835 	 956.52203842531 	 0.06088651270 
0.01629750835 	 991.14911184236 	 0.06337920840 
0.01629750835 	 1027.02972063577 	 0.06589946757 
0.01629750835 	 1064.20924406472 	 0.06844680579 
0.01629750835 	 1102.73470416390 	 0.07102059933 
0.01629750835 	 1142.65482521357 	 0.07362081203 
0.01629750835 	 1184.02009536266 	 0.07624778876 
0.01629750835 	 1226.88283048257 	 0.07890104525 
0.01629750835 	 1271.29724033264 	 0.08158126402 
0.01629750835 	 1317.31949712075 	 0.08428875785 
0.01629750835 	 1365.00780654601 	 0.08702396991 
0.01629750835 	 1414.42248141323 	 0.08978920232 
0.01629750835 	 1465.62601791225 	 0.09258343795 
0.01629750835 	 1518.68317465873 	 0.09540908620 
0.01629750835 	 1573.66105459626 	 0.09826661571 
0.01629750835 	 1630.62918986345 	 0.10115877803 
0.01629750835 	 1689.65962973324 	 0.10408418491 
0.01629750835 	 1750.82703173573 	 0.10704666490 
0.01629750835 	 1814.20875607977 	 0.11004508180 
0.01629750835 	 1879.88496349267 	 0.11308329658 
0.01629750835 	 1947.93871660183 	 0.11616207914 
0.01629750835 	 2018.45608498650 	 0.11928228628 
0.01629750835 	 2091.52625403246 	 0.12244319913 
0.01629750835 	 2167.24163772744 	 0.12565103790 
0.01629750835 	 2245.69799553977 	 0.12890247029 
0.01629750835 	 2326.99455352823 	 0.13220030668 
0.01629750835 	 2411.23412983612 	 0.13554576970 
0.01629750835 	 2498.52326472839 	 0.13894070055 
0.01629750835 	 2588.97235533627 	 0.14238473387 
0.01629750835 	 2682.69579527972 	 0.14588062077 
0.01629750835 	 2779.81211934445 	 0.14942888172 
0.01629750835 	 2880.44415339630 	 0.15302955784 
0.01629750835 	 2984.71916972271 	 0.15668497653 
0.01629750835 	 3092.76904799777 	 0.16039625502 
0.01629750835 	 3204.73044207429 	 0.16416379886 
0.01629750835 	 3320.74495281390 	 0.16798848063 
0.01629750835 	 3440.95930717388 	 0.17187123142 
0.01629750835 	 3565.52554377701 	 0.17581205290 
0.01629750835 	 3694.60120519930 	 0.17981567717 
0.01629750835 	 3828.34953721869 	 0.18387940411 
0.01629750835 	 3966.93969527677 	 0.18800725539 
0.01629750835 	 4110.54695841470 	 0.19219641077 
0.01629750835 	 4259.35295095366 	 0.19644946591 
0.01629750835 	 4413.54587220053 	 0.20076865401 
0.01629750835 	 4573.32073446906 	 0.20515369272 
0.01629750835 	 4738.87960971766 	 0.20960509524 
0.01629750835 	 4910.43188511573 	 0.21412384855 
0.01629750835 	 5088.19452786179 	 0.21871288435 
0.01629750835 	 5272.39235958825 	 0.22337029961 
0.01629750835 	 5463.25834069991 	 0.22809771096 
0.01629750835 	 5661.03386500583 	 0.23289607465 
0.01629750835 	 5865.96906501720 	 0.23776621072 
0.01629750835 	 6078.32312829723 	 0.24271007042 
0.01629750835 	 6298.36462526327 	 0.24772827245 
0.01629750835 	 6526.37184885573 	 0.25282100011 
0.01629750835 	 6762.63316650331 	 0.25798736395 
0.01629750835 	 7007.44738482975 	 0.26323047871 
0.01629750835 	 7261.12412756334 	 0.26854919750 
0.01629750835 	 7523.98422712716 	 0.27394563309 
0.01629750835 	 7796.36013040524 	 0.27941919618 
0.01629750835 	 8078.59631919787 	 0.28497092381 
0.01629750835 	 8371.04974589791 	 0.29060209345 
0.01629750835 	 8674.09028493891 	 0.29631500185 
0.01629750835 	 8988.10120058618 	 0.30210592690 
0.01629750835 	 9313.47963166233 	 0.30797695597 
0.01629750835 	 9650.63709382046 	 0.31393067714 
0.01629750835 	 10000.00000000000 	 0.31996426692 
