0.00200923300 	 0.00000000000 	 -0.00000000017 
0.00200923300 	 0.01000000000 	 -0.00000000017 
0.00200923300 	 0.02000000000 	 -0.00000000018 
0.00200923300 	 0.03000000000 	 -0.00000000018 
0.00200923300 	 0.04000000000 	 -0.00000000018 
0.00200923300 	 0.05000000000 	 -0.00000000018 
0.00200923300 	 0.06000000000 	 -0.00000000019 
0.00200923300 	 0.07000000000 	 -0.00000000019 
0.00200923300 	 0.08000000000 	 -0.00000000019 
0.00200923300 	 0.09000000000 	 -0.00000000020 
0.00200923300 	 0.10000000000 	 -0.00000000020 
0.00200923300 	 0.11000000000 	 -0.00000000020 
0.00200923300 	 0.12000000000 	 -0.00000000021 
0.00200923300 	 0.13000000000 	 -0.00000000021 
0.00200923300 	 0.14000000000 	 -0.00000000021 
0.00200923300 	 0.15000000000 	 -0.00000000022 
0.00200923300 	 0.16000000000 	 -0.00000000022 
0.00200923300 	 0.17000000000 	 -0.00000000022 
0.00200923300 	 0.18000000000 	 -0.00000000022 
0.00200923300 	 0.19000000000 	 -0.00000000023 
0.00200923300 	 0.20000000000 	 -0.00000000023 
0.00200923300 	 0.21000000000 	 -0.00000000023 
0.00200923300 	 0.22000000000 	 -0.00000000024 
0.00200923300 	 0.23000000000 	 -0.00000000024 
0.00200923300 	 0.24000000000 	 -0.00000000024 
0.00200923300 	 0.25000000000 	 -0.00000000025 
0.00200923300 	 0.26000000000 	 -0.00000000025 
0.00200923300 	 0.27000000000 	 -0.00000000026 
0.00200923300 	 0.28000000000 	 -0.00000000026 
0.00200923300 	 0.29000000000 	 -0.00000000026 
0.00200923300 	 0.30000000000 	 -0.00000000027 
0.00200923300 	 0.31000000000 	 -0.00000000027 
0.00200923300 	 0.32000000000 	 -0.00000000027 
0.00200923300 	 0.33000000000 	 -0.00000000028 
0.00200923300 	 0.34000000000 	 -0.00000000028 
0.00200923300 	 0.35000000000 	 -0.00000000029 
0.00200923300 	 0.36000000000 	 -0.00000000029 
0.00200923300 	 0.37000000000 	 -0.00000000030 
0.00200923300 	 0.38000000000 	 -0.00000000030 
0.00200923300 	 0.39000000000 	 -0.00000000030 
0.00200923300 	 0.40000000000 	 -0.00000000031 
0.00200923300 	 0.41000000000 	 -0.00000000031 
0.00200923300 	 0.42000000000 	 -0.00000000032 
0.00200923300 	 0.43000000000 	 -0.00000000032 
0.00200923300 	 0.44000000000 	 -0.00000000033 
0.00200923300 	 0.45000000000 	 -0.00000000033 
0.00200923300 	 0.46000000000 	 -0.00000000034 
0.00200923300 	 0.47000000000 	 -0.00000000035 
0.00200923300 	 0.48000000000 	 -0.00000000035 
0.00200923300 	 0.49000000000 	 -0.00000000036 
0.00200923300 	 0.50000000000 	 -0.00000000037 
0.00200923300 	 0.51000000000 	 -0.00000000037 
0.00200923300 	 0.52000000000 	 -0.00000000038 
0.00200923300 	 0.53000000000 	 -0.00000000039 
0.00200923300 	 0.54000000000 	 -0.00000000039 
0.00200923300 	 0.55000000000 	 -0.00000000040 
0.00200923300 	 0.56000000000 	 -0.00000000041 
0.00200923300 	 0.57000000000 	 -0.00000000042 
0.00200923300 	 0.58000000000 	 -0.00000000001 
0.00200923300 	 0.59000000000 	 -0.00000000001 
0.00200923300 	 0.60000000000 	 -0.00000000001 
0.00200923300 	 0.61000000000 	 -0.00000000001 
0.00200923300 	 0.62000000000 	 -0.00000000018 
0.00200923300 	 0.63000000000 	 -0.00000000018 
0.00200923300 	 0.64000000000 	 -0.00000000019 
0.00200923300 	 0.65000000000 	 -0.00000000019 
0.00200923300 	 0.66000000000 	 -0.00000000020 
0.00200923300 	 0.67000000000 	 -0.00000000020 
0.00200923300 	 0.68000000000 	 0.00000000075 
0.00200923300 	 0.69000000000 	 0.00000000075 
0.00200923300 	 0.70000000000 	 0.00000000075 
0.00200923300 	 0.71000000000 	 0.00000000075 
0.00200923300 	 0.72000000000 	 0.00000000075 
0.00200923300 	 0.73000000000 	 0.00000000075 
0.00200923300 	 0.74000000000 	 0.00000000075 
0.00200923300 	 0.75000000000 	 0.00000000076 
0.00200923300 	 0.76000000000 	 0.00000000076 
0.00200923300 	 0.77000000000 	 0.00000000076 
0.00200923300 	 0.78000000000 	 0.00000000076 
0.00200923300 	 0.79000000000 	 0.00000000076 
0.00200923300 	 0.80000000000 	 0.00000000076 
0.00200923300 	 0.81000000000 	 0.00000000076 
0.00200923300 	 0.82000000000 	 0.00000000076 
0.00200923300 	 0.83000000000 	 0.00000000076 
0.00200923300 	 0.84000000000 	 0.00000000076 
0.00200923300 	 0.85000000000 	 0.00000000076 
0.00200923300 	 0.86000000000 	 0.00000000077 
0.00200923300 	 0.87000000000 	 0.00000000077 
0.00200923300 	 0.88000000000 	 0.00000000077 
0.00200923300 	 0.89000000000 	 0.00000000077 
0.00200923300 	 0.90000000000 	 0.00000000077 
0.00200923300 	 0.91000000000 	 0.00000000077 
0.00200923300 	 0.92000000000 	 0.00000000077 
0.00200923300 	 0.93000000000 	 -0.00000000012 
0.00200923300 	 0.94000000000 	 -0.00000000012 
0.00200923300 	 0.95000000000 	 -0.00000000012 
0.00200923300 	 0.96000000000 	 -0.00000000012 
0.00200923300 	 0.97000000000 	 -0.00000000013 
0.00200923300 	 0.98000000000 	 -0.00000000013 
0.00200923300 	 0.99000000000 	 -0.00000000013 
0.00200923300 	 1.00000000000 	 -0.00000000013 
0.00200923300 	 1.03620101997 	 -0.00000000014 
0.00200923300 	 1.07371255379 	 -0.00000000015 
0.00200923300 	 1.11258204340 	 -0.00000000016 
0.00200923300 	 1.15285864817 	 -0.00000000017 
0.00200923300 	 1.19459330712 	 -0.00000000018 
0.00200923300 	 1.23783880329 	 -0.00000000020 
0.00200923300 	 1.28264983053 	 -0.00000000022 
0.00200923300 	 1.32908306266 	 -0.00000000024 
0.00200923300 	 1.37719722516 	 -0.00000000025 
0.00200923300 	 1.42705316941 	 -0.00000000027 
0.00200923300 	 1.47871394970 	 -0.00000000029 
0.00200923300 	 1.53224490292 	 -0.00000000031 
0.00200923300 	 1.58771373126 	 -0.00000000033 
0.00200923300 	 1.64519058775 	 -0.00000000037 
0.00200923300 	 1.70474816508 	 -0.00000000054 
0.00200923300 	 1.76646178745 	 -0.00000000036 
0.00200923300 	 1.83040950590 	 -0.00000000044 
0.00200923300 	 1.89667219698 	 0.00000000014 
0.00200923300 	 1.96533366506 	 0.00000000016 
0.00200923300 	 2.03648074833 	 0.00000000017 
0.00200923300 	 2.11020342857 	 0.00000000017 
0.00200923300 	 2.18659494503 	 0.00000000018 
0.00200923300 	 2.26575191231 	 0.00000000018 
0.00200923300 	 2.34777444254 	 0.00000000018 
0.00200923300 	 2.43276627202 	 0.00000000018 
0.00200923300 	 2.52083489243 	 -0.00000000060 
0.00200923300 	 2.61209168671 	 -0.00000000058 
0.00200923300 	 2.70665207003 	 -0.00000000058 
0.00200923300 	 2.80463563568 	 -0.00000000077 
0.00200923300 	 2.90616630634 	 -0.00000000097 
0.00200923300 	 3.01137249084 	 -0.00000000297 
0.00200923300 	 3.12038724653 	 0.00000000012 
0.00200923300 	 3.23334844756 	 0.00000000017 
0.00200923300 	 3.35039895929 	 -0.00000000032 
0.00200923300 	 3.47168681893 	 -0.00000000032 
0.00200923300 	 3.59736542280 	 -0.00000000079 
0.00200923300 	 3.72759372031 	 -0.00000000122 
0.00200923300 	 3.86253641503 	 -0.00000000110 
0.00200923300 	 4.00236417294 	 -0.00000000096 
0.00200923300 	 4.14725383830 	 -0.00000000041 
0.00200923300 	 4.29738865733 	 -0.00000000003 
0.00200923300 	 4.45295850994 	 -0.00000000003 
0.00200923300 	 4.61416014990 	 -0.00000000004 
0.00200923300 	 4.78119745364 	 -0.00000000004 
0.00200923300 	 4.95428167815 	 0.00000000000 
0.00200923300 	 5.13363172813 	 0.00000000000 
0.00200923300 	 5.31947443285 	 0.00000000000 
0.00200923300 	 5.51204483304 	 0.00000000000 
0.00200923300 	 5.71158647813 	 0.00000000000 
0.00200923300 	 5.91835173430 	 0.00000000000 
0.00200923300 	 6.13260210363 	 0.00000000000 
0.00200923300 	 6.35460855487 	 0.00000000000 
0.00200923300 	 6.58465186608 	 0.00000000000 
0.00200923300 	 6.82302297979 	 0.00000000000 
0.00200923300 	 7.07002337096 	 0.00000000000 
0.00200923300 	 7.32596542822 	 0.00000000000 
0.00200923300 	 7.59117284900 	 0.00000000000 
0.00200923300 	 7.86598104892 	 0.00000000000 
0.00200923300 	 8.15073758597 	 0.00000000000 
0.00200923300 	 8.44580260011 	 -0.00000000105 
0.00200923300 	 8.75154926872 	 -0.00000000105 
0.00200923300 	 9.06836427859 	 -0.00000000060 
0.00200923300 	 9.39664831495 	 -0.00000000056 
0.00200923300 	 9.73681656828 	 -0.00000000055 
0.00200923300 	 10.08929925933 	 -0.00000000051 
0.00200923300 	 10.45454218333 	 -0.00000000047 
0.00200923300 	 10.83300727371 	 -0.00000000046 
0.00200923300 	 11.22517318638 	 -0.00000000046 
0.00200923300 	 11.63153590510 	 -0.00000000048 
0.00200923300 	 12.05260936871 	 -0.00000000054 
0.00200923300 	 12.48892612118 	 0.00000000008 
0.00200923300 	 12.94103798513 	 0.00000000014 
0.00200923300 	 13.40951675969 	 0.00000000029 
0.00200923300 	 13.89495494373 	 0.00000000070 
0.00200923300 	 14.39796648516 	 0.00000000108 
0.00200923300 	 14.91918755746 	 0.00000000106 
0.00200923300 	 15.45927736419 	 0.00000000093 
0.00200923300 	 16.01891897281 	 -0.00000000004 
0.00200923300 	 16.59882017849 	 0.00000000003 
0.00200923300 	 17.19971439928 	 0.00000000043 
0.00200923300 	 17.82236160377 	 0.00000000042 
0.00200923300 	 18.46754927215 	 0.00000000044 
0.00200923300 	 19.13609339219 	 0.00000000014 
0.00200923300 	 19.82883949127 	 0.00000000007 
0.00200923300 	 20.54666370572 	 0.00000000049 
0.00200923300 	 21.29047388890 	 0.00000000037 
0.00200923300 	 22.06121075937 	 0.00000000013 
0.00200923300 	 22.85984909069 	 0.00000000062 
0.00200923300 	 23.68739894419 	 -0.00000000160 
0.00200923300 	 24.54490694646 	 -0.00000000180 
0.00200923300 	 25.43345761305 	 -0.00000000193 
0.00200923300 	 26.35417472006 	 -0.00000000152 
0.00200923300 	 27.30822272546 	 -0.00000000140 
0.00200923300 	 28.29680824175 	 0.00000000048 
0.00200923300 	 29.32118156207 	 0.00000000045 
0.00200923300 	 30.38263824141 	 0.00000000060 
0.00200923300 	 31.48252073520 	 0.00000000084 
0.00200923300 	 32.62222009712 	 -0.00000000079 
0.00200923300 	 33.80317773840 	 0.00000000040 
0.00200923300 	 35.02688725083 	 0.00000000144 
0.00200923300 	 36.29489629577 	 -0.00000000215 
0.00200923300 	 37.60880856147 	 -0.00000000000 
0.00200923300 	 38.97028579134 	 -0.00000000000 
0.00200923300 	 40.38104988560 	 -0.00000000000 
0.00200923300 	 41.84288507902 	 0.00000000195 
0.00200923300 	 43.35764019746 	 0.00000000043 
0.00200923300 	 44.92723099621 	 0.00000000039 
0.00200923300 	 46.55364258280 	 -0.00000000212 
0.00200923300 	 48.23893192773 	 0.00000000127 
0.00200923300 	 49.98523046589 	 -0.00000000221 
0.00200923300 	 51.79474679231 	 -0.00000000218 
0.00200923300 	 53.66976945540 	 -0.00000000203 
0.00200923300 	 55.61266985137 	 -0.00000000261 
0.00200923300 	 57.62590522338 	 -0.00000000187 
0.00200923300 	 59.71202176930 	 -0.00000000064 
0.00200923300 	 61.87365786196 	 -0.00000000062 
0.00200923300 	 64.11354738598 	 -0.00000000099 
0.00200923300 	 66.43452319540 	 -0.00000000224 
0.00200923300 	 68.83952069645 	 0.00000000152 
0.00200923300 	 71.33158156008 	 -0.00000000195 
0.00200923300 	 73.91385756879 	 -0.00000000234 
0.00200923300 	 76.58961460288 	 -0.00000000005 
0.00200923300 	 79.36223677079 	 0.00000000043 
0.00200923300 	 82.23523068918 	 -0.00000000202 
0.00200923300 	 85.21222991780 	 -0.00000000228 
0.00200923300 	 88.29699955494 	 0.00000000214 
0.00200923300 	 91.49344099933 	 0.00000000314 
0.00200923300 	 94.80559688429 	 0.00000000317 
0.00200923300 	 98.23765619059 	 -0.00000000039 
0.00200923300 	 101.79395954438 	 0.00000000360 
0.00200923300 	 105.47900470692 	 0.00000000466 
0.00200923300 	 109.29745226298 	 0.00000001232 
0.00200923300 	 113.25413151528 	 0.00000000986 
0.00200923300 	 117.35404659222 	 0.00000000803 
0.00200923300 	 121.60238277674 	 -0.00000000947 
0.00200923300 	 126.00451306433 	 0.00000000890 
0.00200923300 	 130.56600495838 	 0.00000001176 
0.00200923300 	 135.29262751160 	 0.00000000122 
0.00200923300 	 140.19035862226 	 0.00000000082 
0.00200923300 	 145.26539259468 	 0.00000000419 
0.00200923300 	 150.52414797329 	 0.00000002823 
0.00200923300 	 155.97327566040 	 0.00000002571 
0.00200923300 	 161.61966732774 	 0.00000002181 
0.00200923300 	 167.47046413260 	 0.00000000003 
0.00200923300 	 173.53306574945 	 -0.00000000432 
0.00200923300 	 179.81513972851 	 -0.00000000264 
0.00200923300 	 186.32463119316 	 -0.00000000188 
0.00200923300 	 193.06977288832 	 0.00000001691 
0.00200923300 	 200.05909559272 	 -0.00000001550 
0.00200923300 	 207.30143890792 	 -0.00000001173 
0.00200923300 	 214.80596243813 	 0.00000002038 
0.00200923300 	 222.58215737454 	 0.00000000603 
0.00200923300 	 230.63985849915 	 0.00000000571 
0.00200923300 	 238.98925662311 	 -0.00000000806 
0.00200923300 	 247.64091147530 	 0.00000003128 
0.00200923300 	 256.60576505760 	 0.00000002440 
0.00200923300 	 265.89515548347 	 0.00000003170 
0.00200923300 	 275.52083131769 	 0.00000002492 
0.00200923300 	 285.49496643503 	 0.00000002920 
0.00200923300 	 295.83017541695 	 0.00000000745 
0.00200923300 	 306.53952950565 	 -0.00000001656 
0.00200923300 	 317.63657313561 	 -0.00000000758 
0.00200923300 	 329.13534106365 	 -0.00000000238 
0.00200923300 	 341.05037611911 	 -0.00000009907 
0.00200923300 	 353.39674759658 	 -0.00000006457 
0.00200923300 	 366.19007031450 	 -0.00000005695 
0.00200923300 	 379.44652436364 	 -0.00000004400 
0.00200923300 	 393.18287557058 	 -0.00000002240 
0.00200923300 	 407.41649670190 	 -0.00000000188 
0.00200923300 	 422.16538943608 	 0.00000001640 
0.00200923300 	 437.44820713071 	 0.00000004004 
0.00200923300 	 453.28427841392 	 0.00000000846 
0.00200923300 	 469.69363162995 	 -0.00000002398 
0.00200923300 	 486.69702016948 	 -0.00000009705 
0.00200923300 	 504.31594871714 	 -0.00000003244 
0.00200923300 	 522.57270044903 	 -0.00000003654 
0.00200923300 	 541.49036521501 	 0.00000005540 
0.00200923300 	 561.09286874100 	 0.00000015479 
0.00200923300 	 581.40500288865 	 0.00000016484 
0.00200923300 	 602.45245701027 	 0.00000026020 
0.00200923300 	 624.26185043890 	 0.00000040147 
0.00200923300 	 646.86076615463 	 0.00000078848 
0.00200923300 	 670.27778566954 	 0.00000115454 
0.00200923300 	 694.54252517561 	 0.00000169431 
0.00200923300 	 719.68567300115 	 0.00000242573 
0.00200923300 	 745.73902842330 	 0.00000338732 
0.00200923300 	 772.73554188543 	 0.00000485308 
0.00200923300 	 800.70935667059 	 0.00000687740 
0.00200923300 	 829.69585208349 	 0.00000952029 
0.00200923300 	 859.73168819576 	 0.00001300910 
0.00200923300 	 890.85485221102 	 0.00001752830 
0.00200923300 	 923.10470650840 	 0.00002368479 
0.00200923300 	 956.52203842531 	 0.00003167553 
0.00200923300 	 991.14911184236 	 0.00004213095 
0.00200923300 	 1027.02972063577 	 0.00005524380 
0.00200923300 	 1064.20924406472 	 0.00007170620 
0.00200923300 	 1102.73470416390 	 0.00009260236 
0.00200923300 	 1142.65482521357 	 0.00011889356 
0.00200923300 	 1184.02009536266 	 0.00015094959 
0.00200923300 	 1226.88283048257 	 0.00019064695 
0.00200923300 	 1271.29724033264 	 0.00023903881 
0.00200923300 	 1317.31949712075 	 0.00029743815 
0.00200923300 	 1365.00780654601 	 0.00036760161 
0.00200923300 	 1414.42248141323 	 0.00045135346 
0.00200923300 	 1465.62601791225 	 0.00055072457 
0.00200923300 	 1518.68317465873 	 0.00066768499 
0.00200923300 	 1573.66105459626 	 0.00080507691 
0.00200923300 	 1630.62918986345 	 0.00096459006 
0.00200923300 	 1689.65962973324 	 0.00114920484 
0.00200923300 	 1750.82703173573 	 0.00136174863 
0.00200923300 	 1814.20875607977 	 0.00160465064 
0.00200923300 	 1879.88496349267 	 0.00188106300 
0.00200923300 	 1947.93871660183 	 0.00219390986 
0.00200923300 	 2018.45608498650 	 0.00254624129 
0.00200923300 	 2091.52625403246 	 0.00294110008 
0.00200923300 	 2167.24163772744 	 0.00338152026 
0.00200923300 	 2245.69799553977 	 0.00387011929 
0.00200923300 	 2326.99455352823 	 0.00440998773 
0.00200923300 	 2411.23412983612 	 0.00500388728 
0.00200923300 	 2498.52326472839 	 0.00565445568 
0.00200923300 	 2588.97235533627 	 0.00636404639 
0.00200923300 	 2682.69579527972 	 0.00713525196 
0.00200923300 	 2779.81211934445 	 0.00796992266 
0.00200923300 	 2880.44415339630 	 0.00886974926 
0.00200923300 	 2984.71916972271 	 0.00983634353 
0.00200923300 	 3092.76904799777 	 0.01087106378 
0.00200923300 	 3204.73044207429 	 0.01197504666 
0.00200923300 	 3320.74495281390 	 0.01314901971 
0.00200923300 	 3440.95930717388 	 0.01439305460 
0.00200923300 	 3565.52554377701 	 0.01570769498 
0.00200923300 	 3694.60120519930 	 0.01709252498 
0.00200923300 	 3828.34953721869 	 0.01854712967 
0.00200923300 	 3966.93969527677 	 0.02007095668 
0.00200923300 	 4110.54695841470 	 0.02166263576 
0.00200923300 	 4259.35295095366 	 0.02332088395 
0.00200923300 	 4413.54587220053 	 0.02504429089 
0.00200923300 	 4573.32073446906 	 0.02683125154 
0.00200923300 	 4738.87960971766 	 0.02867973175 
0.00200923300 	 4910.43188511573 	 0.03058729831 
0.00200923300 	 5088.19452786179 	 0.03255181487 
0.00200923300 	 5272.39235958825 	 0.03457095087 
0.00200923300 	 5463.25834069991 	 0.03664233351 
0.00200923300 	 5661.03386500583 	 0.03876337302 
0.00200923300 	 5865.96906501720 	 0.04093184810 
0.00200923300 	 6078.32312829723 	 0.04314473564 
0.00200923300 	 6298.36462526327 	 0.04540055310 
0.00200923300 	 6526.37184885573 	 0.04769575609 
0.00200923300 	 6762.63316650331 	 0.05002857293 
0.00200923300 	 7007.44738482975 	 0.05239719269 
0.00200923300 	 7261.12412756334 	 0.05479950909 
0.00200923300 	 7523.98422712716 	 0.05723380726 
0.00200923300 	 7796.36013040524 	 0.05969959770 
0.00200923300 	 8078.59631919787 	 0.06219376045 
0.00200923300 	 8371.04974589791 	 0.06471655798 
0.00200923300 	 8674.09028493891 	 0.06726666519 
0.00200923300 	 8988.10120058618 	 0.06984362899 
0.00200923300 	 9313.47963166233 	 0.07244706347 
0.00200923300 	 9650.63709382046 	 0.07507763600 
0.00200923300 	 10000.00000000000 	 0.07773483680 
