0.01072267222 	 0.00000000000 	 0.00000275892 
0.01072267222 	 0.01000000000 	 0.00000278041 
0.01072267222 	 0.02000000000 	 0.00000280198 
0.01072267222 	 0.03000000000 	 0.00000282363 
0.01072267222 	 0.04000000000 	 0.00000284526 
0.01072267222 	 0.05000000000 	 0.00000286691 
0.01072267222 	 0.06000000000 	 0.00000288863 
0.01072267222 	 0.07000000000 	 0.00000291039 
0.01072267222 	 0.08000000000 	 0.00000293221 
0.01072267222 	 0.09000000000 	 0.00000295409 
0.01072267222 	 0.10000000000 	 0.00000297606 
0.01072267222 	 0.11000000000 	 0.00000299810 
0.01072267222 	 0.12000000000 	 0.00000302021 
0.01072267222 	 0.13000000000 	 0.00000304240 
0.01072267222 	 0.14000000000 	 0.00000306467 
0.01072267222 	 0.15000000000 	 0.00000308702 
0.01072267222 	 0.16000000000 	 0.00000310947 
0.01072267222 	 0.17000000000 	 0.00000313200 
0.01072267222 	 0.18000000000 	 0.00000315464 
0.01072267222 	 0.19000000000 	 0.00000317737 
0.01072267222 	 0.20000000000 	 0.00000320020 
0.01072267222 	 0.21000000000 	 0.00000322314 
0.01072267222 	 0.22000000000 	 0.00000324618 
0.01072267222 	 0.23000000000 	 0.00000326933 
0.01072267222 	 0.24000000000 	 0.00000329259 
0.01072267222 	 0.25000000000 	 0.00000331596 
0.01072267222 	 0.26000000000 	 0.00000333945 
0.01072267222 	 0.27000000000 	 0.00000336305 
0.01072267222 	 0.28000000000 	 0.00000339038 
0.01072267222 	 0.29000000000 	 0.00000341398 
0.01072267222 	 0.30000000000 	 0.00000343776 
0.01072267222 	 0.31000000000 	 0.00000346146 
0.01072267222 	 0.32000000000 	 0.00000348550 
0.01072267222 	 0.33000000000 	 0.00000350967 
0.01072267222 	 0.34000000000 	 0.00000353402 
0.01072267222 	 0.35000000000 	 0.00000355851 
0.01072267222 	 0.36000000000 	 0.00000358308 
0.01072267222 	 0.37000000000 	 0.00000360003 
0.01072267222 	 0.38000000000 	 0.00000362678 
0.01072267222 	 0.39000000000 	 0.00000365345 
0.01072267222 	 0.40000000000 	 0.00000368012 
0.01072267222 	 0.41000000000 	 0.00000370685 
0.01072267222 	 0.42000000000 	 0.00000373365 
0.01072267222 	 0.43000000000 	 0.00000376056 
0.01072267222 	 0.44000000000 	 0.00000378759 
0.01072267222 	 0.45000000000 	 0.00000381470 
0.01072267222 	 0.46000000000 	 0.00000384188 
0.01072267222 	 0.47000000000 	 0.00000386919 
0.01072267222 	 0.48000000000 	 0.00000389656 
0.01072267222 	 0.49000000000 	 0.00000392404 
0.01072267222 	 0.50000000000 	 0.00000395160 
0.01072267222 	 0.51000000000 	 0.00000397926 
0.01072267222 	 0.52000000000 	 0.00000400704 
0.01072267222 	 0.53000000000 	 0.00000403493 
0.01072267222 	 0.54000000000 	 0.00000406289 
0.01072267222 	 0.55000000000 	 0.00000409094 
0.01072267222 	 0.56000000000 	 0.00000411911 
0.01072267222 	 0.57000000000 	 0.00000414740 
0.01072267222 	 0.58000000000 	 0.00000417580 
0.01072267222 	 0.59000000000 	 0.00000420433 
0.01072267222 	 0.60000000000 	 0.00000423298 
0.01072267222 	 0.61000000000 	 0.00000426176 
0.01072267222 	 0.62000000000 	 0.00000429068 
0.01072267222 	 0.63000000000 	 0.00000431972 
0.01072267222 	 0.64000000000 	 0.00000434887 
0.01072267222 	 0.65000000000 	 0.00000437817 
0.01072267222 	 0.66000000000 	 0.00000440763 
0.01072267222 	 0.67000000000 	 0.00000443723 
0.01072267222 	 0.68000000000 	 0.00000446696 
0.01072267222 	 0.69000000000 	 0.00000449686 
0.01072267222 	 0.70000000000 	 0.00000452693 
0.01072267222 	 0.71000000000 	 0.00000455714 
0.01072267222 	 0.72000000000 	 0.00000458751 
0.01072267222 	 0.73000000000 	 0.00000461804 
0.01072267222 	 0.74000000000 	 0.00000464873 
0.01072267222 	 0.75000000000 	 0.00000467955 
0.01072267222 	 0.76000000000 	 0.00000471053 
0.01072267222 	 0.77000000000 	 0.00000474163 
0.01072267222 	 0.78000000000 	 0.00000477289 
0.01072267222 	 0.79000000000 	 0.00000481142 
0.01072267222 	 0.80000000000 	 0.00000484332 
0.01072267222 	 0.81000000000 	 0.00000487538 
0.01072267222 	 0.82000000000 	 0.00000490760 
0.01072267222 	 0.83000000000 	 0.00000493999 
0.01072267222 	 0.84000000000 	 0.00000497254 
0.01072267222 	 0.85000000000 	 0.00000500526 
0.01072267222 	 0.86000000000 	 0.00000503816 
0.01072267222 	 0.87000000000 	 0.00000507122 
0.01072267222 	 0.88000000000 	 0.00000510446 
0.01072267222 	 0.89000000000 	 0.00000513036 
0.01072267222 	 0.90000000000 	 0.00000516555 
0.01072267222 	 0.91000000000 	 0.00000520089 
0.01072267222 	 0.92000000000 	 0.00000523635 
0.01072267222 	 0.93000000000 	 0.00000527192 
0.01072267222 	 0.94000000000 	 0.00000530761 
0.01072267222 	 0.95000000000 	 0.00000534343 
0.01072267222 	 0.96000000000 	 0.00000537939 
0.01072267222 	 0.97000000000 	 0.00000541551 
0.01072267222 	 0.98000000000 	 0.00000545176 
0.01072267222 	 0.99000000000 	 0.00000548807 
0.01072267222 	 1.00000000000 	 0.00000552452 
0.01072267222 	 1.03620101997 	 0.00000565760 
0.01072267222 	 1.07371255379 	 0.00000579761 
0.01072267222 	 1.11258204340 	 0.00000594523 
0.01072267222 	 1.15285864817 	 0.00000610023 
0.01072267222 	 1.19459330712 	 0.00000626354 
0.01072267222 	 1.23783880329 	 0.00000643657 
0.01072267222 	 1.28264983053 	 0.00000661958 
0.01072267222 	 1.32908306266 	 0.00000681336 
0.01072267222 	 1.37719722516 	 0.00000701877 
0.01072267222 	 1.42705316941 	 0.00000723668 
0.01072267222 	 1.47871394970 	 0.00000746832 
0.01072267222 	 1.53224490292 	 0.00000771569 
0.01072267222 	 1.58771373126 	 0.00000797806 
0.01072267222 	 1.64519058775 	 0.00000825631 
0.01072267222 	 1.70474816508 	 0.00000855295 
0.01072267222 	 1.76646178745 	 0.00000886760 
0.01072267222 	 1.83040950590 	 0.00000920986 
0.01072267222 	 1.89667219698 	 0.00000957325 
0.01072267222 	 1.96533366506 	 0.00000995964 
0.01072267222 	 2.03648074833 	 0.00001037110 
0.01072267222 	 2.11020342857 	 0.00001080497 
0.01072267222 	 2.18659494503 	 0.00001128816 
0.01072267222 	 2.26575191231 	 0.00001180219 
0.01072267222 	 2.34777444254 	 0.00001235049 
0.01072267222 	 2.43276627202 	 0.00001293736 
0.01072267222 	 2.52083489243 	 0.00001356690 
0.01072267222 	 2.61209168671 	 0.00001424685 
0.01072267222 	 2.70665207003 	 0.00001499018 
0.01072267222 	 2.80463563568 	 0.00001578594 
0.01072267222 	 2.90616630634 	 0.00001664133 
0.01072267222 	 3.01137249084 	 0.00001756368 
0.01072267222 	 3.12038724653 	 0.00001856296 
0.01072267222 	 3.23334844756 	 0.00001965639 
0.01072267222 	 3.35039895929 	 0.00002083451 
0.01072267222 	 3.47168681893 	 0.00002210812 
0.01072267222 	 3.59736542280 	 0.00002348846 
0.01072267222 	 3.72759372031 	 0.00002498844 
0.01072267222 	 3.86253641503 	 0.00002662824 
0.01072267222 	 4.00236417294 	 0.00002840775 
0.01072267222 	 4.14725383830 	 0.00003034403 
0.01072267222 	 4.29738865733 	 0.00003246116 
0.01072267222 	 4.45295850994 	 0.00003477423 
0.01072267222 	 4.61416014990 	 0.00003729501 
0.01072267222 	 4.78119745364 	 0.00004005817 
0.01072267222 	 4.95428167815 	 0.00004308254 
0.01072267222 	 5.13363172813 	 0.00004639031 
0.01072267222 	 5.31947443285 	 0.00005002511 
0.01072267222 	 5.51204483304 	 0.00005401593 
0.01072267222 	 5.71158647813 	 0.00005838764 
0.01072267222 	 5.91835173430 	 0.00006321490 
0.01072267222 	 6.13260210363 	 0.00006850803 
0.01072267222 	 6.35460855487 	 0.00007435163 
0.01072267222 	 6.58465186608 	 0.00008078681 
0.01072267222 	 6.82302297979 	 0.00008785724 
0.01072267222 	 7.07002337096 	 0.00009569114 
0.01072267222 	 7.32596542822 	 0.00010430519 
0.01072267222 	 7.59117284900 	 0.00011383696 
0.01072267222 	 7.86598104892 	 0.00012435658 
0.01072267222 	 8.15073758597 	 0.00013596829 
0.01072267222 	 8.44580260011 	 0.00014886544 
0.01072267222 	 8.75154926872 	 0.00016311465 
0.01072267222 	 9.06836427859 	 0.00017881929 
0.01072267222 	 9.39664831495 	 0.00019631818 
0.01072267222 	 9.73681656828 	 0.00021560207 
0.01072267222 	 10.08929925933 	 0.00023700000 
0.01072267222 	 10.45454218333 	 0.00026060752 
0.01072267222 	 10.83300727371 	 0.00028687331 
0.01072267222 	 11.22517318638 	 0.00031577125 
0.01072267222 	 11.63153590510 	 0.00034801479 
0.01072267222 	 12.05260936871 	 0.00038353684 
0.01072267222 	 12.48892612118 	 0.00042302576 
0.01072267222 	 12.94103798513 	 0.00046657311 
0.01072267222 	 13.40951675969 	 0.00051477851 
0.01072267222 	 13.89495494373 	 0.00056809297 
0.01072267222 	 14.39796648516 	 0.00062707814 
0.01072267222 	 14.91918755746 	 0.00069219325 
0.01072267222 	 15.45927736419 	 0.00076397866 
0.01072267222 	 16.01891897281 	 0.00084343394 
0.01072267222 	 16.59882017849 	 0.00093098501 
0.01072267222 	 17.19971439928 	 0.00102742650 
0.01072267222 	 17.82236160377 	 0.00113341446 
0.01072267222 	 18.46754927215 	 0.00125013118 
0.01072267222 	 19.13609339219 	 0.00137848856 
0.01072267222 	 19.82883949127 	 0.00151922826 
0.01072267222 	 20.54666370572 	 0.00167363160 
0.01072267222 	 21.29047388890 	 0.00184281664 
0.01072267222 	 22.06121075937 	 0.00202794024 
0.01072267222 	 22.85984909069 	 0.00222989699 
0.01072267222 	 23.68739894419 	 0.00245108350 
0.01072267222 	 24.54490694646 	 0.00269176956 
0.01072267222 	 25.43345761305 	 0.00295370857 
0.01072267222 	 26.35417472006 	 0.00323846019 
0.01072267222 	 27.30822272546 	 0.00354749288 
0.01072267222 	 28.29680824175 	 0.00388240782 
0.01072267222 	 29.32118156207 	 0.00424475566 
0.01072267222 	 30.38263824141 	 0.00463631696 
0.01072267222 	 31.48252073520 	 0.00505879881 
0.01072267222 	 32.62222009712 	 0.00551355470 
0.01072267222 	 33.80317773840 	 0.00600285267 
0.01072267222 	 35.02688725083 	 0.00652829978 
0.01072267222 	 36.29489629577 	 0.00709108716 
0.01072267222 	 37.60880856147 	 0.00769320121 
0.01072267222 	 38.97028579134 	 0.00833618959 
0.01072267222 	 40.38104988560 	 0.00902164618 
0.01072267222 	 41.84288507902 	 0.00975104875 
0.01072267222 	 43.35764019746 	 0.01052603744 
0.01072267222 	 44.92723099621 	 0.01134791008 
0.01072267222 	 46.55364258280 	 0.01221777883 
0.01072267222 	 48.23893192773 	 0.01313694319 
0.01072267222 	 49.98523046589 	 0.01410642270 
0.01072267222 	 51.79474679231 	 0.01512701620 
0.01072267222 	 53.66976945540 	 0.01620006332 
0.01072267222 	 55.61266985137 	 0.01732536406 
0.01072267222 	 57.62590522338 	 0.01850461451 
0.01072267222 	 59.71202176930 	 0.01973701105 
0.01072267222 	 61.87365786196 	 0.02102317446 
0.01072267222 	 64.11354738598 	 0.02236301016 
0.01072267222 	 66.43452319540 	 0.02375679756 
0.01072267222 	 68.83952069645 	 0.02520388907 
0.01072267222 	 71.33158156008 	 0.02670396436 
0.01072267222 	 73.91385756879 	 0.02825622982 
0.01072267222 	 76.58961460288 	 0.02986011531 
0.01072267222 	 79.36223677079 	 0.03151463579 
0.01072267222 	 82.23523068918 	 0.03321888749 
0.01072267222 	 85.21222991780 	 0.03497172601 
0.01072267222 	 88.29699955494 	 0.03677177315 
0.01072267222 	 91.49344099933 	 0.03861868772 
0.01072267222 	 94.80559688429 	 0.04050951631 
0.01072267222 	 98.23765619059 	 0.04244377624 
0.01072267222 	 101.79395954438 	 0.04441963945 
0.01072267222 	 105.47900470692 	 0.04643575456 
0.01072267222 	 109.29745226298 	 0.04849145389 
0.01072267222 	 113.25413151528 	 0.05058417433 
0.01072267222 	 117.35404659222 	 0.05271304290 
0.01072267222 	 121.60238277674 	 0.05487661897 
0.01072267222 	 126.00451306433 	 0.05707395055 
0.01072267222 	 130.56600495838 	 0.05930429237 
0.01072267222 	 135.29262751160 	 0.06156582115 
0.01072267222 	 140.19035862226 	 0.06385810778 
0.01072267222 	 145.26539259468 	 0.06618163112 
0.01072267222 	 150.52414797329 	 0.06853383674 
0.01072267222 	 155.97327566040 	 0.07091518087 
0.01072267222 	 161.61966732774 	 0.07332579824 
0.01072267222 	 167.47046413260 	 0.07576520855 
0.01072267222 	 173.53306574945 	 0.07823337166 
0.01072267222 	 179.81513972851 	 0.08073164203 
0.01072267222 	 186.32463119316 	 0.08326078943 
0.01072267222 	 193.06977288832 	 0.08581895148 
0.01072267222 	 200.05909559272 	 0.08840755484 
0.01072267222 	 207.30143890792 	 0.09102901418 
0.01072267222 	 214.80596243813 	 0.09368270899 
0.01072267222 	 222.58215737454 	 0.09636954265 
0.01072267222 	 230.63985849915 	 0.09909157615 
0.01072267222 	 238.98925662311 	 0.10184969105 
0.01072267222 	 247.64091147530 	 0.10464411336 
0.01072267222 	 256.60576505760 	 0.10747726860 
0.01072267222 	 265.89515548347 	 0.11034876535 
0.01072267222 	 275.52083131769 	 0.11326043947 
0.01072267222 	 285.49496643503 	 0.11621342783 
0.01072267222 	 295.83017541695 	 0.11921061193 
0.01072267222 	 306.53952950565 	 0.12225027974 
0.01072267222 	 317.63657313561 	 0.12533618857 
0.01072267222 	 329.13534106365 	 0.12846785581 
0.01072267222 	 341.05037611911 	 0.13164720648 
0.01072267222 	 353.39674759658 	 0.13487462113 
0.01072267222 	 366.19007031450 	 0.13815276116 
0.01072267222 	 379.44652436364 	 0.14148034014 
0.01072267222 	 393.18287557058 	 0.14485975843 
0.01072267222 	 407.41649670190 	 0.14829094421 
0.01072267222 	 422.16538943608 	 0.15177616993 
0.01072267222 	 437.44820713071 	 0.15531770862 
0.01072267222 	 453.28427841392 	 0.15891374614 
0.01072267222 	 469.69363162995 	 0.16256790800 
0.01072267222 	 486.69702016948 	 0.16627852973 
0.01072267222 	 504.31594871714 	 0.17004747808 
0.01072267222 	 522.57270044903 	 0.17387606753 
0.01072267222 	 541.49036521501 	 0.17776499771 
0.01072267222 	 561.09286874100 	 0.18171491417 
0.01072267222 	 581.40500288865 	 0.18572866012 
0.01072267222 	 602.45245701027 	 0.18980723186 
0.01072267222 	 624.26185043890 	 0.19394790555 
0.01072267222 	 646.86076615463 	 0.19815206814 
0.01072267222 	 670.27778566954 	 0.20242641814 
0.01072267222 	 694.54252517561 	 0.20676410828 
0.01072267222 	 719.68567300115 	 0.21117222841 
0.01072267222 	 745.73902842330 	 0.21564720638 
0.01072267222 	 772.73554188543 	 0.22019164459 
0.01072267222 	 800.70935667059 	 0.22480758487 
0.01072267222 	 829.69585208349 	 0.22949524843 
0.01072267222 	 859.73168819576 	 0.23425350578 
0.01072267222 	 890.85485221102 	 0.23908308876 
0.01072267222 	 923.10470650840 	 0.24398705696 
0.01072267222 	 956.52203842531 	 0.24896606075 
0.01072267222 	 991.14911184236 	 0.25402067085 
0.01072267222 	 1027.02972063577 	 0.25914992515 
0.01072267222 	 1064.20924406472 	 0.26435845576 
0.01072267222 	 1102.73470416390 	 0.26964357420 
0.01072267222 	 1142.65482521357 	 0.27500502325 
0.01072267222 	 1184.02009536266 	 0.28044516271 
0.01072267222 	 1226.88283048257 	 0.28596442988 
0.01072267222 	 1271.29724033264 	 0.29156333539 
0.01072267222 	 1317.31949712075 	 0.29724197351 
0.01072267222 	 1365.00780654601 	 0.30299956227 
0.01072267222 	 1414.42248141323 	 0.30884257737 
0.01072267222 	 1465.62601791225 	 0.31476547032 
0.01072267222 	 1518.68317465873 	 0.32076924721 
0.01072267222 	 1573.66105459626 	 0.32685602656 
0.01072267222 	 1630.62918986345 	 0.33302517949 
0.01072267222 	 1689.65962973324 	 0.33927296113 
0.01072267222 	 1750.82703173573 	 0.34560953954 
0.01072267222 	 1814.20875607977 	 0.35202660995 
0.01072267222 	 1879.88496349267 	 0.35852850723 
0.01072267222 	 1947.93871660183 	 0.36511355031 
0.01072267222 	 2018.45608498650 	 0.37177695059 
0.01072267222 	 2091.52625403246 	 0.37852828628 
0.01072267222 	 2167.24163772744 	 0.38535994270 
0.01072267222 	 2245.69799553977 	 0.39227253395 
0.01072267222 	 2326.99455352823 	 0.39926796554 
0.01072267222 	 2411.23412983612 	 0.40634642181 
0.01072267222 	 2498.52326472839 	 0.41350493959 
0.01072267222 	 2588.97235533627 	 0.42074167110 
0.01072267222 	 2682.69579527972 	 0.42805803217 
0.01072267222 	 2779.81211934445 	 0.43545140402 
0.01072267222 	 2880.44415339630 	 0.44292409037 
0.01072267222 	 2984.71916972271 	 0.45047351472 
0.01072267222 	 3092.76904799777 	 0.45809796151 
0.01072267222 	 3204.73044207429 	 0.46579329589 
0.01072267222 	 3320.74495281390 	 0.47356382859 
0.01072267222 	 3440.95930717388 	 0.48140308840 
0.01072267222 	 3565.52554377701 	 0.48931116914 
0.01072267222 	 3694.60120519930 	 0.49728610368 
0.01072267222 	 3828.34953721869 	 0.50532593222 
0.01072267222 	 3966.93969527677 	 0.51342830377 
0.01072267222 	 4110.54695841470 	 0.52159052710 
0.01072267222 	 4259.35295095366 	 0.52981136411 
0.01072267222 	 4413.54587220053 	 0.53808743251 
0.01072267222 	 4573.32073446906 	 0.54641548943 
0.01072267222 	 4738.87960971766 	 0.55479357034 
0.01072267222 	 4910.43188511573 	 0.56321870923 
0.01072267222 	 5088.19452786179 	 0.57168549699 
0.01072267222 	 5272.39235958825 	 0.58019211783 
0.01072267222 	 5463.25834069991 	 0.58873485120 
0.01072267222 	 5661.03386500583 	 0.59730987045 
0.01072267222 	 5865.96906501720 	 0.60591319743 
0.01072267222 	 6078.32312829723 	 0.61454038795 
0.01072267222 	 6298.36462526327 	 0.62318706490 
0.01072267222 	 6526.37184885573 	 0.63184917775 
0.01072267222 	 6762.63316650331 	 0.64052199815 
0.01072267222 	 7007.44738482975 	 0.64920036039 
0.01072267222 	 7261.12412756334 	 0.65787938587 
0.01072267222 	 7523.98422712716 	 0.66655455292 
0.01072267222 	 7796.36013040524 	 0.67521924144 
0.01072267222 	 8078.59631919787 	 0.68386929129 
0.01072267222 	 8371.04974589791 	 0.69249820133 
0.01072267222 	 8674.09028493891 	 0.70110102563 
0.01072267222 	 8988.10120058618 	 0.70967168923 
0.01072267222 	 9313.47963166233 	 0.71820443527 
0.01072267222 	 9650.63709382046 	 0.72669273030 
0.01072267222 	 10000.00000000000 	 0.73513011248 
