0.23101297001 	 0.00000000000 	 0.00165577319 
0.23101297001 	 0.01000000000 	 0.00172201022 
0.23101297001 	 0.02000000000 	 0.00178825527 
0.23101297001 	 0.03000000000 	 0.00185777381 
0.23101297001 	 0.04000000000 	 0.00192591580 
0.23101297001 	 0.05000000000 	 0.00199890223 
0.23101297001 	 0.06000000000 	 0.00207110963 
0.23101297001 	 0.07000000000 	 0.00214477559 
0.23101297001 	 0.08000000000 	 0.00221938585 
0.23101297001 	 0.09000000000 	 0.00229568897 
0.23101297001 	 0.10000000000 	 0.00237417792 
0.23101297001 	 0.11000000000 	 0.00245257679 
0.23101297001 	 0.12000000000 	 0.00253379614 
0.23101297001 	 0.13000000000 	 0.00261476659 
0.23101297001 	 0.14000000000 	 0.00269772073 
0.23101297001 	 0.15000000000 	 0.00278038041 
0.23101297001 	 0.16000000000 	 0.00286559794 
0.23101297001 	 0.17000000000 	 0.00295239279 
0.23101297001 	 0.18000000000 	 0.00303964175 
0.23101297001 	 0.19000000000 	 0.00312782744 
0.23101297001 	 0.20000000000 	 0.00321797873 
0.23101297001 	 0.21000000000 	 0.00330830823 
0.23101297001 	 0.22000000000 	 0.00340106420 
0.23101297001 	 0.23000000000 	 0.00349587376 
0.23101297001 	 0.24000000000 	 0.00358958317 
0.23101297001 	 0.25000000000 	 0.00368478450 
0.23101297001 	 0.26000000000 	 0.00378155051 
0.23101297001 	 0.27000000000 	 0.00387961851 
0.23101297001 	 0.28000000000 	 0.00397695229 
0.23101297001 	 0.29000000000 	 0.00407733640 
0.23101297001 	 0.30000000000 	 0.00417803280 
0.23101297001 	 0.31000000000 	 0.00428056993 
0.23101297001 	 0.32000000000 	 0.00438360499 
0.23101297001 	 0.33000000000 	 0.00449049475 
0.23101297001 	 0.34000000000 	 0.00459569912 
0.23101297001 	 0.35000000000 	 0.00470168539 
0.23101297001 	 0.36000000000 	 0.00480801641 
0.23101297001 	 0.37000000000 	 0.00491618737 
0.23101297001 	 0.38000000000 	 0.00502736541 
0.23101297001 	 0.39000000000 	 0.00513766860 
0.23101297001 	 0.40000000000 	 0.00524919516 
0.23101297001 	 0.41000000000 	 0.00535664921 
0.23101297001 	 0.42000000000 	 0.00547254721 
0.23101297001 	 0.43000000000 	 0.00558727343 
0.23101297001 	 0.44000000000 	 0.00570152994 
0.23101297001 	 0.45000000000 	 0.00581964279 
0.23101297001 	 0.46000000000 	 0.00593593148 
0.23101297001 	 0.47000000000 	 0.00605185181 
0.23101297001 	 0.48000000000 	 0.00616802723 
0.23101297001 	 0.49000000000 	 0.00629075477 
0.23101297001 	 0.50000000000 	 0.00641041355 
0.23101297001 	 0.51000000000 	 0.00652962039 
0.23101297001 	 0.52000000000 	 0.00665339798 
0.23101297001 	 0.53000000000 	 0.00677465312 
0.23101297001 	 0.54000000000 	 0.00689999985 
0.23101297001 	 0.55000000000 	 0.00702338049 
0.23101297001 	 0.56000000000 	 0.00714806329 
0.23101297001 	 0.57000000000 	 0.00727532376 
0.23101297001 	 0.58000000000 	 0.00740377959 
0.23101297001 	 0.59000000000 	 0.00752473948 
0.23101297001 	 0.60000000000 	 0.00765997311 
0.23101297001 	 0.61000000000 	 0.00778706492 
0.23101297001 	 0.62000000000 	 0.00791699195 
0.23101297001 	 0.63000000000 	 0.00804774377 
0.23101297001 	 0.64000000000 	 0.00818092441 
0.23101297001 	 0.65000000000 	 0.00831310659 
0.23101297001 	 0.66000000000 	 0.00844702542 
0.23101297001 	 0.67000000000 	 0.00858029559 
0.23101297001 	 0.68000000000 	 0.00871097568 
0.23101297001 	 0.69000000000 	 0.00884584773 
0.23101297001 	 0.70000000000 	 0.00898483543 
0.23101297001 	 0.71000000000 	 0.00912042235 
0.23101297001 	 0.72000000000 	 0.00925792271 
0.23101297001 	 0.73000000000 	 0.00939206766 
0.23101297001 	 0.74000000000 	 0.00953848693 
0.23101297001 	 0.75000000000 	 0.00967713744 
0.23101297001 	 0.76000000000 	 0.00981287784 
0.23101297001 	 0.77000000000 	 0.00995321037 
0.23101297001 	 0.78000000000 	 0.01009241740 
0.23101297001 	 0.79000000000 	 0.01022961120 
0.23101297001 	 0.80000000000 	 0.01037384893 
0.23101297001 	 0.81000000000 	 0.01051594737 
0.23101297001 	 0.82000000000 	 0.01065968452 
0.23101297001 	 0.83000000000 	 0.01080536297 
0.23101297001 	 0.84000000000 	 0.01094478208 
0.23101297001 	 0.85000000000 	 0.01109121939 
0.23101297001 	 0.86000000000 	 0.01123585809 
0.23101297001 	 0.87000000000 	 0.01138036185 
0.23101297001 	 0.88000000000 	 0.01152726144 
0.23101297001 	 0.89000000000 	 0.01166985401 
0.23101297001 	 0.90000000000 	 0.01181671646 
0.23101297001 	 0.91000000000 	 0.01196765571 
0.23101297001 	 0.92000000000 	 0.01211536212 
0.23101297001 	 0.93000000000 	 0.01226433181 
0.23101297001 	 0.94000000000 	 0.01241313653 
0.23101297001 	 0.95000000000 	 0.01256278269 
0.23101297001 	 0.96000000000 	 0.01271169984 
0.23101297001 	 0.97000000000 	 0.01286122202 
0.23101297001 	 0.98000000000 	 0.01301131718 
0.23101297001 	 0.99000000000 	 0.01316189812 
0.23101297001 	 1.00000000000 	 0.01331382980 
0.23101297001 	 1.03620101997 	 0.01386482372 
0.23101297001 	 1.07371255379 	 0.01444010246 
0.23101297001 	 1.11258204340 	 0.01504261689 
0.23101297001 	 1.15285864817 	 0.01567145262 
0.23101297001 	 1.19459330712 	 0.01632750208 
0.23101297001 	 1.23783880329 	 0.01701101298 
0.23101297001 	 1.28264983053 	 0.01772740165 
0.23101297001 	 1.32908306266 	 0.01847213741 
0.23101297001 	 1.37719722516 	 0.01924820716 
0.23101297001 	 1.42705316941 	 0.02005474118 
0.23101297001 	 1.47871394970 	 0.02089486678 
0.23101297001 	 1.53224490292 	 0.02176941324 
0.23101297001 	 1.58771373126 	 0.02267901252 
0.23101297001 	 1.64519058775 	 0.02363046397 
0.23101297001 	 1.70474816508 	 0.02460967983 
0.23101297001 	 1.76646178745 	 0.02562109332 
0.23101297001 	 1.83040950590 	 0.02668007911 
0.23101297001 	 1.89667219698 	 0.02777139245 
0.23101297001 	 1.96533366506 	 0.02890039205 
0.23101297001 	 2.03648074833 	 0.03006930289 
0.23101297001 	 2.11020342857 	 0.03127759351 
0.23101297001 	 2.18659494503 	 0.03252404549 
0.23101297001 	 2.26575191231 	 0.03381158429 
0.23101297001 	 2.34777444254 	 0.03513916274 
0.23101297001 	 2.43276627202 	 0.03650649693 
0.23101297001 	 2.52083489243 	 0.03791393383 
0.23101297001 	 2.61209168671 	 0.03936084343 
0.23101297001 	 2.70665207003 	 0.04084736079 
0.23101297001 	 2.80463563568 	 0.04238185275 
0.23101297001 	 2.90616630634 	 0.04393878237 
0.23101297001 	 3.01137249084 	 0.04554245599 
0.23101297001 	 3.12038724653 	 0.04718479583 
0.23101297001 	 3.23334844756 	 0.04886498482 
0.23101297001 	 3.35039895929 	 0.05058329764 
0.23101297001 	 3.47168681893 	 0.05233684857 
0.23101297001 	 3.59736542280 	 0.05412670859 
0.23101297001 	 3.72759372031 	 0.05595192959 
0.23101297001 	 3.86253641503 	 0.05781217148 
0.23101297001 	 4.00236417294 	 0.05970532494 
0.23101297001 	 4.14725383830 	 0.06163137485 
0.23101297001 	 4.29738865733 	 0.06358974905 
0.23101297001 	 4.45295850994 	 0.06558023639 
0.23101297001 	 4.61416014990 	 0.06760045822 
0.23101297001 	 4.78119745364 	 0.06965061683 
0.23101297001 	 4.95428167815 	 0.07172977981 
0.23101297001 	 5.13363172813 	 0.07383798869 
0.23101297001 	 5.31947443285 	 0.07597467313 
0.23101297001 	 5.51204483304 	 0.07813669453 
0.23101297001 	 5.71158647813 	 0.08032653459 
0.23101297001 	 5.91835173430 	 0.08254359550 
0.23101297001 	 6.13260210363 	 0.08478542092 
0.23101297001 	 6.35460855487 	 0.08705371495 
0.23101297001 	 6.58465186608 	 0.08934964629 
0.23101297001 	 6.82302297979 	 0.09167142439 
0.23101297001 	 7.07002337096 	 0.09401822708 
0.23101297001 	 7.32596542822 	 0.09639148377 
0.23101297001 	 7.59117284900 	 0.09879066018 
0.23101297001 	 7.86598104892 	 0.10121751362 
0.23101297001 	 8.15073758597 	 0.10367238295 
0.23101297001 	 8.44580260011 	 0.10615625447 
0.23101297001 	 8.75154926872 	 0.10866867911 
0.23101297001 	 9.06836427859 	 0.11121003232 
0.23101297001 	 9.39664831495 	 0.11378152271 
0.23101297001 	 9.73681656828 	 0.11638591508 
0.23101297001 	 10.08929925933 	 0.11902228195 
0.23101297001 	 10.45454218333 	 0.12169078856 
0.23101297001 	 10.83300727371 	 0.12439454271 
0.23101297001 	 11.22517318638 	 0.12713406210 
0.23101297001 	 11.63153590510 	 0.12990759418 
0.23101297001 	 12.05260936871 	 0.13272305163 
0.23101297001 	 12.48892612118 	 0.13557435985 
0.23101297001 	 12.94103798513 	 0.13846582964 
0.23101297001 	 13.40951675969 	 0.14139661317 
0.23101297001 	 13.89495494373 	 0.14436958938 
0.23101297001 	 14.39796648516 	 0.14738542925 
0.23101297001 	 14.91918755746 	 0.15044433924 
0.23101297001 	 15.45927736419 	 0.15354911433 
0.23101297001 	 16.01891897281 	 0.15669980654 
0.23101297001 	 16.59882017849 	 0.15989621447 
0.23101297001 	 17.19971439928 	 0.16314306434 
0.23101297001 	 17.82236160377 	 0.16643670294 
0.23101297001 	 18.46754927215 	 0.16978007039 
0.23101297001 	 19.13609339219 	 0.17317345270 
0.23101297001 	 19.82883949127 	 0.17661752711 
0.23101297001 	 20.54666370572 	 0.18011838125 
0.23101297001 	 21.29047388890 	 0.18367082377 
0.23101297001 	 22.06121075937 	 0.18727786183 
0.23101297001 	 22.85984909069 	 0.19093969343 
0.23101297001 	 23.68739894419 	 0.19465724503 
0.23101297001 	 24.54490694646 	 0.19843105224 
0.23101297001 	 25.43345761305 	 0.20226471463 
0.23101297001 	 26.35417472006 	 0.20615617448 
0.23101297001 	 27.30822272546 	 0.21011022313 
0.23101297001 	 28.29680824175 	 0.21412385412 
0.23101297001 	 29.32118156207 	 0.21819829437 
0.23101297001 	 30.38263824141 	 0.22233412536 
0.23101297001 	 31.48252073520 	 0.22653549163 
0.23101297001 	 32.62222009712 	 0.23080125102 
0.23101297001 	 33.80317773840 	 0.23513140054 
0.23101297001 	 35.02688725083 	 0.23952732287 
0.23101297001 	 36.29489629577 	 0.24398979524 
0.23101297001 	 37.60880856147 	 0.24851973337 
0.23101297001 	 38.97028579134 	 0.25312021923 
0.23101297001 	 40.38104988560 	 0.25778822815 
0.23101297001 	 41.84288507902 	 0.26252537283 
0.23101297001 	 43.35764019746 	 0.26733349520 
0.23101297001 	 44.92723099621 	 0.27221163760 
0.23101297001 	 46.55364258280 	 0.27716591858 
0.23101297001 	 48.23893192773 	 0.28219122755 
0.23101297001 	 49.98523046589 	 0.28729157910 
0.23101297001 	 51.79474679231 	 0.29246660558 
0.23101297001 	 53.66976945540 	 0.29771497635 
0.23101297001 	 55.61266985137 	 0.30303861484 
0.23101297001 	 57.62590522338 	 0.30843863092 
0.23101297001 	 59.71202176930 	 0.31391549057 
0.23101297001 	 61.87365786196 	 0.31946958308 
0.23101297001 	 64.11354738598 	 0.32510242982 
0.23101297001 	 66.43452319540 	 0.33081095167 
0.23101297001 	 68.83952069645 	 0.33659935169 
0.23101297001 	 71.33158156008 	 0.34246614225 
0.23101297001 	 73.91385756879 	 0.34841204326 
0.23101297001 	 76.58961460288 	 0.35443785043 
0.23101297001 	 79.36223677079 	 0.36054345301 
0.23101297001 	 82.23523068918 	 0.36672949855 
0.23101297001 	 85.21222991780 	 0.37299206878 
0.23101297001 	 88.29699955494 	 0.37933594231 
0.23101297001 	 91.49344099933 	 0.38576369246 
0.23101297001 	 94.80559688429 	 0.39226597247 
0.23101297001 	 98.23765619059 	 0.39884994274 
0.23101297001 	 101.79395954438 	 0.40551399678 
0.23101297001 	 105.47900470692 	 0.41226080012 
0.23101297001 	 109.29745226298 	 0.41907505443 
0.23101297001 	 113.25413151528 	 0.42597655678 
0.23101297001 	 117.35404659222 	 0.43295211038 
0.23101297001 	 121.60238277674 	 0.44000658251 
0.23101297001 	 126.00451306433 	 0.44713622815 
0.23101297001 	 130.56600495838 	 0.45433946179 
0.23101297001 	 135.29262751160 	 0.46161798662 
0.23101297001 	 140.19035862226 	 0.46896995180 
0.23101297001 	 145.26539259468 	 0.47639450702 
0.23101297001 	 150.52414797329 	 0.48388905709 
0.23101297001 	 155.97327566040 	 0.49145233297 
0.23101297001 	 161.61966732774 	 0.49908260904 
0.23101297001 	 167.47046413260 	 0.50677970321 
0.23101297001 	 173.53306574945 	 0.51453981839 
0.23101297001 	 179.81513972851 	 0.52236177822 
0.23101297001 	 186.32463119316 	 0.53024342608 
0.23101297001 	 193.06977288832 	 0.53818233738 
0.23101297001 	 200.05909559272 	 0.54617654693 
0.23101297001 	 207.30143890792 	 0.55422320306 
0.23101297001 	 214.80596243813 	 0.56231969789 
0.23101297001 	 222.58215737454 	 0.57046420439 
0.23101297001 	 230.63985849915 	 0.57865089924 
0.23101297001 	 238.98925662311 	 0.58687820193 
0.23101297001 	 247.64091147530 	 0.59514267144 
0.23101297001 	 256.60576505760 	 0.60344085334 
0.23101297001 	 265.89515548347 	 0.61176901426 
0.23101297001 	 275.52083131769 	 0.62012319897 
0.23101297001 	 285.49496643503 	 0.62849911384 
0.23101297001 	 295.83017541695 	 0.63689230975 
0.23101297001 	 306.53952950565 	 0.64529920024 
0.23101297001 	 317.63657313561 	 0.65371494685 
0.23101297001 	 329.13534106365 	 0.66213434812 
0.23101297001 	 341.05037611911 	 0.67055272669 
0.23101297001 	 353.39674759658 	 0.67896584266 
0.23101297001 	 366.19007031450 	 0.68736735359 
0.23101297001 	 379.44652436364 	 0.69575265294 
0.23101297001 	 393.18287557058 	 0.70411585750 
0.23101297001 	 407.41649670190 	 0.71245206482 
0.23101297001 	 422.16538943608 	 0.72075519516 
0.23101297001 	 437.44820713071 	 0.72901997784 
0.23101297001 	 453.28427841392 	 0.73723969222 
0.23101297001 	 469.69363162995 	 0.74540809321 
0.23101297001 	 486.69702016948 	 0.75351969465 
0.23101297001 	 504.31594871714 	 0.76156948769 
0.23101297001 	 522.57270044903 	 0.76954990815 
0.23101297001 	 541.49036521501 	 0.77745489613 
0.23101297001 	 561.09286874100 	 0.78527871731 
0.23101297001 	 581.40500288865 	 0.79301532439 
0.23101297001 	 602.45245701027 	 0.80065842103 
0.23101297001 	 624.26185043890 	 0.80820195538 
0.23101297001 	 646.86076615463 	 0.81563872855 
0.23101297001 	 670.27778566954 	 0.82296574705 
0.23101297001 	 694.54252517561 	 0.83017336756 
0.23101297001 	 719.68567300115 	 0.83725837111 
0.23101297001 	 745.73902842330 	 0.84421437900 
0.23101297001 	 772.73554188543 	 0.85103652861 
0.23101297001 	 800.70935667059 	 0.85771952715 
0.23101297001 	 829.69585208349 	 0.86425798345 
0.23101297001 	 859.73168819576 	 0.87064717848 
0.23101297001 	 890.85485221102 	 0.87688294882 
0.23101297001 	 923.10470650840 	 0.88296069597 
0.23101297001 	 956.52203842531 	 0.88887596628 
0.23101297001 	 991.14911184236 	 0.89462681382 
0.23101297001 	 1027.02972063577 	 0.90020878514 
0.23101297001 	 1064.20924406472 	 0.90561945134 
0.23101297001 	 1102.73470416390 	 0.91085606896 
0.23101297001 	 1142.65482521357 	 0.91591659043 
0.23101297001 	 1184.02009536266 	 0.92079920174 
0.23101297001 	 1226.88283048257 	 0.92550227282 
0.23101297001 	 1271.29724033264 	 0.93002509020 
0.23101297001 	 1317.31949712075 	 0.93436739678 
0.23101297001 	 1365.00780654601 	 0.93852901767 
0.23101297001 	 1414.42248141323 	 0.94251026292 
0.23101297001 	 1465.62601791225 	 0.94631169379 
0.23101297001 	 1518.68317465873 	 0.94993468866 
0.23101297001 	 1573.66105459626 	 0.95338091726 
0.23101297001 	 1630.62918986345 	 0.95665237951 
0.23101297001 	 1689.65962973324 	 0.95975153024 
0.23101297001 	 1750.82703173573 	 0.96268111632 
0.23101297001 	 1814.20875607977 	 0.96544433427 
0.23101297001 	 1879.88496349267 	 0.96804470814 
0.23101297001 	 1947.93871660183 	 0.97048609167 
0.23101297001 	 2018.45608498650 	 0.97277299846 
0.23101297001 	 2091.52625403246 	 0.97490959994 
0.23101297001 	 2167.24163772744 	 0.97690065503 
0.23101297001 	 2245.69799553977 	 0.97875130078 
0.23101297001 	 2326.99455352823 	 0.98046646941 
0.23101297001 	 2411.23412983612 	 0.98205162156 
0.23101297001 	 2498.52326472839 	 0.98351228692 
0.23101297001 	 2588.97235533627 	 0.98485408542 
0.23101297001 	 2682.69579527972 	 0.98608307823 
0.23101297001 	 2779.81211934445 	 0.98720444846 
0.23101297001 	 2880.44415339630 	 0.98822425799 
0.23101297001 	 2984.71916972271 	 0.98914830138 
0.23101297001 	 3092.76904799777 	 0.98998234099 
0.23101297001 	 3204.73044207429 	 0.99073211197 
0.23101297001 	 3320.74495281390 	 0.99140324702 
0.23101297001 	 3440.95930717388 	 0.99200119406 
0.23101297001 	 3565.52554377701 	 0.99253123561 
0.23101297001 	 3694.60120519930 	 0.99299870777 
0.23101297001 	 3828.34953721869 	 0.99340864355 
0.23101297001 	 3966.93969527677 	 0.99376589926 
0.23101297001 	 4110.54695841470 	 0.99407515764 
0.23101297001 	 4259.35295095366 	 0.99434081421 
0.23101297001 	 4413.54587220053 	 0.99456708545 
0.23101297001 	 4573.32073446906 	 0.99475800678 
0.23101297001 	 4738.87960971766 	 0.99491788777 
0.23101297001 	 4910.43188511573 	 0.99504905650 
0.23101297001 	 5088.19452786179 	 0.99515540228 
0.23101297001 	 5272.39235958825 	 0.99523977274 
0.23101297001 	 5463.25834069991 	 0.99530519676 
0.23101297001 	 5661.03386500583 	 0.99535425910 
0.23101297001 	 5865.96906501720 	 0.99538922348 
0.23101297001 	 6078.32312829723 	 0.99541222547 
0.23101297001 	 6298.36462526327 	 0.99542519773 
0.23101297001 	 6526.37184885573 	 0.99542977367 
0.23101297001 	 6762.63316650331 	 0.99542759806 
0.23101297001 	 7007.44738482975 	 0.99542002542 
0.23101297001 	 7261.12412756334 	 0.99540821271 
0.23101297001 	 7523.98422712716 	 0.99539319829 
0.23101297001 	 7796.36013040524 	 0.99537588554 
0.23101297001 	 8078.59631919787 	 0.99535705430 
0.23101297001 	 8371.04974589791 	 0.99533734463 
0.23101297001 	 8674.09028493891 	 0.99531729611 
0.23101297001 	 8988.10120058618 	 0.99529735668 
0.23101297001 	 9313.47963166233 	 0.99527788632 
0.23101297001 	 9650.63709382046 	 0.99525914671 
0.23101297001 	 10000.00000000000 	 0.99524143484 
