0.00351119173 	 0.00000000000 	 0.00000000001 
0.00351119173 	 0.01000000000 	 0.00000000001 
0.00351119173 	 0.02000000000 	 0.00000000001 
0.00351119173 	 0.03000000000 	 0.00000000001 
0.00351119173 	 0.04000000000 	 0.00000000001 
0.00351119173 	 0.05000000000 	 0.00000000001 
0.00351119173 	 0.06000000000 	 0.00000000001 
0.00351119173 	 0.07000000000 	 0.00000000001 
0.00351119173 	 0.08000000000 	 0.00000000001 
0.00351119173 	 0.09000000000 	 0.00000000001 
0.00351119173 	 0.10000000000 	 0.00000000001 
0.00351119173 	 0.11000000000 	 0.00000000001 
0.00351119173 	 0.12000000000 	 -0.00000000138 
0.00351119173 	 0.13000000000 	 -0.00000000139 
0.00351119173 	 0.14000000000 	 -0.00000000140 
0.00351119173 	 0.15000000000 	 -0.00000000141 
0.00351119173 	 0.16000000000 	 -0.00000000143 
0.00351119173 	 0.17000000000 	 -0.00000000144 
0.00351119173 	 0.18000000000 	 -0.00000000144 
0.00351119173 	 0.19000000000 	 -0.00000000145 
0.00351119173 	 0.20000000000 	 -0.00000000146 
0.00351119173 	 0.21000000000 	 -0.00000000147 
0.00351119173 	 0.22000000000 	 -0.00000000148 
0.00351119173 	 0.23000000000 	 -0.00000000149 
0.00351119173 	 0.24000000000 	 -0.00000000150 
0.00351119173 	 0.25000000000 	 -0.00000000196 
0.00351119173 	 0.26000000000 	 -0.00000000197 
0.00351119173 	 0.27000000000 	 -0.00000000199 
0.00351119173 	 0.28000000000 	 -0.00000000200 
0.00351119173 	 0.29000000000 	 -0.00000000202 
0.00351119173 	 0.30000000000 	 -0.00000000203 
0.00351119173 	 0.31000000000 	 -0.00000000205 
0.00351119173 	 0.32000000000 	 -0.00000000206 
0.00351119173 	 0.33000000000 	 -0.00000000208 
0.00351119173 	 0.34000000000 	 -0.00000000209 
0.00351119173 	 0.35000000000 	 -0.00000000211 
0.00351119173 	 0.36000000000 	 -0.00000000213 
0.00351119173 	 0.37000000000 	 -0.00000000214 
0.00351119173 	 0.38000000000 	 -0.00000000216 
0.00351119173 	 0.39000000000 	 -0.00000000217 
0.00351119173 	 0.40000000000 	 -0.00000000219 
0.00351119173 	 0.41000000000 	 -0.00000000220 
0.00351119173 	 0.42000000000 	 -0.00000000222 
0.00351119173 	 0.43000000000 	 -0.00000000326 
0.00351119173 	 0.44000000000 	 -0.00000000317 
0.00351119173 	 0.45000000000 	 -0.00000000309 
0.00351119173 	 0.46000000000 	 -0.00000000301 
0.00351119173 	 0.47000000000 	 -0.00000000293 
0.00351119173 	 0.48000000000 	 -0.00000000286 
0.00351119173 	 0.49000000000 	 -0.00000000280 
0.00351119173 	 0.50000000000 	 0.00000000001 
0.00351119173 	 0.51000000000 	 0.00000000001 
0.00351119173 	 0.52000000000 	 0.00000000001 
0.00351119173 	 0.53000000000 	 0.00000000001 
0.00351119173 	 0.54000000000 	 0.00000000001 
0.00351119173 	 0.55000000000 	 0.00000000001 
0.00351119173 	 0.56000000000 	 0.00000000001 
0.00351119173 	 0.57000000000 	 -0.00000000106 
0.00351119173 	 0.58000000000 	 -0.00000000107 
0.00351119173 	 0.59000000000 	 -0.00000000108 
0.00351119173 	 0.60000000000 	 -0.00000000109 
0.00351119173 	 0.61000000000 	 -0.00000000109 
0.00351119173 	 0.62000000000 	 -0.00000000110 
0.00351119173 	 0.63000000000 	 -0.00000000111 
0.00351119173 	 0.64000000000 	 -0.00000000112 
0.00351119173 	 0.65000000000 	 -0.00000000113 
0.00351119173 	 0.66000000000 	 -0.00000000114 
0.00351119173 	 0.67000000000 	 -0.00000000115 
0.00351119173 	 0.68000000000 	 -0.00000000116 
0.00351119173 	 0.69000000000 	 -0.00000000117 
0.00351119173 	 0.70000000000 	 -0.00000000118 
0.00351119173 	 0.71000000000 	 -0.00000000119 
0.00351119173 	 0.72000000000 	 -0.00000000120 
0.00351119173 	 0.73000000000 	 -0.00000000121 
0.00351119173 	 0.74000000000 	 -0.00000000121 
0.00351119173 	 0.75000000000 	 -0.00000000238 
0.00351119173 	 0.76000000000 	 -0.00000000242 
0.00351119173 	 0.77000000000 	 -0.00000000246 
0.00351119173 	 0.78000000000 	 -0.00000000250 
0.00351119173 	 0.79000000000 	 0.00000000007 
0.00351119173 	 0.80000000000 	 0.00000000006 
0.00351119173 	 0.81000000000 	 0.00000000004 
0.00351119173 	 0.82000000000 	 0.00000000003 
0.00351119173 	 0.83000000000 	 0.00000000002 
0.00351119173 	 0.84000000000 	 0.00000000000 
0.00351119173 	 0.85000000000 	 -0.00000000001 
0.00351119173 	 0.86000000000 	 -0.00000000002 
0.00351119173 	 0.87000000000 	 -0.00000000004 
0.00351119173 	 0.88000000000 	 -0.00000000005 
0.00351119173 	 0.89000000000 	 -0.00000000006 
0.00351119173 	 0.90000000000 	 -0.00000000007 
0.00351119173 	 0.91000000000 	 -0.00000000009 
0.00351119173 	 0.92000000000 	 -0.00000000012 
0.00351119173 	 0.93000000000 	 -0.00000000019 
0.00351119173 	 0.94000000000 	 -0.00000000024 
0.00351119173 	 0.95000000000 	 -0.00000000029 
0.00351119173 	 0.96000000000 	 -0.00000000141 
0.00351119173 	 0.97000000000 	 -0.00000000146 
0.00351119173 	 0.98000000000 	 -0.00000000148 
0.00351119173 	 0.99000000000 	 -0.00000000150 
0.00351119173 	 1.00000000000 	 -0.00000000153 
0.00351119173 	 1.03620101997 	 -0.00000000169 
0.00351119173 	 1.07371255379 	 -0.00000000199 
0.00351119173 	 1.11258204340 	 -0.00000000210 
0.00351119173 	 1.15285864817 	 -0.00000000225 
0.00351119173 	 1.19459330712 	 -0.00000000233 
0.00351119173 	 1.23783880329 	 -0.00000000239 
0.00351119173 	 1.28264983053 	 -0.00000000244 
0.00351119173 	 1.32908306266 	 -0.00000000250 
0.00351119173 	 1.37719722516 	 -0.00000000258 
0.00351119173 	 1.42705316941 	 -0.00000000132 
0.00351119173 	 1.47871394970 	 -0.00000000135 
0.00351119173 	 1.53224490292 	 -0.00000000138 
0.00351119173 	 1.58771373126 	 -0.00000000142 
0.00351119173 	 1.64519058775 	 -0.00000000149 
0.00351119173 	 1.70474816508 	 -0.00000000154 
0.00351119173 	 1.76646178745 	 -0.00000000160 
0.00351119173 	 1.83040950590 	 -0.00000000227 
0.00351119173 	 1.89667219698 	 -0.00000000100 
0.00351119173 	 1.96533366506 	 -0.00000000101 
0.00351119173 	 2.03648074833 	 -0.00000000075 
0.00351119173 	 2.11020342857 	 0.00000000002 
0.00351119173 	 2.18659494503 	 0.00000000002 
0.00351119173 	 2.26575191231 	 0.00000000002 
0.00351119173 	 2.34777444254 	 0.00000000004 
0.00351119173 	 2.43276627202 	 0.00000000004 
0.00351119173 	 2.52083489243 	 0.00000000004 
0.00351119173 	 2.61209168671 	 0.00000000004 
0.00351119173 	 2.70665207003 	 0.00000000003 
0.00351119173 	 2.80463563568 	 0.00000000003 
0.00351119173 	 2.90616630634 	 0.00000000001 
0.00351119173 	 3.01137249084 	 0.00000000001 
0.00351119173 	 3.12038724653 	 0.00000000003 
0.00351119173 	 3.23334844756 	 0.00000000003 
0.00351119173 	 3.35039895929 	 0.00000000003 
0.00351119173 	 3.47168681893 	 0.00000000003 
0.00351119173 	 3.59736542280 	 -0.00000000001 
0.00351119173 	 3.72759372031 	 0.00000000052 
0.00351119173 	 3.86253641503 	 0.00000000206 
0.00351119173 	 4.00236417294 	 -0.00000000039 
0.00351119173 	 4.14725383830 	 -0.00000000046 
0.00351119173 	 4.29738865733 	 -0.00000000045 
0.00351119173 	 4.45295850994 	 -0.00000000044 
0.00351119173 	 4.61416014990 	 -0.00000000045 
0.00351119173 	 4.78119745364 	 -0.00000000242 
0.00351119173 	 4.95428167815 	 -0.00000000303 
0.00351119173 	 5.13363172813 	 -0.00000000280 
0.00351119173 	 5.31947443285 	 -0.00000000272 
0.00351119173 	 5.51204483304 	 -0.00000000268 
0.00351119173 	 5.71158647813 	 -0.00000000262 
0.00351119173 	 5.91835173430 	 -0.00000000258 
0.00351119173 	 6.13260210363 	 -0.00000000126 
0.00351119173 	 6.35460855487 	 0.00000000122 
0.00351119173 	 6.58465186608 	 0.00000000154 
0.00351119173 	 6.82302297979 	 0.00000000216 
0.00351119173 	 7.07002337096 	 -0.00000000064 
0.00351119173 	 7.32596542822 	 0.00000000001 
0.00351119173 	 7.59117284900 	 0.00000000001 
0.00351119173 	 7.86598104892 	 -0.00000000435 
0.00351119173 	 8.15073758597 	 -0.00000000264 
0.00351119173 	 8.44580260011 	 -0.00000000255 
0.00351119173 	 8.75154926872 	 -0.00000000250 
0.00351119173 	 9.06836427859 	 -0.00000000249 
0.00351119173 	 9.39664831495 	 -0.00000000254 
0.00351119173 	 9.73681656828 	 -0.00000000267 
0.00351119173 	 10.08929925933 	 -0.00000000297 
0.00351119173 	 10.45454218333 	 -0.00000000060 
0.00351119173 	 10.83300727371 	 0.00000000172 
0.00351119173 	 11.22517318638 	 0.00000000215 
0.00351119173 	 11.63153590510 	 0.00000000407 
0.00351119173 	 12.05260936871 	 0.00000000123 
0.00351119173 	 12.48892612118 	 0.00000000105 
0.00351119173 	 12.94103798513 	 0.00000000142 
0.00351119173 	 13.40951675969 	 0.00000000219 
0.00351119173 	 13.89495494373 	 0.00000000207 
0.00351119173 	 14.39796648516 	 0.00000000220 
0.00351119173 	 14.91918755746 	 0.00000000001 
0.00351119173 	 15.45927736419 	 0.00000000037 
0.00351119173 	 16.01891897281 	 0.00000000081 
0.00351119173 	 16.59882017849 	 0.00000000008 
0.00351119173 	 17.19971439928 	 -0.00000000108 
0.00351119173 	 17.82236160377 	 -0.00000000071 
0.00351119173 	 18.46754927215 	 0.00000000202 
0.00351119173 	 19.13609339219 	 0.00000000014 
0.00351119173 	 19.82883949127 	 0.00000000015 
0.00351119173 	 20.54666370572 	 0.00000000017 
0.00351119173 	 21.29047388890 	 -0.00000000000 
0.00351119173 	 22.06121075937 	 -0.00000000504 
0.00351119173 	 22.85984909069 	 0.00000000073 
0.00351119173 	 23.68739894419 	 -0.00000000163 
0.00351119173 	 24.54490694646 	 0.00000000248 
0.00351119173 	 25.43345761305 	 -0.00000000003 
0.00351119173 	 26.35417472006 	 -0.00000000296 
0.00351119173 	 27.30822272546 	 -0.00000000363 
0.00351119173 	 28.29680824175 	 -0.00000000003 
0.00351119173 	 29.32118156207 	 -0.00000000035 
0.00351119173 	 30.38263824141 	 0.00000000139 
0.00351119173 	 31.48252073520 	 0.00000000041 
0.00351119173 	 32.62222009712 	 -0.00000000091 
0.00351119173 	 33.80317773840 	 -0.00000000574 
0.00351119173 	 35.02688725083 	 -0.00000000545 
0.00351119173 	 36.29489629577 	 -0.00000000360 
0.00351119173 	 37.60880856147 	 -0.00000000039 
0.00351119173 	 38.97028579134 	 -0.00000000242 
0.00351119173 	 40.38104988560 	 -0.00000000108 
0.00351119173 	 41.84288507902 	 -0.00000000465 
0.00351119173 	 43.35764019746 	 -0.00000000231 
0.00351119173 	 44.92723099621 	 -0.00000000003 
0.00351119173 	 46.55364258280 	 -0.00000000378 
0.00351119173 	 48.23893192773 	 -0.00000000425 
0.00351119173 	 49.98523046589 	 0.00000000088 
0.00351119173 	 51.79474679231 	 -0.00000000140 
0.00351119173 	 53.66976945540 	 0.00000000224 
0.00351119173 	 55.61266985137 	 0.00000000844 
0.00351119173 	 57.62590522338 	 0.00000000769 
0.00351119173 	 59.71202176930 	 0.00000000623 
0.00351119173 	 61.87365786196 	 0.00000000769 
0.00351119173 	 64.11354738598 	 0.00000000669 
0.00351119173 	 66.43452319540 	 0.00000001007 
0.00351119173 	 68.83952069645 	 -0.00000000213 
0.00351119173 	 71.33158156008 	 -0.00000001682 
0.00351119173 	 73.91385756879 	 0.00000000213 
0.00351119173 	 76.58961460288 	 0.00000000148 
0.00351119173 	 79.36223677079 	 -0.00000001155 
0.00351119173 	 82.23523068918 	 0.00000000170 
0.00351119173 	 85.21222991780 	 0.00000002320 
0.00351119173 	 88.29699955494 	 0.00000000128 
0.00351119173 	 91.49344099933 	 -0.00000000936 
0.00351119173 	 94.80559688429 	 -0.00000000006 
0.00351119173 	 98.23765619059 	 -0.00000000630 
0.00351119173 	 101.79395954438 	 -0.00000001173 
0.00351119173 	 105.47900470692 	 -0.00000000318 
0.00351119173 	 109.29745226298 	 -0.00000001979 
0.00351119173 	 113.25413151528 	 -0.00000000623 
0.00351119173 	 117.35404659222 	 0.00000001893 
0.00351119173 	 121.60238277674 	 0.00000001537 
0.00351119173 	 126.00451306433 	 0.00000002521 
0.00351119173 	 130.56600495838 	 0.00000000021 
0.00351119173 	 135.29262751160 	 -0.00000001444 
0.00351119173 	 140.19035862226 	 0.00000000395 
0.00351119173 	 145.26539259468 	 0.00000002656 
0.00351119173 	 150.52414797329 	 0.00000001018 
0.00351119173 	 155.97327566040 	 -0.00000002093 
0.00351119173 	 161.61966732774 	 -0.00000004505 
0.00351119173 	 167.47046413260 	 0.00000002157 
0.00351119173 	 173.53306574945 	 -0.00000002732 
0.00351119173 	 179.81513972851 	 -0.00000002129 
0.00351119173 	 186.32463119316 	 -0.00000001241 
0.00351119173 	 193.06977288832 	 0.00000001774 
0.00351119173 	 200.05909559272 	 -0.00000002787 
0.00351119173 	 207.30143890792 	 -0.00000009994 
0.00351119173 	 214.80596243813 	 -0.00000003928 
0.00351119173 	 222.58215737454 	 -0.00000005145 
0.00351119173 	 230.63985849915 	 -0.00000000272 
0.00351119173 	 238.98925662311 	 0.00000001262 
0.00351119173 	 247.64091147530 	 0.00000004645 
0.00351119173 	 256.60576505760 	 0.00000001697 
0.00351119173 	 265.89515548347 	 -0.00000002500 
0.00351119173 	 275.52083131769 	 -0.00000008036 
0.00351119173 	 285.49496643503 	 -0.00000002711 
0.00351119173 	 295.83017541695 	 -0.00000011165 
0.00351119173 	 306.53952950565 	 0.00000007130 
0.00351119173 	 317.63657313561 	 0.00000016543 
0.00351119173 	 329.13534106365 	 0.00000014046 
0.00351119173 	 341.05037611911 	 0.00000025891 
0.00351119173 	 353.39674759658 	 0.00000043098 
0.00351119173 	 366.19007031450 	 0.00000080494 
0.00351119173 	 379.44652436364 	 0.00000118331 
0.00351119173 	 393.18287557058 	 0.00000170808 
0.00351119173 	 407.41649670190 	 0.00000245699 
0.00351119173 	 422.16538943608 	 0.00000342887 
0.00351119173 	 437.44820713071 	 0.00000484011 
0.00351119173 	 453.28427841392 	 0.00000681990 
0.00351119173 	 469.69363162995 	 0.00000945447 
0.00351119173 	 486.69702016948 	 0.00001291517 
0.00351119173 	 504.31594871714 	 0.00001746181 
0.00351119173 	 522.57270044903 	 0.00002340528 
0.00351119173 	 541.49036521501 	 0.00003125783 
0.00351119173 	 561.09286874100 	 0.00004141328 
0.00351119173 	 581.40500288865 	 0.00005422290 
0.00351119173 	 602.45245701027 	 0.00007032289 
0.00351119173 	 624.26185043890 	 0.00009077249 
0.00351119173 	 646.86076615463 	 0.00011629517 
0.00351119173 	 670.27778566954 	 0.00014759839 
0.00351119173 	 694.54252517561 	 0.00018616472 
0.00351119173 	 719.68567300115 	 0.00023326713 
0.00351119173 	 745.73902842330 	 0.00029009070 
0.00351119173 	 772.73554188543 	 0.00035840193 
0.00351119173 	 800.70935667059 	 0.00043987524 
0.00351119173 	 829.69585208349 	 0.00053660553 
0.00351119173 	 859.73168819576 	 0.00065075754 
0.00351119173 	 890.85485221102 	 0.00078434371 
0.00351119173 	 923.10470650840 	 0.00093974106 
0.00351119173 	 956.52203842531 	 0.00111981093 
0.00351119173 	 991.14911184236 	 0.00132704323 
0.00351119173 	 1027.02972063577 	 0.00156401044 
0.00351119173 	 1064.20924406472 	 0.00183375187 
0.00351119173 	 1102.73470416390 	 0.00213920997 
0.00351119173 	 1142.65482521357 	 0.00248326506 
0.00351119173 	 1184.02009536266 	 0.00286937213 
0.00351119173 	 1226.88283048257 	 0.00329986842 
0.00351119173 	 1271.29724033264 	 0.00377829200 
0.00351119173 	 1317.31949712075 	 0.00430704436 
0.00351119173 	 1365.00780654601 	 0.00488893571 
0.00351119173 	 1414.42248141323 	 0.00552673266 
0.00351119173 	 1465.62601791225 	 0.00622309029 
0.00351119173 	 1518.68317465873 	 0.00698024499 
0.00351119173 	 1573.66105459626 	 0.00780014238 
0.00351119173 	 1630.62918986345 	 0.00868463207 
0.00351119173 	 1689.65962973324 	 0.00963543074 
0.00351119173 	 1750.82703173573 	 0.01065390859 
0.00351119173 	 1814.20875607977 	 0.01174108051 
0.00351119173 	 1879.88496349267 	 0.01289798410 
0.00351119173 	 1947.93871660183 	 0.01412502646 
0.00351119173 	 2018.45608498650 	 0.01542218751 
0.00351119173 	 2091.52625403246 	 0.01678949130 
0.00351119173 	 2167.24163772744 	 0.01822657881 
0.00351119173 	 2245.69799553977 	 0.01973288152 
0.00351119173 	 2326.99455352823 	 0.02130708819 
0.00351119173 	 2411.23412983612 	 0.02294848716 
0.00351119173 	 2498.52326472839 	 0.02465480892 
0.00351119173 	 2588.97235533627 	 0.02642557544 
0.00351119173 	 2682.69579527972 	 0.02825777502 
0.00351119173 	 2779.81211934445 	 0.03014988662 
0.00351119173 	 2880.44415339630 	 0.03209937425 
0.00351119173 	 2984.71916972271 	 0.03410400773 
0.00351119173 	 3092.76904799777 	 0.03616137589 
0.00351119173 	 3204.73044207429 	 0.03826870548 
0.00351119173 	 3320.74495281390 	 0.04042441282 
0.00351119173 	 3440.95930717388 	 0.04262538322 
0.00351119173 	 3565.52554377701 	 0.04486944851 
0.00351119173 	 3694.60120519930 	 0.04715350655 
0.00351119173 	 3828.34953721869 	 0.04947597457 
0.00351119173 	 3966.93969527677 	 0.05183453065 
0.00351119173 	 4110.54695841470 	 0.05422720681 
0.00351119173 	 4259.35295095366 	 0.05665242812 
0.00351119173 	 4413.54587220053 	 0.05910875595 
0.00351119173 	 4573.32073446906 	 0.06159507871 
0.00351119173 	 4738.87960971766 	 0.06410942221 
0.00351119173 	 4910.43188511573 	 0.06665133025 
0.00351119173 	 5088.19452786179 	 0.06921991158 
0.00351119173 	 5272.39235958825 	 0.07181585675 
0.00351119173 	 5463.25834069991 	 0.07443823911 
0.00351119173 	 5661.03386500583 	 0.07708671623 
0.00351119173 	 5865.96906501720 	 0.07976325740 
0.00351119173 	 6078.32312829723 	 0.08246630339 
0.00351119173 	 6298.36462526327 	 0.08519725044 
0.00351119173 	 6526.37184885573 	 0.08795815766 
0.00351119173 	 6762.63316650331 	 0.09074822598 
0.00351119173 	 7007.44738482975 	 0.09356874751 
0.00351119173 	 7261.12412756334 	 0.09642106065 
0.00351119173 	 7523.98422712716 	 0.09930855140 
0.00351119173 	 7796.36013040524 	 0.10222832412 
0.00351119173 	 8078.59631919787 	 0.10518625879 
0.00351119173 	 8371.04974589791 	 0.10817936916 
0.00351119173 	 8674.09028493891 	 0.11121199032 
0.00351119173 	 8988.10120058618 	 0.11428479174 
0.00351119173 	 9313.47963166233 	 0.11739875610 
0.00351119173 	 9650.63709382046 	 0.12055470739 
0.00351119173 	 10000.00000000000 	 0.12375554941 
