0.35111917342 	 0.00000000000 	 0.00006227537 
0.35111917342 	 0.01000000000 	 0.00006542333 
0.35111917342 	 0.02000000000 	 0.00006844953 
0.35111917342 	 0.03000000000 	 0.00007156143 
0.35111917342 	 0.04000000000 	 0.00007425363 
0.35111917342 	 0.05000000000 	 0.00007774669 
0.35111917342 	 0.06000000000 	 0.00008104330 
0.35111917342 	 0.07000000000 	 0.00008443958 
0.35111917342 	 0.08000000000 	 0.00008793692 
0.35111917342 	 0.09000000000 	 0.00009158795 
0.35111917342 	 0.10000000000 	 0.00009529580 
0.35111917342 	 0.11000000000 	 0.00009871230 
0.35111917342 	 0.12000000000 	 0.00010275835 
0.35111917342 	 0.13000000000 	 0.00010680875 
0.35111917342 	 0.14000000000 	 0.00011052099 
0.35111917342 	 0.15000000000 	 0.00011436342 
0.35111917342 	 0.16000000000 	 0.00011845697 
0.35111917342 	 0.17000000000 	 0.00012263123 
0.35111917342 	 0.18000000000 	 0.00012688327 
0.35111917342 	 0.19000000000 	 0.00013127346 
0.35111917342 	 0.20000000000 	 0.00013588274 
0.35111917342 	 0.21000000000 	 0.00013980613 
0.35111917342 	 0.22000000000 	 0.00014438409 
0.35111917342 	 0.23000000000 	 0.00014899567 
0.35111917342 	 0.24000000000 	 0.00015372091 
0.35111917342 	 0.25000000000 	 0.00015840925 
0.35111917342 	 0.26000000000 	 0.00016318727 
0.35111917342 	 0.27000000000 	 0.00016795787 
0.35111917342 	 0.28000000000 	 0.00017229306 
0.35111917342 	 0.29000000000 	 0.00017753144 
0.35111917342 	 0.30000000000 	 0.00018304817 
0.35111917342 	 0.31000000000 	 0.00018766872 
0.35111917342 	 0.32000000000 	 0.00019281889 
0.35111917342 	 0.33000000000 	 0.00019804429 
0.35111917342 	 0.34000000000 	 0.00020338594 
0.35111917342 	 0.35000000000 	 0.00020872093 
0.35111917342 	 0.36000000000 	 0.00021453118 
0.35111917342 	 0.37000000000 	 0.00021985171 
0.35111917342 	 0.38000000000 	 0.00022552420 
0.35111917342 	 0.39000000000 	 0.00023124395 
0.35111917342 	 0.40000000000 	 0.00023704478 
0.35111917342 	 0.41000000000 	 0.00024259701 
0.35111917342 	 0.42000000000 	 0.00024865863 
0.35111917342 	 0.43000000000 	 0.00025471371 
0.35111917342 	 0.44000000000 	 0.00026058405 
0.35111917342 	 0.45000000000 	 0.00026670389 
0.35111917342 	 0.46000000000 	 0.00027285140 
0.35111917342 	 0.47000000000 	 0.00027895214 
0.35111917342 	 0.48000000000 	 0.00028542319 
0.35111917342 	 0.49000000000 	 0.00029160396 
0.35111917342 	 0.50000000000 	 0.00029796261 
0.35111917342 	 0.51000000000 	 0.00030446489 
0.35111917342 	 0.52000000000 	 0.00031043397 
0.35111917342 	 0.53000000000 	 0.00031745344 
0.35111917342 	 0.54000000000 	 0.00032415383 
0.35111917342 	 0.55000000000 	 0.00033096484 
0.35111917342 	 0.56000000000 	 0.00033777802 
0.35111917342 	 0.57000000000 	 0.00034404991 
0.35111917342 	 0.58000000000 	 0.00035123439 
0.35111917342 	 0.59000000000 	 0.00035843840 
0.35111917342 	 0.60000000000 	 0.00036569346 
0.35111917342 	 0.61000000000 	 0.00037232226 
0.35111917342 	 0.62000000000 	 0.00037960652 
0.35111917342 	 0.63000000000 	 0.00038698684 
0.35111917342 	 0.64000000000 	 0.00039432723 
0.35111917342 	 0.65000000000 	 0.00040160025 
0.35111917342 	 0.66000000000 	 0.00040906184 
0.35111917342 	 0.67000000000 	 0.00041672786 
0.35111917342 	 0.68000000000 	 0.00042438596 
0.35111917342 	 0.69000000000 	 0.00043217678 
0.35111917342 	 0.70000000000 	 0.00043974469 
0.35111917342 	 0.71000000000 	 0.00044767664 
0.35111917342 	 0.72000000000 	 0.00045492838 
0.35111917342 	 0.73000000000 	 0.00046286488 
0.35111917342 	 0.74000000000 	 0.00047122460 
0.35111917342 	 0.75000000000 	 0.00047949951 
0.35111917342 	 0.76000000000 	 0.00048732455 
0.35111917342 	 0.77000000000 	 0.00049564213 
0.35111917342 	 0.78000000000 	 0.00050336902 
0.35111917342 	 0.79000000000 	 0.00051237886 
0.35111917342 	 0.80000000000 	 0.00052061435 
0.35111917342 	 0.81000000000 	 0.00052879636 
0.35111917342 	 0.82000000000 	 0.00053730112 
0.35111917342 	 0.83000000000 	 0.00054598597 
0.35111917342 	 0.84000000000 	 0.00055397560 
0.35111917342 	 0.85000000000 	 0.00056226048 
0.35111917342 	 0.86000000000 	 0.00057189938 
0.35111917342 	 0.87000000000 	 0.00058091765 
0.35111917342 	 0.88000000000 	 0.00058959911 
0.35111917342 	 0.89000000000 	 0.00059722039 
0.35111917342 	 0.90000000000 	 0.00060610297 
0.35111917342 	 0.91000000000 	 0.00061509132 
0.35111917342 	 0.92000000000 	 0.00062539069 
0.35111917342 	 0.93000000000 	 0.00063461077 
0.35111917342 	 0.94000000000 	 0.00064426714 
0.35111917342 	 0.95000000000 	 0.00065293811 
0.35111917342 	 0.96000000000 	 0.00066290110 
0.35111917342 	 0.97000000000 	 0.00067187779 
0.35111917342 	 0.98000000000 	 0.00068137134 
0.35111917342 	 0.99000000000 	 0.00069134505 
0.35111917342 	 1.00000000000 	 0.00070084764 
0.35111917342 	 1.03620101997 	 0.00073603218 
0.35111917342 	 1.07371255379 	 0.00077308074 
0.35111917342 	 1.11258204340 	 0.00081328539 
0.35111917342 	 1.15285864817 	 0.00085514820 
0.35111917342 	 1.19459330712 	 0.00089864526 
0.35111917342 	 1.23783880329 	 0.00094717720 
0.35111917342 	 1.28264983053 	 0.00099600363 
0.35111917342 	 1.32908306266 	 0.00105007048 
0.35111917342 	 1.37719722516 	 0.00110663039 
0.35111917342 	 1.42705316941 	 0.00116510360 
0.35111917342 	 1.47871394970 	 0.00122853857 
0.35111917342 	 1.53224490292 	 0.00129514517 
0.35111917342 	 1.58771373126 	 0.00136631959 
0.35111917342 	 1.64519058775 	 0.00144256693 
0.35111917342 	 1.70474816508 	 0.00152403828 
0.35111917342 	 1.76646178745 	 0.00160771817 
0.35111917342 	 1.83040950590 	 0.00169828355 
0.35111917342 	 1.89667219698 	 0.00179440378 
0.35111917342 	 1.96533366506 	 0.00189403346 
0.35111917342 	 2.03648074833 	 0.00200323783 
0.35111917342 	 2.11020342857 	 0.00211650856 
0.35111917342 	 2.18659494503 	 0.00223710666 
0.35111917342 	 2.26575191231 	 0.00236468718 
0.35111917342 	 2.34777444254 	 0.00250015405 
0.35111917342 	 2.43276627202 	 0.00264310100 
0.35111917342 	 2.52083489243 	 0.00279610675 
0.35111917342 	 2.61209168671 	 0.00295722057 
0.35111917342 	 2.70665207003 	 0.00312677896 
0.35111917342 	 2.80463563568 	 0.00330697752 
0.35111917342 	 2.90616630634 	 0.00349881738 
0.35111917342 	 3.01137249084 	 0.00370014441 
0.35111917342 	 3.12038724653 	 0.00391326804 
0.35111917342 	 3.23334844756 	 0.00413876535 
0.35111917342 	 3.35039895929 	 0.00437757953 
0.35111917342 	 3.47168681893 	 0.00463058640 
0.35111917342 	 3.59736542280 	 0.00489659041 
0.35111917342 	 3.72759372031 	 0.00517704220 
0.35111917342 	 3.86253641503 	 0.00547295006 
0.35111917342 	 4.00236417294 	 0.00578566599 
0.35111917342 	 4.14725383830 	 0.00611571269 
0.35111917342 	 4.29738865733 	 0.00646358758 
0.35111917342 	 4.45295850994 	 0.00683041946 
0.35111917342 	 4.61416014990 	 0.00721595006 
0.35111917342 	 4.78119745364 	 0.00762098023 
0.35111917342 	 4.95428167815 	 0.00805260343 
0.35111917342 	 5.13363172813 	 0.00849773209 
0.35111917342 	 5.31947443285 	 0.00897272667 
0.35111917342 	 5.51204483304 	 0.00946961218 
0.35111917342 	 5.71158647813 	 0.00999086018 
0.35111917342 	 5.91835173430 	 0.01053806631 
0.35111917342 	 6.13260210363 	 0.01111148016 
0.35111917342 	 6.35460855487 	 0.01171136819 
0.35111917342 	 6.58465186608 	 0.01233165348 
0.35111917342 	 6.82302297979 	 0.01300196830 
0.35111917342 	 7.07002337096 	 0.01369199047 
0.35111917342 	 7.32596542822 	 0.01441340660 
0.35111917342 	 7.59117284900 	 0.01516570979 
0.35111917342 	 7.86598104892 	 0.01595467388 
0.35111917342 	 8.15073758597 	 0.01677405668 
0.35111917342 	 8.44580260011 	 0.01762845665 
0.35111917342 	 8.75154926872 	 0.01852610140 
0.35111917342 	 9.06836427859 	 0.01944707550 
0.35111917342 	 9.39664831495 	 0.02041192795 
0.35111917342 	 9.73681656828 	 0.02142156409 
0.35111917342 	 10.08929925933 	 0.02245850624 
0.35111917342 	 10.45454218333 	 0.02354066516 
0.35111917342 	 10.83300727371 	 0.02466133411 
0.35111917342 	 11.22517318638 	 0.02583019650 
0.35111917342 	 11.63153590510 	 0.02703331248 
0.35111917342 	 12.05260936871 	 0.02827543291 
0.35111917342 	 12.48892612118 	 0.02955895771 
0.35111917342 	 12.94103798513 	 0.03089207251 
0.35111917342 	 13.40951675969 	 0.03225624733 
0.35111917342 	 13.89495494373 	 0.03366778932 
0.35111917342 	 14.39796648516 	 0.03512038308 
0.35111917342 	 14.91918755746 	 0.03661561882 
0.35111917342 	 15.45927736419 	 0.03815003826 
0.35111917342 	 16.01891897281 	 0.03972828277 
0.35111917342 	 16.59882017849 	 0.04135710929 
0.35111917342 	 17.19971439928 	 0.04301728247 
0.35111917342 	 17.82236160377 	 0.04471699289 
0.35111917342 	 18.46754927215 	 0.04645186529 
0.35111917342 	 19.13609339219 	 0.04823063554 
0.35111917342 	 19.82883949127 	 0.05004561774 
0.35111917342 	 20.54666370572 	 0.05189975256 
0.35111917342 	 21.29047388890 	 0.05379079265 
0.35111917342 	 22.06121075937 	 0.05572245040 
0.35111917342 	 22.85984909069 	 0.05768353848 
0.35111917342 	 23.68739894419 	 0.05967855185 
0.35111917342 	 24.54490694646 	 0.06170219577 
0.35111917342 	 25.43345761305 	 0.06376136694 
0.35111917342 	 26.35417472006 	 0.06584994471 
0.35111917342 	 27.30822272546 	 0.06796891627 
0.35111917342 	 28.29680824175 	 0.07011996195 
0.35111917342 	 29.32118156207 	 0.07229283045 
0.35111917342 	 30.38263824141 	 0.07449361839 
0.35111917342 	 31.48252073520 	 0.07671996630 
0.35111917342 	 32.62222009712 	 0.07897135417 
0.35111917342 	 33.80317773840 	 0.08124532176 
0.35111917342 	 35.02688725083 	 0.08354214685 
0.35111917342 	 36.29489629577 	 0.08586178863 
0.35111917342 	 37.60880856147 	 0.08820401899 
0.35111917342 	 38.97028579134 	 0.09056809617 
0.35111917342 	 40.38104988560 	 0.09295317822 
0.35111917342 	 41.84288507902 	 0.09535963192 
0.35111917342 	 43.35764019746 	 0.09778770377 
0.35111917342 	 44.92723099621 	 0.10023653846 
0.35111917342 	 46.55364258280 	 0.10270490112 
0.35111917342 	 48.23893192773 	 0.10519575096 
0.35111917342 	 49.98523046589 	 0.10770856949 
0.35111917342 	 51.79474679231 	 0.11024376614 
0.35111917342 	 53.66976945540 	 0.11280194071 
0.35111917342 	 55.61266985137 	 0.11538298858 
0.35111917342 	 57.62590522338 	 0.11798901345 
0.35111917342 	 59.71202176930 	 0.12062216129 
0.35111917342 	 61.87365786196 	 0.12327895192 
0.35111917342 	 64.11354738598 	 0.12596485252 
0.35111917342 	 66.43452319540 	 0.12867957180 
0.35111917342 	 68.83952069645 	 0.13142055225 
0.35111917342 	 71.33158156008 	 0.13419466383 
0.35111917342 	 73.91385756879 	 0.13700026600 
0.35111917342 	 76.58961460288 	 0.13983771048 
0.35111917342 	 79.36223677079 	 0.14270973855 
0.35111917342 	 82.23523068918 	 0.14561786578 
0.35111917342 	 85.21222991780 	 0.14856026602 
0.35111917342 	 88.29699955494 	 0.15154072263 
0.35111917342 	 91.49344099933 	 0.15456142724 
0.35111917342 	 94.80559688429 	 0.15761934337 
0.35111917342 	 98.23765619059 	 0.16071926121 
0.35111917342 	 101.79395954438 	 0.16386101986 
0.35111917342 	 105.47900470692 	 0.16704516945 
0.35111917342 	 109.29745226298 	 0.17027293852 
0.35111917342 	 113.25413151528 	 0.17354663928 
0.35111917342 	 117.35404659222 	 0.17686553290 
0.35111917342 	 121.60238277674 	 0.18023109037 
0.35111917342 	 126.00451306433 	 0.18364462803 
0.35111917342 	 130.56600495838 	 0.18710781202 
0.35111917342 	 135.29262751160 	 0.19062012486 
0.35111917342 	 140.19035862226 	 0.19418376108 
0.35111917342 	 145.26539259468 	 0.19780042154 
0.35111917342 	 150.52414797329 	 0.20146989427 
0.35111917342 	 155.97327566040 	 0.20519208105 
0.35111917342 	 161.61966732774 	 0.20896878799 
0.35111917342 	 167.47046413260 	 0.21280132348 
0.35111917342 	 173.53306574945 	 0.21669134626 
0.35111917342 	 179.81513972851 	 0.22063816229 
0.35111917342 	 186.32463119316 	 0.22464543711 
0.35111917342 	 193.06977288832 	 0.22870878102 
0.35111917342 	 200.05909559272 	 0.23283278727 
0.35111917342 	 207.30143890792 	 0.23702014040 
0.35111917342 	 214.80596243813 	 0.24126999214 
0.35111917342 	 222.58215737454 	 0.24558070954 
0.35111917342 	 230.63985849915 	 0.24995469770 
0.35111917342 	 238.98925662311 	 0.25439466734 
0.35111917342 	 247.64091147530 	 0.25889912326 
0.35111917342 	 256.60576505760 	 0.26346977383 
0.35111917342 	 265.89515548347 	 0.26810673990 
0.35111917342 	 275.52083131769 	 0.27281124774 
0.35111917342 	 285.49496643503 	 0.27758583695 
0.35111917342 	 295.83017541695 	 0.28242891921 
0.35111917342 	 306.53952950565 	 0.28734452043 
0.35111917342 	 317.63657313561 	 0.29232862775 
0.35111917342 	 329.13534106365 	 0.29738490413 
0.35111917342 	 341.05037611911 	 0.30251285632 
0.35111917342 	 353.39674759658 	 0.30771370102 
0.35111917342 	 366.19007031450 	 0.31298760594 
0.35111917342 	 379.44652436364 	 0.31833467615 
0.35111917342 	 393.18287557058 	 0.32375656895 
0.35111917342 	 407.41649670190 	 0.32925690116 
0.35111917342 	 422.16538943608 	 0.33483008517 
0.35111917342 	 437.44820713071 	 0.34047926384 
0.35111917342 	 453.28427841392 	 0.34620648967 
0.35111917342 	 469.69363162995 	 0.35200942162 
0.35111917342 	 486.69702016948 	 0.35788870799 
0.35111917342 	 504.31594871714 	 0.36384525393 
0.35111917342 	 522.57270044903 	 0.36987992947 
0.35111917342 	 541.49036521501 	 0.37599204352 
0.35111917342 	 561.09286874100 	 0.38218175249 
0.35111917342 	 581.40500288865 	 0.38845275525 
0.35111917342 	 602.45245701027 	 0.39479949785 
0.35111917342 	 624.26185043890 	 0.40122489008 
0.35111917342 	 646.86076615463 	 0.40772645121 
0.35111917342 	 670.27778566954 	 0.41430605859 
0.35111917342 	 694.54252517561 	 0.42096201790 
0.35111917342 	 719.68567300115 	 0.42769278417 
0.35111917342 	 745.73902842330 	 0.43450403498 
0.35111917342 	 772.73554188543 	 0.44139078367 
0.35111917342 	 800.70935667059 	 0.44835186615 
0.35111917342 	 829.69585208349 	 0.45538770622 
0.35111917342 	 859.73168819576 	 0.46249559341 
0.35111917342 	 890.85485221102 	 0.46967507178 
0.35111917342 	 923.10470650840 	 0.47692639404 
0.35111917342 	 956.52203842531 	 0.48424783039 
0.35111917342 	 991.14911184236 	 0.49164000662 
0.35111917342 	 1027.02972063577 	 0.49910016226 
0.35111917342 	 1064.20924406472 	 0.50662414586 
0.35111917342 	 1102.73470416390 	 0.51421185528 
0.35111917342 	 1142.65482521357 	 0.52186271437 
0.35111917342 	 1184.02009536266 	 0.52957397584 
0.35111917342 	 1226.88283048257 	 0.53734400001 
0.35111917342 	 1271.29724033264 	 0.54517038358 
0.35111917342 	 1317.31949712075 	 0.55305035100 
0.35111917342 	 1365.00780654601 	 0.56098242562 
0.35111917342 	 1414.42248141323 	 0.56896141185 
0.35111917342 	 1465.62601791225 	 0.57698643912 
0.35111917342 	 1518.68317465873 	 0.58505388750 
0.35111917342 	 1573.66105459626 	 0.59316091310 
0.35111917342 	 1630.62918986345 	 0.60130465284 
0.35111917342 	 1689.65962973324 	 0.60948147733 
0.35111917342 	 1750.82703173573 	 0.61768638659 
0.35111917342 	 1814.20875607977 	 0.62591673768 
0.35111917342 	 1879.88496349267 	 0.63416841161 
0.35111917342 	 1947.93871660183 	 0.64243751590 
0.35111917342 	 2018.45608498650 	 0.65071914783 
0.35111917342 	 2091.52625403246 	 0.65900887140 
0.35111917342 	 2167.24163772744 	 0.66730196626 
0.35111917342 	 2245.69799553977 	 0.67559407144 
0.35111917342 	 2326.99455352823 	 0.68388057194 
0.35111917342 	 2411.23412983612 	 0.69215600186 
0.35111917342 	 2498.52326472839 	 0.70041530282 
0.35111917342 	 2588.97235533627 	 0.70865166548 
0.35111917342 	 2682.69579527972 	 0.71686104749 
0.35111917342 	 2779.81211934445 	 0.72503818685 
0.35111917342 	 2880.44415339630 	 0.73317722037 
0.35111917342 	 2984.71916972271 	 0.74127218791 
0.35111917342 	 3092.76904799777 	 0.74931657638 
0.35111917342 	 3204.73044207429 	 0.75730385528 
0.35111917342 	 3320.74495281390 	 0.76522954408 
0.35111917342 	 3440.95930717388 	 0.77308777061 
0.35111917342 	 3565.52554377701 	 0.78087153934 
0.35111917342 	 3694.60120519930 	 0.78857442355 
0.35111917342 	 3828.34953721869 	 0.79619112463 
0.35111917342 	 3966.93969527677 	 0.80371619663 
0.35111917342 	 4110.54695841470 	 0.81114321008 
0.35111917342 	 4259.35295095366 	 0.81846650608 
0.35111917342 	 4413.54587220053 	 0.82567736014 
0.35111917342 	 4573.32073446906 	 0.83277301126 
0.35111917342 	 4738.87960971766 	 0.83974754859 
0.35111917342 	 4910.43188511573 	 0.84659808677 
0.35111917342 	 5088.19452786179 	 0.85331669620 
0.35111917342 	 5272.39235958825 	 0.85989477003 
0.35111917342 	 5463.25834069991 	 0.86633059873 
0.35111917342 	 5661.03386500583 	 0.87262061239 
0.35111917342 	 5865.96906501720 	 0.87876034806 
0.35111917342 	 6078.32312829723 	 0.88474436039 
0.35111917342 	 6298.36462526327 	 0.89056854510 
0.35111917342 	 6526.37184885573 	 0.89622921835 
0.35111917342 	 6762.63316650331 	 0.90172421112 
0.35111917342 	 7007.44738482975 	 0.90705067413 
0.35111917342 	 7261.12412756334 	 0.91220614620 
0.35111917342 	 7523.98422712716 	 0.91718780524 
0.35111917342 	 7796.36013040524 	 0.92199508408 
0.35111917342 	 8078.59631919787 	 0.92662449836 
0.35111917342 	 8371.04974589791 	 0.93107688181 
0.35111917342 	 8674.09028493891 	 0.93535171985 
0.35111917342 	 8988.10120058618 	 0.93944832426 
0.35111917342 	 9313.47963166233 	 0.94336609302 
0.35111917342 	 9650.63709382046 	 0.94711114670 
0.35111917342 	 10000.00000000000 	 0.95067720988 
