0.00756463328 	 0.00000000000 	 0.00000218540 
0.00756463328 	 0.01000000000 	 0.00000219699 
0.00756463328 	 0.02000000000 	 0.00000220863 
0.00756463328 	 0.03000000000 	 0.00000222031 
0.00756463328 	 0.04000000000 	 0.00000222539 
0.00756463328 	 0.05000000000 	 0.00000223830 
0.00756463328 	 0.06000000000 	 0.00000225119 
0.00756463328 	 0.07000000000 	 0.00000226409 
0.00756463328 	 0.08000000000 	 0.00000227701 
0.00756463328 	 0.09000000000 	 0.00000228994 
0.00756463328 	 0.10000000000 	 0.00000230286 
0.00756463328 	 0.11000000000 	 0.00000231580 
0.00756463328 	 0.12000000000 	 0.00000232877 
0.00756463328 	 0.13000000000 	 0.00000234176 
0.00756463328 	 0.14000000000 	 0.00000235478 
0.00756463328 	 0.15000000000 	 0.00000236783 
0.00756463328 	 0.16000000000 	 0.00000238090 
0.00756463328 	 0.17000000000 	 0.00000239399 
0.00756463328 	 0.18000000000 	 0.00000240710 
0.00756463328 	 0.19000000000 	 0.00000242024 
0.00756463328 	 0.20000000000 	 0.00000243340 
0.00756463328 	 0.21000000000 	 0.00000244660 
0.00756463328 	 0.22000000000 	 0.00000245983 
0.00756463328 	 0.23000000000 	 0.00000247308 
0.00756463328 	 0.24000000000 	 0.00000248637 
0.00756463328 	 0.25000000000 	 0.00000249970 
0.00756463328 	 0.26000000000 	 0.00000251306 
0.00756463328 	 0.27000000000 	 0.00000252645 
0.00756463328 	 0.28000000000 	 0.00000253989 
0.00756463328 	 0.29000000000 	 0.00000255336 
0.00756463328 	 0.30000000000 	 0.00000256687 
0.00756463328 	 0.31000000000 	 0.00000258043 
0.00756463328 	 0.32000000000 	 0.00000259402 
0.00756463328 	 0.33000000000 	 0.00000261114 
0.00756463328 	 0.34000000000 	 0.00000262490 
0.00756463328 	 0.35000000000 	 0.00000263870 
0.00756463328 	 0.36000000000 	 0.00000265254 
0.00756463328 	 0.37000000000 	 0.00000266642 
0.00756463328 	 0.38000000000 	 0.00000268035 
0.00756463328 	 0.39000000000 	 0.00000269431 
0.00756463328 	 0.40000000000 	 0.00000270829 
0.00756463328 	 0.41000000000 	 0.00000272223 
0.00756463328 	 0.42000000000 	 0.00000273615 
0.00756463328 	 0.43000000000 	 0.00000275017 
0.00756463328 	 0.44000000000 	 0.00000276428 
0.00756463328 	 0.45000000000 	 0.00000277835 
0.00756463328 	 0.46000000000 	 0.00000279245 
0.00756463328 	 0.47000000000 	 0.00000280645 
0.00756463328 	 0.48000000000 	 0.00000282072 
0.00756463328 	 0.49000000000 	 0.00000283504 
0.00756463328 	 0.50000000000 	 0.00000284943 
0.00756463328 	 0.51000000000 	 0.00000286386 
0.00756463328 	 0.52000000000 	 0.00000287826 
0.00756463328 	 0.53000000000 	 0.00000289281 
0.00756463328 	 0.54000000000 	 0.00000290748 
0.00756463328 	 0.55000000000 	 0.00000292220 
0.00756463328 	 0.56000000000 	 0.00000293700 
0.00756463328 	 0.57000000000 	 0.00000295187 
0.00756463328 	 0.58000000000 	 0.00000296679 
0.00756463328 	 0.59000000000 	 0.00000298179 
0.00756463328 	 0.60000000000 	 0.00000299685 
0.00756463328 	 0.61000000000 	 0.00000301197 
0.00756463328 	 0.62000000000 	 0.00000302714 
0.00756463328 	 0.63000000000 	 0.00000303543 
0.00756463328 	 0.64000000000 	 0.00000305183 
0.00756463328 	 0.65000000000 	 0.00000306819 
0.00756463328 	 0.66000000000 	 0.00000308464 
0.00756463328 	 0.67000000000 	 0.00000310113 
0.00756463328 	 0.68000000000 	 0.00000311768 
0.00756463328 	 0.69000000000 	 0.00000313421 
0.00756463328 	 0.70000000000 	 0.00000315074 
0.00756463328 	 0.71000000000 	 0.00000316733 
0.00756463328 	 0.72000000000 	 0.00000318393 
0.00756463328 	 0.73000000000 	 0.00000320058 
0.00756463328 	 0.74000000000 	 0.00000321730 
0.00756463328 	 0.75000000000 	 0.00000323411 
0.00756463328 	 0.76000000000 	 0.00000325087 
0.00756463328 	 0.77000000000 	 0.00000326765 
0.00756463328 	 0.78000000000 	 0.00000328445 
0.00756463328 	 0.79000000000 	 0.00000330125 
0.00756463328 	 0.80000000000 	 0.00000331813 
0.00756463328 	 0.81000000000 	 0.00000333504 
0.00756463328 	 0.82000000000 	 0.00000335200 
0.00756463328 	 0.83000000000 	 0.00000336899 
0.00756463328 	 0.84000000000 	 0.00000338603 
0.00756463328 	 0.85000000000 	 0.00000340312 
0.00756463328 	 0.86000000000 	 0.00000342024 
0.00756463328 	 0.87000000000 	 0.00000343741 
0.00756463328 	 0.88000000000 	 0.00000345464 
0.00756463328 	 0.89000000000 	 0.00000347191 
0.00756463328 	 0.90000000000 	 0.00000348923 
0.00756463328 	 0.91000000000 	 0.00000350658 
0.00756463328 	 0.92000000000 	 0.00000352400 
0.00756463328 	 0.93000000000 	 0.00000354146 
0.00756463328 	 0.94000000000 	 0.00000355898 
0.00756463328 	 0.95000000000 	 0.00000357655 
0.00756463328 	 0.96000000000 	 0.00000359417 
0.00756463328 	 0.97000000000 	 0.00000361185 
0.00756463328 	 0.98000000000 	 0.00000362959 
0.00756463328 	 0.99000000000 	 0.00000364740 
0.00756463328 	 1.00000000000 	 0.00000366526 
0.00756463328 	 1.03620101997 	 0.00000373044 
0.00756463328 	 1.07371255379 	 0.00000380299 
0.00756463328 	 1.11258204340 	 0.00000387572 
0.00756463328 	 1.15285864817 	 0.00000395212 
0.00756463328 	 1.19459330712 	 0.00000403244 
0.00756463328 	 1.23783880329 	 0.00000411696 
0.00756463328 	 1.28264983053 	 0.00000420598 
0.00756463328 	 1.32908306266 	 0.00000429978 
0.00756463328 	 1.37719722516 	 0.00000439548 
0.00756463328 	 1.42705316941 	 0.00000450489 
0.00756463328 	 1.47871394970 	 0.00000461950 
0.00756463328 	 1.53224490292 	 0.00000473999 
0.00756463328 	 1.58771373126 	 0.00000486729 
0.00756463328 	 1.64519058775 	 0.00000499974 
0.00756463328 	 1.70474816508 	 0.00000514040 
0.00756463328 	 1.76646178745 	 0.00000528913 
0.00756463328 	 1.83040950590 	 0.00000544640 
0.00756463328 	 1.89667219698 	 0.00000561300 
0.00756463328 	 1.96533366506 	 0.00000578965 
0.00756463328 	 2.03648074833 	 0.00000597717 
0.00756463328 	 2.11020342857 	 0.00000617658 
0.00756463328 	 2.18659494503 	 0.00000638819 
0.00756463328 	 2.26575191231 	 0.00000661585 
0.00756463328 	 2.34777444254 	 0.00000685682 
0.00756463328 	 2.43276627202 	 0.00000711355 
0.00756463328 	 2.52083489243 	 0.00000738825 
0.00756463328 	 2.61209168671 	 0.00000768084 
0.00756463328 	 2.70665207003 	 0.00000799847 
0.00756463328 	 2.80463563568 	 0.00000833592 
0.00756463328 	 2.90616630634 	 0.00000869534 
0.00756463328 	 3.01137249084 	 0.00000908050 
0.00756463328 	 3.12038724653 	 0.00000949106 
0.00756463328 	 3.23334844756 	 0.00000994420 
0.00756463328 	 3.35039895929 	 0.00001042734 
0.00756463328 	 3.47168681893 	 0.00001094427 
0.00756463328 	 3.59736542280 	 0.00001149899 
0.00756463328 	 3.72759372031 	 0.00001208874 
0.00756463328 	 3.86253641503 	 0.00001275022 
0.00756463328 	 4.00236417294 	 0.00001345709 
0.00756463328 	 4.14725383830 	 0.00001421694 
0.00756463328 	 4.29738865733 	 0.00001503669 
0.00756463328 	 4.45295850994 	 0.00001591551 
0.00756463328 	 4.61416014990 	 0.00001689456 
0.00756463328 	 4.78119745364 	 0.00001794963 
0.00756463328 	 4.95428167815 	 0.00001909101 
0.00756463328 	 5.13363172813 	 0.00002032928 
0.00756463328 	 5.31947443285 	 0.00002167087 
0.00756463328 	 5.51204483304 	 0.00002315023 
0.00756463328 	 5.71158647813 	 0.00002475704 
0.00756463328 	 5.91835173430 	 0.00002650765 
0.00756463328 	 6.13260210363 	 0.00002842090 
0.00756463328 	 6.35460855487 	 0.00003052344 
0.00756463328 	 6.58465186608 	 0.00003281668 
0.00756463328 	 6.82302297979 	 0.00003533271 
0.00756463328 	 7.07002337096 	 0.00003809812 
0.00756463328 	 7.32596542822 	 0.00004112714 
0.00756463328 	 7.59117284900 	 0.00004445339 
0.00756463328 	 7.86598104892 	 0.00004813054 
0.00756463328 	 8.15073758597 	 0.00005215985 
0.00756463328 	 8.44580260011 	 0.00005661452 
0.00756463328 	 8.75154926872 	 0.00006151857 
0.00756463328 	 9.06836427859 	 0.00006693871 
0.00756463328 	 9.39664831495 	 0.00007291601 
0.00756463328 	 9.73681656828 	 0.00007949945 
0.00756463328 	 10.08929925933 	 0.00008681880 
0.00756463328 	 10.45454218333 	 0.00009488103 
0.00756463328 	 10.83300727371 	 0.00010382095 
0.00756463328 	 11.22517318638 	 0.00011371099 
0.00756463328 	 11.63153590510 	 0.00012467766 
0.00756463328 	 12.05260936871 	 0.00013682681 
0.00756463328 	 12.48892612118 	 0.00015030450 
0.00756463328 	 12.94103798513 	 0.00016519137 
0.00756463328 	 13.40951675969 	 0.00018182060 
0.00756463328 	 13.89495494373 	 0.00020018570 
0.00756463328 	 14.39796648516 	 0.00022059823 
0.00756463328 	 14.91918755746 	 0.00024317424 
0.00756463328 	 15.45927736419 	 0.00026833420 
0.00756463328 	 16.01891897281 	 0.00029608795 
0.00756463328 	 16.59882017849 	 0.00032709398 
0.00756463328 	 17.19971439928 	 0.00036122827 
0.00756463328 	 17.82236160377 	 0.00039945352 
0.00756463328 	 18.46754927215 	 0.00044147520 
0.00756463328 	 19.13609339219 	 0.00048828306 
0.00756463328 	 19.82883949127 	 0.00054003843 
0.00756463328 	 20.54666370572 	 0.00059736612 
0.00756463328 	 21.29047388890 	 0.00066081568 
0.00756463328 	 22.06121075937 	 0.00073072254 
0.00756463328 	 22.85984909069 	 0.00080853173 
0.00756463328 	 23.68739894419 	 0.00089418435 
0.00756463328 	 24.54490694646 	 0.00098869245 
0.00756463328 	 25.43345761305 	 0.00109288774 
0.00756463328 	 26.35417472006 	 0.00120749380 
0.00756463328 	 27.30822272546 	 0.00133376873 
0.00756463328 	 28.29680824175 	 0.00147251026 
0.00756463328 	 29.32118156207 	 0.00162491112 
0.00756463328 	 30.38263824141 	 0.00179188214 
0.00756463328 	 31.48252073520 	 0.00197509695 
0.00756463328 	 32.62222009712 	 0.00217518885 
0.00756463328 	 33.80317773840 	 0.00239428829 
0.00756463328 	 35.02688725083 	 0.00263305650 
0.00756463328 	 36.29489629577 	 0.00289320542 
0.00756463328 	 37.60880856147 	 0.00317628971 
0.00756463328 	 38.97028579134 	 0.00348368253 
0.00756463328 	 40.38104988560 	 0.00381715342 
0.00756463328 	 41.84288507902 	 0.00417824061 
0.00756463328 	 43.35764019746 	 0.00456861729 
0.00756463328 	 44.92723099621 	 0.00499018589 
0.00756463328 	 46.55364258280 	 0.00544439211 
0.00756463328 	 48.23893192773 	 0.00593317031 
0.00756463328 	 49.98523046589 	 0.00645824551 
0.00756463328 	 51.79474679231 	 0.00702106295 
0.00756463328 	 53.66976945540 	 0.00762344500 
0.00756463328 	 55.61266985137 	 0.00826701797 
0.00756463328 	 57.62590522338 	 0.00895338812 
0.00756463328 	 59.71202176930 	 0.00968400262 
0.00756463328 	 61.87365786196 	 0.01046055094 
0.00756463328 	 64.11354738598 	 0.01128427099 
0.00756463328 	 66.43452319540 	 0.01215636574 
0.00756463328 	 68.83952069645 	 0.01307807681 
0.00756463328 	 71.33158156008 	 0.01405045293 
0.00756463328 	 73.91385756879 	 0.01507445401 
0.00756463328 	 76.58961460288 	 0.01615084020 
0.00756463328 	 79.36223677079 	 0.01728001338 
0.00756463328 	 82.23523068918 	 0.01846330303 
0.00756463328 	 85.21222991780 	 0.01970014155 
0.00756463328 	 88.29699955494 	 0.02099104467 
0.00756463328 	 91.49344099933 	 0.02233576378 
0.00756463328 	 94.80559688429 	 0.02373473468 
0.00756463328 	 98.23765619059 	 0.02518725745 
0.00756463328 	 101.79395954438 	 0.02669280765 
0.00756463328 	 105.47900470692 	 0.02825080683 
0.00756463328 	 109.29745226298 	 0.02986043771 
0.00756463328 	 113.25413151528 	 0.03152085067 
0.00756463328 	 117.35404659222 	 0.03323114222 
0.00756463328 	 121.60238277674 	 0.03499019855 
0.00756463328 	 126.00451306433 	 0.03679649299 
0.00756463328 	 130.56600495838 	 0.03864925765 
0.00756463328 	 135.29262751160 	 0.04054613013 
0.00756463328 	 140.19035862226 	 0.04248642834 
0.00756463328 	 145.26539259468 	 0.04446842603 
0.00756463328 	 150.52414797329 	 0.04649025696 
0.00756463328 	 155.97327566040 	 0.04855197812 
0.00756463328 	 161.61966732774 	 0.05065064295 
0.00756463328 	 167.47046413260 	 0.05278515144 
0.00756463328 	 173.53306574945 	 0.05495430195 
0.00756463328 	 179.81513972851 	 0.05715721964 
0.00756463328 	 186.32463119316 	 0.05939312105 
0.00756463328 	 193.06977288832 	 0.06166001097 
0.00756463328 	 200.05909559272 	 0.06395848935 
0.00756463328 	 207.30143890792 	 0.06628696351 
0.00756463328 	 214.80596243813 	 0.06864458124 
0.00756463328 	 222.58215737454 	 0.07103136200 
0.00756463328 	 230.63985849915 	 0.07344691104 
0.00756463328 	 238.98925662311 	 0.07589234975 
0.00756463328 	 247.64091147530 	 0.07836676658 
0.00756463328 	 256.60576505760 	 0.08087048249 
0.00756463328 	 265.89515548347 	 0.08340484904 
0.00756463328 	 275.52083131769 	 0.08596851462 
0.00756463328 	 285.49496643503 	 0.08856347407 
0.00756463328 	 295.83017541695 	 0.09119136234 
0.00756463328 	 306.53952950565 	 0.09385174527 
0.00756463328 	 317.63657313561 	 0.09654469978 
0.00756463328 	 329.13534106365 	 0.09927360789 
0.00756463328 	 341.05037611911 	 0.10203904693 
0.00756463328 	 353.39674759658 	 0.10484106232 
0.00756463328 	 366.19007031450 	 0.10768125468 
0.00756463328 	 379.44652436364 	 0.11056049059 
0.00756463328 	 393.18287557058 	 0.11348011147 
0.00756463328 	 407.41649670190 	 0.11644203083 
0.00756463328 	 422.16538943608 	 0.11944739442 
0.00756463328 	 437.44820713071 	 0.12249627514 
0.00756463328 	 453.28427841392 	 0.12559027133 
0.00756463328 	 469.69363162995 	 0.12873126853 
0.00756463328 	 486.69702016948 	 0.13192040965 
0.00756463328 	 504.31594871714 	 0.13515715818 
0.00756463328 	 522.57270044903 	 0.13844543639 
0.00756463328 	 541.49036521501 	 0.14178304518 
0.00756463328 	 561.09286874100 	 0.14517303078 
0.00756463328 	 581.40500288865 	 0.14861460892 
0.00756463328 	 602.45245701027 	 0.15211063110 
0.00756463328 	 624.26185043890 	 0.15566363147 
0.00756463328 	 646.86076615463 	 0.15927141143 
0.00756463328 	 670.27778566954 	 0.16293655758 
0.00756463328 	 694.54252517561 	 0.16665902102 
0.00756463328 	 719.68567300115 	 0.17043992514 
0.00756463328 	 745.73902842330 	 0.17428073949 
0.00756463328 	 772.73554188543 	 0.17818231733 
0.00756463328 	 800.70935667059 	 0.18214556761 
0.00756463328 	 829.69585208349 	 0.18617184114 
0.00756463328 	 859.73168819576 	 0.19026319691 
0.00756463328 	 890.85485221102 	 0.19441685865 
0.00756463328 	 923.10470650840 	 0.19863534546 
0.00756463328 	 956.52203842531 	 0.20292267077 
0.00756463328 	 991.14911184236 	 0.20727516009 
0.00756463328 	 1027.02972063577 	 0.21169655116 
0.00756463328 	 1064.20924406472 	 0.21618607254 
0.00756463328 	 1102.73470416390 	 0.22074518448 
0.00756463328 	 1142.65482521357 	 0.22537584124 
0.00756463328 	 1184.02009536266 	 0.23007834438 
0.00756463328 	 1226.88283048257 	 0.23485189097 
0.00756463328 	 1271.29724033264 	 0.23969681209 
0.00756463328 	 1317.31949712075 	 0.24461654863 
0.00756463328 	 1365.00780654601 	 0.24961072930 
0.00756463328 	 1414.42248141323 	 0.25468169358 
0.00756463328 	 1465.62601791225 	 0.25982651940 
0.00756463328 	 1518.68317465873 	 0.26505186468 
0.00756463328 	 1573.66105459626 	 0.27035346332 
0.00756463328 	 1630.62918986345 	 0.27573168210 
0.00756463328 	 1689.65962973324 	 0.28118828508 
0.00756463328 	 1750.82703173573 	 0.28672466210 
0.00756463328 	 1814.20875607977 	 0.29234080766 
0.00756463328 	 1879.88496349267 	 0.29803669374 
0.00756463328 	 1947.93871660183 	 0.30381153397 
0.00756463328 	 2018.45608498650 	 0.30967273025 
0.00756463328 	 2091.52625403246 	 0.31561287485 
0.00756463328 	 2167.24163772744 	 0.32163465112 
0.00756463328 	 2245.69799553977 	 0.32773889309 
0.00756463328 	 2326.99455352823 	 0.33392614911 
0.00756463328 	 2411.23412983612 	 0.34019299743 
0.00756463328 	 2498.52326472839 	 0.34654644586 
0.00756463328 	 2588.97235533627 	 0.35298337893 
0.00756463328 	 2682.69579527972 	 0.35950115143 
0.00756463328 	 2779.81211934445 	 0.36610492863 
0.00756463328 	 2880.44415339630 	 0.37278808038 
0.00756463328 	 2984.71916972271 	 0.37955673962 
0.00756463328 	 3092.76904799777 	 0.38640705579 
0.00756463328 	 3204.73044207429 	 0.39333800116 
0.00756463328 	 3320.74495281390 	 0.40035008854 
0.00756463328 	 3440.95930717388 	 0.40744791491 
0.00756463328 	 3565.52554377701 	 0.41462291897 
0.00756463328 	 3694.60120519930 	 0.42187934776 
0.00756463328 	 3828.34953721869 	 0.42921352580 
0.00756463328 	 3966.93969527677 	 0.43662513773 
0.00756463328 	 4110.54695841470 	 0.44411562968 
0.00756463328 	 4259.35295095366 	 0.45168063465 
0.00756463328 	 4413.54587220053 	 0.45932333998 
0.00756463328 	 4573.32073446906 	 0.46703638256 
0.00756463328 	 4738.87960971766 	 0.47482285489 
0.00756463328 	 4910.43188511573 	 0.48267853348 
0.00756463328 	 5088.19452786179 	 0.49060275607 
0.00756463328 	 5272.39235958825 	 0.49859381724 
0.00756463328 	 5463.25834069991 	 0.50664896598 
0.00756463328 	 5661.03386500583 	 0.51476625335 
0.00756463328 	 5865.96906501720 	 0.52294317473 
0.00756463328 	 6078.32312829723 	 0.53117819026 
0.00756463328 	 6298.36462526327 	 0.53946739712 
0.00756463328 	 6526.37184885573 	 0.54780915218 
0.00756463328 	 6762.63316650331 	 0.55619984082 
0.00756463328 	 7007.44738482975 	 0.56463648513 
0.00756463328 	 7261.12412756334 	 0.57311486654 
0.00756463328 	 7523.98422712716 	 0.58163226762 
0.00756463328 	 7796.36013040524 	 0.59018504442 
0.00756463328 	 8078.59631919787 	 0.59876939561 
0.00756463328 	 8371.04974589791 	 0.60738127746 
0.00756463328 	 8674.09028493891 	 0.61601607495 
0.00756463328 	 8988.10120058618 	 0.62466981708 
0.00756463328 	 9313.47963166233 	 0.63333797964 
0.00756463328 	 9650.63709382046 	 0.64201605895 
0.00756463328 	 10000.00000000000 	 0.65069867540 
