0.04328761281 	 0.00000000000 	 -0.00000000070 
0.04328761281 	 0.01000000000 	 -0.00000000035 
0.04328761281 	 0.02000000000 	 -0.00000000035 
0.04328761281 	 0.03000000000 	 -0.00000000035 
0.04328761281 	 0.04000000000 	 -0.00000000035 
0.04328761281 	 0.05000000000 	 -0.00000000034 
0.04328761281 	 0.06000000000 	 -0.00000000034 
0.04328761281 	 0.07000000000 	 -0.00000000034 
0.04328761281 	 0.08000000000 	 -0.00000000033 
0.04328761281 	 0.09000000000 	 -0.00000000033 
0.04328761281 	 0.10000000000 	 0.00000000087 
0.04328761281 	 0.11000000000 	 0.00000001180 
0.04328761281 	 0.12000000000 	 0.00000001150 
0.04328761281 	 0.13000000000 	 0.00000001124 
0.04328761281 	 0.14000000000 	 0.00000001098 
0.04328761281 	 0.15000000000 	 0.00000001075 
0.04328761281 	 0.16000000000 	 0.00000001046 
0.04328761281 	 0.17000000000 	 0.00000001019 
0.04328761281 	 0.18000000000 	 0.00000000997 
0.04328761281 	 0.19000000000 	 0.00000000976 
0.04328761281 	 0.20000000000 	 0.00000000956 
0.04328761281 	 0.21000000000 	 0.00000000952 
0.04328761281 	 0.22000000000 	 0.00000000950 
0.04328761281 	 0.23000000000 	 0.00000000948 
0.04328761281 	 0.24000000000 	 0.00000001753 
0.04328761281 	 0.25000000000 	 0.00000001752 
0.04328761281 	 0.26000000000 	 0.00000001728 
0.04328761281 	 0.27000000000 	 0.00000001703 
0.04328761281 	 0.28000000000 	 0.00000001678 
0.04328761281 	 0.29000000000 	 0.00000001647 
0.04328761281 	 0.30000000000 	 0.00000001617 
0.04328761281 	 0.31000000000 	 0.00000001937 
0.04328761281 	 0.32000000000 	 0.00000001901 
0.04328761281 	 0.33000000000 	 0.00000001880 
0.04328761281 	 0.34000000000 	 0.00000001850 
0.04328761281 	 0.35000000000 	 0.00000000060 
0.04328761281 	 0.36000000000 	 0.00000000060 
0.04328761281 	 0.37000000000 	 0.00000000059 
0.04328761281 	 0.38000000000 	 0.00000000058 
0.04328761281 	 0.39000000000 	 0.00000000058 
0.04328761281 	 0.40000000000 	 -0.00000000001 
0.04328761281 	 0.41000000000 	 0.00000000002 
0.04328761281 	 0.42000000000 	 0.00000000003 
0.04328761281 	 0.43000000000 	 0.00000000003 
0.04328761281 	 0.44000000000 	 0.00000000004 
0.04328761281 	 0.45000000000 	 0.00000000005 
0.04328761281 	 0.46000000000 	 0.00000000006 
0.04328761281 	 0.47000000000 	 0.00000000006 
0.04328761281 	 0.48000000000 	 0.00000000007 
0.04328761281 	 0.49000000000 	 0.00000000007 
0.04328761281 	 0.50000000000 	 0.00000000047 
0.04328761281 	 0.51000000000 	 0.00000000047 
0.04328761281 	 0.52000000000 	 -0.00000000023 
0.04328761281 	 0.53000000000 	 -0.00000000029 
0.04328761281 	 0.54000000000 	 -0.00000000029 
0.04328761281 	 0.55000000000 	 -0.00000000029 
0.04328761281 	 0.56000000000 	 -0.00000000029 
0.04328761281 	 0.57000000000 	 0.00000000042 
0.04328761281 	 0.58000000000 	 0.00000000041 
0.04328761281 	 0.59000000000 	 0.00000000040 
0.04328761281 	 0.60000000000 	 0.00000000039 
0.04328761281 	 0.61000000000 	 0.00000000039 
0.04328761281 	 0.62000000000 	 0.00000000031 
0.04328761281 	 0.63000000000 	 0.00000000031 
0.04328761281 	 0.64000000000 	 0.00000000031 
0.04328761281 	 0.65000000000 	 0.00000000031 
0.04328761281 	 0.66000000000 	 0.00000000032 
0.04328761281 	 0.67000000000 	 0.00000000033 
0.04328761281 	 0.68000000000 	 0.00000000034 
0.04328761281 	 0.69000000000 	 0.00000000034 
0.04328761281 	 0.70000000000 	 0.00000000578 
0.04328761281 	 0.71000000000 	 0.00000000582 
0.04328761281 	 0.72000000000 	 0.00000000586 
0.04328761281 	 0.73000000000 	 0.00000000590 
0.04328761281 	 0.74000000000 	 0.00000000595 
0.04328761281 	 0.75000000000 	 0.00000000006 
0.04328761281 	 0.76000000000 	 0.00000000006 
0.04328761281 	 0.77000000000 	 0.00000000006 
0.04328761281 	 0.78000000000 	 0.00000000006 
0.04328761281 	 0.79000000000 	 0.00000000006 
0.04328761281 	 0.80000000000 	 -0.00000000009 
0.04328761281 	 0.81000000000 	 -0.00000000009 
0.04328761281 	 0.82000000000 	 -0.00000000009 
0.04328761281 	 0.83000000000 	 -0.00000000009 
0.04328761281 	 0.84000000000 	 -0.00000000009 
0.04328761281 	 0.85000000000 	 -0.00000000009 
0.04328761281 	 0.86000000000 	 -0.00000000009 
0.04328761281 	 0.87000000000 	 -0.00000000009 
0.04328761281 	 0.88000000000 	 -0.00000000009 
0.04328761281 	 0.89000000000 	 -0.00000000009 
0.04328761281 	 0.90000000000 	 -0.00000000009 
0.04328761281 	 0.91000000000 	 -0.00000000009 
0.04328761281 	 0.92000000000 	 -0.00000000009 
0.04328761281 	 0.93000000000 	 -0.00000000008 
0.04328761281 	 0.94000000000 	 -0.00000000010 
0.04328761281 	 0.95000000000 	 -0.00000000010 
0.04328761281 	 0.96000000000 	 -0.00000000009 
0.04328761281 	 0.97000000000 	 -0.00000000009 
0.04328761281 	 0.98000000000 	 -0.00000000009 
0.04328761281 	 0.99000000000 	 -0.00000000009 
0.04328761281 	 1.00000000000 	 -0.00000000009 
0.04328761281 	 1.03620101997 	 -0.00000000008 
0.04328761281 	 1.07371255379 	 -0.00000000008 
0.04328761281 	 1.11258204340 	 -0.00000000006 
0.04328761281 	 1.15285864817 	 -0.00000000085 
0.04328761281 	 1.19459330712 	 -0.00000000079 
0.04328761281 	 1.23783880329 	 -0.00000000082 
0.04328761281 	 1.28264983053 	 -0.00000000049 
0.04328761281 	 1.32908306266 	 -0.00000000034 
0.04328761281 	 1.37719722516 	 -0.00000000030 
0.04328761281 	 1.42705316941 	 -0.00000000027 
0.04328761281 	 1.47871394970 	 -0.00000000023 
0.04328761281 	 1.53224490292 	 -0.00000000068 
0.04328761281 	 1.58771373126 	 0.00000000012 
0.04328761281 	 1.64519058775 	 0.00000000012 
0.04328761281 	 1.70474816508 	 -0.00000000009 
0.04328761281 	 1.76646178745 	 -0.00000000009 
0.04328761281 	 1.83040950590 	 0.00000000002 
0.04328761281 	 1.89667219698 	 -0.00000000002 
0.04328761281 	 1.96533366506 	 -0.00000000001 
0.04328761281 	 2.03648074833 	 -0.00000000001 
0.04328761281 	 2.11020342857 	 0.00000000008 
0.04328761281 	 2.18659494503 	 -0.00000000128 
0.04328761281 	 2.26575191231 	 0.00000000045 
0.04328761281 	 2.34777444254 	 0.00000000243 
0.04328761281 	 2.43276627202 	 0.00000000244 
0.04328761281 	 2.52083489243 	 0.00000000269 
0.04328761281 	 2.61209168671 	 0.00000000250 
0.04328761281 	 2.70665207003 	 0.00000000009 
0.04328761281 	 2.80463563568 	 0.00000000006 
0.04328761281 	 2.90616630634 	 0.00000000009 
0.04328761281 	 3.01137249084 	 -0.00000000188 
0.04328761281 	 3.12038724653 	 -0.00000000191 
0.04328761281 	 3.23334844756 	 0.00000000044 
0.04328761281 	 3.35039895929 	 -0.00000000140 
0.04328761281 	 3.47168681893 	 -0.00000000004 
0.04328761281 	 3.59736542280 	 -0.00000000064 
0.04328761281 	 3.72759372031 	 -0.00000000023 
0.04328761281 	 3.86253641503 	 -0.00000000003 
0.04328761281 	 4.00236417294 	 0.00000000010 
0.04328761281 	 4.14725383830 	 0.00000000002 
0.04328761281 	 4.29738865733 	 -0.00000000010 
0.04328761281 	 4.45295850994 	 -0.00000000047 
0.04328761281 	 4.61416014990 	 0.00000000276 
0.04328761281 	 4.78119745364 	 0.00000000321 
0.04328761281 	 4.95428167815 	 -0.00000000093 
0.04328761281 	 5.13363172813 	 -0.00000000098 
0.04328761281 	 5.31947443285 	 -0.00000000022 
0.04328761281 	 5.51204483304 	 0.00000000191 
0.04328761281 	 5.71158647813 	 -0.00000000056 
0.04328761281 	 5.91835173430 	 -0.00000000056 
0.04328761281 	 6.13260210363 	 0.00000000332 
0.04328761281 	 6.35460855487 	 0.00000000089 
0.04328761281 	 6.58465186608 	 0.00000000129 
0.04328761281 	 6.82302297979 	 -0.00000000037 
0.04328761281 	 7.07002337096 	 -0.00000000014 
0.04328761281 	 7.32596542822 	 0.00000000110 
0.04328761281 	 7.59117284900 	 -0.00000000142 
0.04328761281 	 7.86598104892 	 0.00000000610 
0.04328761281 	 8.15073758597 	 -0.00000000634 
0.04328761281 	 8.44580260011 	 0.00000000004 
0.04328761281 	 8.75154926872 	 -0.00000000260 
0.04328761281 	 9.06836427859 	 -0.00000000321 
0.04328761281 	 9.39664831495 	 -0.00000000057 
0.04328761281 	 9.73681656828 	 -0.00000000327 
0.04328761281 	 10.08929925933 	 0.00000000315 
0.04328761281 	 10.45454218333 	 0.00000000232 
0.04328761281 	 10.83300727371 	 0.00000000259 
0.04328761281 	 11.22517318638 	 0.00000000314 
0.04328761281 	 11.63153590510 	 0.00000000507 
0.04328761281 	 12.05260936871 	 0.00000000860 
0.04328761281 	 12.48892612118 	 0.00000001317 
0.04328761281 	 12.94103798513 	 0.00000001999 
0.04328761281 	 13.40951675969 	 0.00000002276 
0.04328761281 	 13.89495494373 	 0.00000003196 
0.04328761281 	 14.39796648516 	 0.00000003559 
0.04328761281 	 14.91918755746 	 0.00000004456 
0.04328761281 	 15.45927736419 	 0.00000006155 
0.04328761281 	 16.01891897281 	 0.00000008267 
0.04328761281 	 16.59882017849 	 0.00000013111 
0.04328761281 	 17.19971439928 	 0.00000017734 
0.04328761281 	 17.82236160377 	 0.00000023702 
0.04328761281 	 18.46754927215 	 0.00000031075 
0.04328761281 	 19.13609339219 	 0.00000042023 
0.04328761281 	 19.82883949127 	 0.00000056568 
0.04328761281 	 20.54666370572 	 0.00000075973 
0.04328761281 	 21.29047388890 	 0.00000100169 
0.04328761281 	 22.06121075937 	 0.00000129025 
0.04328761281 	 22.85984909069 	 0.00000167531 
0.04328761281 	 23.68739894419 	 0.00000227979 
0.04328761281 	 24.54490694646 	 0.00000303379 
0.04328761281 	 25.43345761305 	 0.00000394377 
0.04328761281 	 26.35417472006 	 0.00000521961 
0.04328761281 	 27.30822272546 	 0.00000657336 
0.04328761281 	 28.29680824175 	 0.00000854165 
0.04328761281 	 29.32118156207 	 0.00001093708 
0.04328761281 	 30.38263824141 	 0.00001397447 
0.04328761281 	 31.48252073520 	 0.00001775958 
0.04328761281 	 32.62222009712 	 0.00002254759 
0.04328761281 	 33.80317773840 	 0.00002838941 
0.04328761281 	 35.02688725083 	 0.00003587092 
0.04328761281 	 36.29489629577 	 0.00004501279 
0.04328761281 	 37.60880856147 	 0.00005607303 
0.04328761281 	 38.97028579134 	 0.00006953518 
0.04328761281 	 40.38104988560 	 0.00008591378 
0.04328761281 	 41.84288507902 	 0.00010583283 
0.04328761281 	 43.35764019746 	 0.00012993170 
0.04328761281 	 44.92723099621 	 0.00015878605 
0.04328761281 	 46.55364258280 	 0.00019301258 
0.04328761281 	 48.23893192773 	 0.00023353851 
0.04328761281 	 49.98523046589 	 0.00028202828 
0.04328761281 	 51.79474679231 	 0.00033884299 
0.04328761281 	 53.66976945540 	 0.00040522346 
0.04328761281 	 55.61266985137 	 0.00048312638 
0.04328761281 	 57.62590522338 	 0.00057359511 
0.04328761281 	 59.71202176930 	 0.00067809107 
0.04328761281 	 61.87365786196 	 0.00079846200 
0.04328761281 	 64.11354738598 	 0.00093644707 
0.04328761281 	 66.43452319540 	 0.00109495427 
0.04328761281 	 68.83952069645 	 0.00127494685 
0.04328761281 	 71.33158156008 	 0.00147883068 
0.04328761281 	 73.91385756879 	 0.00170892287 
0.04328761281 	 76.58961460288 	 0.00196769891 
0.04328761281 	 79.36223677079 	 0.00225849151 
0.04328761281 	 82.23523068918 	 0.00258214448 
0.04328761281 	 85.21222991780 	 0.00294193869 
0.04328761281 	 88.29699955494 	 0.00334050892 
0.04328761281 	 91.49344099933 	 0.00378034642 
0.04328761281 	 94.80559688429 	 0.00426445054 
0.04328761281 	 98.23765619059 	 0.00479460597 
0.04328761281 	 101.79395954438 	 0.00537416795 
0.04328761281 	 105.47900470692 	 0.00600456070 
0.04328761281 	 109.29745226298 	 0.00668821827 
0.04328761281 	 113.25413151528 	 0.00742729955 
0.04328761281 	 117.35404659222 	 0.00822460059 
0.04328761281 	 121.60238277674 	 0.00908116309 
0.04328761281 	 126.00451306433 	 0.00999866650 
0.04328761281 	 130.56600495838 	 0.01097838419 
0.04328761281 	 135.29262751160 	 0.01202165226 
0.04328761281 	 140.19035862226 	 0.01312951888 
0.04328761281 	 145.26539259468 	 0.01430269560 
0.04328761281 	 150.52414797329 	 0.01554176552 
0.04328761281 	 155.97327566040 	 0.01684710396 
0.04328761281 	 161.61966732774 	 0.01821795425 
0.04328761281 	 167.47046413260 	 0.01965456921 
0.04328761281 	 173.53306574945 	 0.02115659050 
0.04328761281 	 179.81513972851 	 0.02272290916 
0.04328761281 	 186.32463119316 	 0.02435269245 
0.04328761281 	 193.06977288832 	 0.02604484324 
0.04328761281 	 200.05909559272 	 0.02779702380 
0.04328761281 	 207.30143890792 	 0.02960898411 
0.04328761281 	 214.80596243813 	 0.03147824485 
0.04328761281 	 222.58215737454 	 0.03340278469 
0.04328761281 	 230.63985849915 	 0.03538058827 
0.04328761281 	 238.98925662311 	 0.03740953332 
0.04328761281 	 247.64091147530 	 0.03948736516 
0.04328761281 	 256.60576505760 	 0.04161140209 
0.04328761281 	 265.89515548347 	 0.04378093899 
0.04328761281 	 275.52083131769 	 0.04599243481 
0.04328761281 	 285.49496643503 	 0.04824430410 
0.04328761281 	 295.83017541695 	 0.05053354541 
0.04328761281 	 306.53952950565 	 0.05285902324 
0.04328761281 	 317.63657313561 	 0.05521837588 
0.04328761281 	 329.13534106365 	 0.05760998303 
0.04328761281 	 341.05037611911 	 0.06003263013 
0.04328761281 	 353.39674759658 	 0.06248464791 
0.04328761281 	 366.19007031450 	 0.06496565265 
0.04328761281 	 379.44652436364 	 0.06747347708 
0.04328761281 	 393.18287557058 	 0.07000785095 
0.04328761281 	 407.41649670190 	 0.07256840189 
0.04328761281 	 422.16538943608 	 0.07515502935 
0.04328761281 	 437.44820713071 	 0.07776739475 
0.04328761281 	 453.28427841392 	 0.08040555283 
0.04328761281 	 469.69363162995 	 0.08307112983 
0.04328761281 	 486.69702016948 	 0.08576253542 
0.04328761281 	 504.31594871714 	 0.08848153525 
0.04328761281 	 522.57270044903 	 0.09122980320 
0.04328761281 	 541.49036521501 	 0.09400629768 
0.04328761281 	 561.09286874100 	 0.09681337902 
0.04328761281 	 581.40500288865 	 0.09965220198 
0.04328761281 	 602.45245701027 	 0.10252420962 
0.04328761281 	 624.26185043890 	 0.10542959722 
0.04328761281 	 646.86076615463 	 0.10837081062 
0.04328761281 	 670.27778566954 	 0.11134792449 
0.04328761281 	 694.54252517561 	 0.11436219122 
0.04328761281 	 719.68567300115 	 0.11741687720 
0.04328761281 	 745.73902842330 	 0.12051163373 
0.04328761281 	 772.73554188543 	 0.12364892411 
0.04328761281 	 800.70935667059 	 0.12682874331 
0.04328761281 	 829.69585208349 	 0.13005276094 
0.04328761281 	 859.73168819576 	 0.13332237133 
0.04328761281 	 890.85485221102 	 0.13663816900 
0.04328761281 	 923.10470650840 	 0.14000358417 
0.04328761281 	 956.52203842531 	 0.14341679383 
0.04328761281 	 991.14911184236 	 0.14688025481 
0.04328761281 	 1027.02972063577 	 0.15039483253 
0.04328761281 	 1064.20924406472 	 0.15396257326 
0.04328761281 	 1102.73470416390 	 0.15758320645 
0.04328761281 	 1142.65482521357 	 0.16125842293 
0.04328761281 	 1184.02009536266 	 0.16498982408 
0.04328761281 	 1226.88283048257 	 0.16877817832 
0.04328761281 	 1271.29724033264 	 0.17262280719 
0.04328761281 	 1317.31949712075 	 0.17652576084 
0.04328761281 	 1365.00780654601 	 0.18048830901 
0.04328761281 	 1414.42248141323 	 0.18451187755 
0.04328761281 	 1465.62601791225 	 0.18859738925 
0.04328761281 	 1518.68317465873 	 0.19274424507 
0.04328761281 	 1573.66105459626 	 0.19695328272 
0.04328761281 	 1630.62918986345 	 0.20122655175 
0.04328761281 	 1689.65962973324 	 0.20556679947 
0.04328761281 	 1750.82703173573 	 0.20997396214 
0.04328761281 	 1814.20875607977 	 0.21444594319 
0.04328761281 	 1879.88496349267 	 0.21898580967 
0.04328761281 	 1947.93871660183 	 0.22359540722 
0.04328761281 	 2018.45608498650 	 0.22827346902 
0.04328761281 	 2091.52625403246 	 0.23302190192 
0.04328761281 	 2167.24163772744 	 0.23784114877 
0.04328761281 	 2245.69799553977 	 0.24273199650 
0.04328761281 	 2326.99455352823 	 0.24769657036 
0.04328761281 	 2411.23412983612 	 0.25273562110 
0.04328761281 	 2498.52326472839 	 0.25784870588 
0.04328761281 	 2588.97235533627 	 0.26303594221 
0.04328761281 	 2682.69579527972 	 0.26829972884 
0.04328761281 	 2779.81211934445 	 0.27363918556 
0.04328761281 	 2880.44415339630 	 0.27905566681 
0.04328761281 	 2984.71916972271 	 0.28454961276 
0.04328761281 	 3092.76904799777 	 0.29012166555 
0.04328761281 	 3204.73044207429 	 0.29577141756 
0.04328761281 	 3320.74495281390 	 0.30150512790 
0.04328761281 	 3440.95930717388 	 0.30731522834 
0.04328761281 	 3565.52554377701 	 0.31320659292 
0.04328761281 	 3694.60120519930 	 0.31917821606 
0.04328761281 	 3828.34953721869 	 0.32523108199 
0.04328761281 	 3966.93969527677 	 0.33136469779 
0.04328761281 	 4110.54695841470 	 0.33757952459 
0.04328761281 	 4259.35295095366 	 0.34387637295 
0.04328761281 	 4413.54587220053 	 0.35025650017 
0.04328761281 	 4573.32073446906 	 0.35671563540 
0.04328761281 	 4738.87960971766 	 0.36326277593 
0.04328761281 	 4910.43188511573 	 0.36988878114 
0.04328761281 	 5088.19452786179 	 0.37659587471 
0.04328761281 	 5272.39235958825 	 0.38338475709 
0.04328761281 	 5463.25834069991 	 0.39025600990 
0.04328761281 	 5661.03386500583 	 0.39720719315 
0.04328761281 	 5865.96906501720 	 0.40423696892 
0.04328761281 	 6078.32312829723 	 0.41135141462 
0.04328761281 	 6298.36462526327 	 0.41854488989 
0.04328761281 	 6526.37184885573 	 0.42581636747 
0.04328761281 	 6762.63316650331 	 0.43316564620 
0.04328761281 	 7007.44738482975 	 0.44059105087 
0.04328761281 	 7261.12412756334 	 0.44809114766 
0.04328761281 	 7523.98422712716 	 0.45566708102 
0.04328761281 	 7796.36013040524 	 0.46331662417 
0.04328761281 	 8078.59631919787 	 0.47104014536 
0.04328761281 	 8371.04974589791 	 0.47883434723 
0.04328761281 	 8674.09028493891 	 0.48669540802 
0.04328761281 	 8988.10120058618 	 0.49462338400 
0.04328761281 	 9313.47963166233 	 0.50261568291 
0.04328761281 	 9650.63709382046 	 0.51067316170 
0.04328761281 	 10000.00000000000 	 0.51879139288 
