0.05722367659 	 0.00000000000 	 -0.00000000271 
0.05722367659 	 0.01000000000 	 -0.00000000266 
0.05722367659 	 0.02000000000 	 -0.00000000219 
0.05722367659 	 0.03000000000 	 -0.00000000216 
0.05722367659 	 0.04000000000 	 -0.00000000213 
0.05722367659 	 0.05000000000 	 -0.00000000210 
0.05722367659 	 0.06000000000 	 -0.00000000208 
0.05722367659 	 0.07000000000 	 -0.00000000205 
0.05722367659 	 0.08000000000 	 0.00000001851 
0.05722367659 	 0.09000000000 	 0.00000001854 
0.05722367659 	 0.10000000000 	 0.00000001856 
0.05722367659 	 0.11000000000 	 0.00000001859 
0.05722367659 	 0.12000000000 	 0.00000001861 
0.05722367659 	 0.13000000000 	 0.00000000585 
0.05722367659 	 0.14000000000 	 0.00000000580 
0.05722367659 	 0.15000000000 	 0.00000000576 
0.05722367659 	 0.16000000000 	 0.00000002217 
0.05722367659 	 0.17000000000 	 0.00000002219 
0.05722367659 	 0.18000000000 	 0.00000002222 
0.05722367659 	 0.19000000000 	 0.00000002225 
0.05722367659 	 0.20000000000 	 0.00000002229 
0.05722367659 	 0.21000000000 	 0.00000001742 
0.05722367659 	 0.22000000000 	 0.00000001854 
0.05722367659 	 0.23000000000 	 0.00000001743 
0.05722367659 	 0.24000000000 	 0.00000001751 
0.05722367659 	 0.25000000000 	 0.00000002097 
0.05722367659 	 0.26000000000 	 0.00000001423 
0.05722367659 	 0.27000000000 	 0.00000001430 
0.05722367659 	 0.28000000000 	 0.00000001436 
0.05722367659 	 0.29000000000 	 0.00000001435 
0.05722367659 	 0.30000000000 	 0.00000001434 
0.05722367659 	 0.31000000000 	 0.00000001438 
0.05722367659 	 0.32000000000 	 0.00000001449 
0.05722367659 	 0.33000000000 	 0.00000001469 
0.05722367659 	 0.34000000000 	 0.00000001867 
0.05722367659 	 0.35000000000 	 0.00000001952 
0.05722367659 	 0.36000000000 	 -0.00000000350 
0.05722367659 	 0.37000000000 	 -0.00000000009 
0.05722367659 	 0.38000000000 	 -0.00000000009 
0.05722367659 	 0.39000000000 	 -0.00000000009 
0.05722367659 	 0.40000000000 	 0.00000000941 
0.05722367659 	 0.41000000000 	 0.00000000970 
0.05722367659 	 0.42000000000 	 0.00000001360 
0.05722367659 	 0.43000000000 	 0.00000001378 
0.05722367659 	 0.44000000000 	 0.00000001396 
0.05722367659 	 0.45000000000 	 0.00000001408 
0.05722367659 	 0.46000000000 	 0.00000001500 
0.05722367659 	 0.47000000000 	 0.00000001510 
0.05722367659 	 0.48000000000 	 0.00000001526 
0.05722367659 	 0.49000000000 	 0.00000001543 
0.05722367659 	 0.50000000000 	 0.00000001376 
0.05722367659 	 0.51000000000 	 0.00000000134 
0.05722367659 	 0.52000000000 	 0.00000000135 
0.05722367659 	 0.53000000000 	 0.00000000133 
0.05722367659 	 0.54000000000 	 0.00000000131 
0.05722367659 	 0.55000000000 	 0.00000000131 
0.05722367659 	 0.56000000000 	 0.00000000129 
0.05722367659 	 0.57000000000 	 0.00000000126 
0.05722367659 	 0.58000000000 	 0.00000000126 
0.05722367659 	 0.59000000000 	 0.00000000008 
0.05722367659 	 0.60000000000 	 0.00000000008 
0.05722367659 	 0.61000000000 	 0.00000000008 
0.05722367659 	 0.62000000000 	 0.00000001421 
0.05722367659 	 0.63000000000 	 0.00000001412 
0.05722367659 	 0.64000000000 	 0.00000000886 
0.05722367659 	 0.65000000000 	 0.00000000880 
0.05722367659 	 0.66000000000 	 -0.00000000359 
0.05722367659 	 0.67000000000 	 -0.00000000360 
0.05722367659 	 0.68000000000 	 -0.00000000362 
0.05722367659 	 0.69000000000 	 -0.00000000364 
0.05722367659 	 0.70000000000 	 -0.00000000367 
0.05722367659 	 0.71000000000 	 -0.00000000067 
0.05722367659 	 0.72000000000 	 -0.00000000066 
0.05722367659 	 0.73000000000 	 -0.00000000067 
0.05722367659 	 0.74000000000 	 -0.00000000067 
0.05722367659 	 0.75000000000 	 -0.00000000097 
0.05722367659 	 0.76000000000 	 -0.00000000012 
0.05722367659 	 0.77000000000 	 -0.00000000013 
0.05722367659 	 0.78000000000 	 -0.00000000013 
0.05722367659 	 0.79000000000 	 -0.00000000013 
0.05722367659 	 0.80000000000 	 -0.00000000014 
0.05722367659 	 0.81000000000 	 -0.00000000000 
0.05722367659 	 0.82000000000 	 -0.00000000485 
0.05722367659 	 0.83000000000 	 -0.00000000492 
0.05722367659 	 0.84000000000 	 -0.00000000503 
0.05722367659 	 0.85000000000 	 -0.00000000509 
0.05722367659 	 0.86000000000 	 -0.00000000515 
0.05722367659 	 0.87000000000 	 -0.00000000518 
0.05722367659 	 0.88000000000 	 -0.00000000533 
0.05722367659 	 0.89000000000 	 -0.00000000537 
0.05722367659 	 0.90000000000 	 -0.00000000543 
0.05722367659 	 0.91000000000 	 -0.00000000549 
0.05722367659 	 0.92000000000 	 -0.00000000554 
0.05722367659 	 0.93000000000 	 -0.00000000560 
0.05722367659 	 0.94000000000 	 -0.00000000566 
0.05722367659 	 0.95000000000 	 0.00000001241 
0.05722367659 	 0.96000000000 	 0.00000001013 
0.05722367659 	 0.97000000000 	 -0.00000000308 
0.05722367659 	 0.98000000000 	 -0.00000000281 
0.05722367659 	 0.99000000000 	 -0.00000000317 
0.05722367659 	 1.00000000000 	 -0.00000000314 
0.05722367659 	 1.03620101997 	 -0.00000000306 
0.05722367659 	 1.07371255379 	 -0.00000000297 
0.05722367659 	 1.11258204340 	 -0.00000000219 
0.05722367659 	 1.15285864817 	 -0.00000000182 
0.05722367659 	 1.19459330712 	 0.00000000230 
0.05722367659 	 1.23783880329 	 0.00000000218 
0.05722367659 	 1.28264983053 	 0.00000000043 
0.05722367659 	 1.32908306266 	 -0.00000000111 
0.05722367659 	 1.37719722516 	 0.00000000887 
0.05722367659 	 1.42705316941 	 0.00000000628 
0.05722367659 	 1.47871394970 	 -0.00000000089 
0.05722367659 	 1.53224490292 	 0.00000000833 
0.05722367659 	 1.58771373126 	 0.00000000534 
0.05722367659 	 1.64519058775 	 -0.00000000004 
0.05722367659 	 1.70474816508 	 0.00000001482 
0.05722367659 	 1.76646178745 	 0.00000000135 
0.05722367659 	 1.83040950590 	 0.00000000105 
0.05722367659 	 1.89667219698 	 0.00000000132 
0.05722367659 	 1.96533366506 	 0.00000000113 
0.05722367659 	 2.03648074833 	 0.00000000116 
0.05722367659 	 2.11020342857 	 -0.00000000080 
0.05722367659 	 2.18659494503 	 0.00000000082 
0.05722367659 	 2.26575191231 	 0.00000000388 
0.05722367659 	 2.34777444254 	 0.00000000245 
0.05722367659 	 2.43276627202 	 -0.00000000632 
0.05722367659 	 2.52083489243 	 -0.00000000324 
0.05722367659 	 2.61209168671 	 -0.00000000206 
0.05722367659 	 2.70665207003 	 -0.00000000603 
0.05722367659 	 2.80463563568 	 -0.00000000217 
0.05722367659 	 2.90616630634 	 -0.00000000453 
0.05722367659 	 3.01137249084 	 -0.00000000541 
0.05722367659 	 3.12038724653 	 -0.00000001168 
0.05722367659 	 3.23334844756 	 -0.00000001233 
0.05722367659 	 3.35039895929 	 -0.00000001783 
0.05722367659 	 3.47168681893 	 -0.00000000740 
0.05722367659 	 3.59736542280 	 -0.00000000557 
0.05722367659 	 3.72759372031 	 -0.00000000653 
0.05722367659 	 3.86253641503 	 -0.00000001517 
0.05722367659 	 4.00236417294 	 -0.00000000979 
0.05722367659 	 4.14725383830 	 -0.00000000937 
0.05722367659 	 4.29738865733 	 -0.00000001066 
0.05722367659 	 4.45295850994 	 -0.00000000416 
0.05722367659 	 4.61416014990 	 -0.00000000691 
0.05722367659 	 4.78119745364 	 0.00000000656 
0.05722367659 	 4.95428167815 	 -0.00000001030 
0.05722367659 	 5.13363172813 	 -0.00000002059 
0.05722367659 	 5.31947443285 	 -0.00000000462 
0.05722367659 	 5.51204483304 	 -0.00000000570 
0.05722367659 	 5.71158647813 	 0.00000000107 
0.05722367659 	 5.91835173430 	 -0.00000001596 
0.05722367659 	 6.13260210363 	 -0.00000000778 
0.05722367659 	 6.35460855487 	 -0.00000002649 
0.05722367659 	 6.58465186608 	 0.00000003676 
0.05722367659 	 6.82302297979 	 0.00000000748 
0.05722367659 	 7.07002337096 	 0.00000002141 
0.05722367659 	 7.32596542822 	 0.00000003073 
0.05722367659 	 7.59117284900 	 0.00000001181 
0.05722367659 	 7.86598104892 	 0.00000001469 
0.05722367659 	 8.15073758597 	 0.00000001609 
0.05722367659 	 8.44580260011 	 0.00000002455 
0.05722367659 	 8.75154926872 	 0.00000006611 
0.05722367659 	 9.06836427859 	 0.00000008519 
0.05722367659 	 9.39664831495 	 0.00000006713 
0.05722367659 	 9.73681656828 	 0.00000008331 
0.05722367659 	 10.08929925933 	 0.00000009705 
0.05722367659 	 10.45454218333 	 0.00000012447 
0.05722367659 	 10.83300727371 	 0.00000015653 
0.05722367659 	 11.22517318638 	 0.00000020882 
0.05722367659 	 11.63153590510 	 0.00000027021 
0.05722367659 	 12.05260936871 	 0.00000034995 
0.05722367659 	 12.48892612118 	 0.00000044795 
0.05722367659 	 12.94103798513 	 0.00000059473 
0.05722367659 	 13.40951675969 	 0.00000075693 
0.05722367659 	 13.89495494373 	 0.00000098008 
0.05722367659 	 14.39796648516 	 0.00000125039 
0.05722367659 	 14.91918755746 	 0.00000162060 
0.05722367659 	 15.45927736419 	 0.00000205948 
0.05722367659 	 16.01891897281 	 0.00000258092 
0.05722367659 	 16.59882017849 	 0.00000330074 
0.05722367659 	 17.19971439928 	 0.00000418929 
0.05722367659 	 17.82236160377 	 0.00000532572 
0.05722367659 	 18.46754927215 	 0.00000672037 
0.05722367659 	 19.13609339219 	 0.00000843477 
0.05722367659 	 19.82883949127 	 0.00001059631 
0.05722367659 	 20.54666370572 	 0.00001337042 
0.05722367659 	 21.29047388890 	 0.00001664746 
0.05722367659 	 22.06121075937 	 0.00002067020 
0.05722367659 	 22.85984909069 	 0.00002571030 
0.05722367659 	 23.68739894419 	 0.00003181412 
0.05722367659 	 24.54490694646 	 0.00003937851 
0.05722367659 	 25.43345761305 	 0.00004844979 
0.05722367659 	 26.35417472006 	 0.00005940714 
0.05722367659 	 27.30822272546 	 0.00007284957 
0.05722367659 	 28.29680824175 	 0.00008888124 
0.05722367659 	 29.32118156207 	 0.00010793992 
0.05722367659 	 30.38263824141 	 0.00013070002 
0.05722367659 	 31.48252073520 	 0.00015774051 
0.05722367659 	 32.62222009712 	 0.00018995792 
0.05722367659 	 33.80317773840 	 0.00022794618 
0.05722367659 	 35.02688725083 	 0.00027237737 
0.05722367659 	 36.29489629577 	 0.00032431066 
0.05722367659 	 37.60880856147 	 0.00038485948 
0.05722367659 	 38.97028579134 	 0.00045544279 
0.05722367659 	 40.38104988560 	 0.00053684675 
0.05722367659 	 41.84288507902 	 0.00063103029 
0.05722367659 	 43.35764019746 	 0.00073912122 
0.05722367659 	 44.92723099621 	 0.00086271952 
0.05722367659 	 46.55364258280 	 0.00100359864 
0.05722367659 	 48.23893192773 	 0.00116351707 
0.05722367659 	 49.98523046589 	 0.00134507702 
0.05722367659 	 51.79474679231 	 0.00154938195 
0.05722367659 	 53.66976945540 	 0.00177909538 
0.05722367659 	 55.61266985137 	 0.00203629421 
0.05722367659 	 57.62590522338 	 0.00232330405 
0.05722367659 	 59.71202176930 	 0.00264327655 
0.05722367659 	 61.87365786196 	 0.00299705510 
0.05722367659 	 64.11354738598 	 0.00338786689 
0.05722367659 	 66.43452319540 	 0.00381827180 
0.05722367659 	 68.83952069645 	 0.00429044678 
0.05722367659 	 71.33158156008 	 0.00480741485 
0.05722367659 	 73.91385756879 	 0.00537072425 
0.05722367659 	 76.58961460288 	 0.00598366477 
0.05722367659 	 79.36223677079 	 0.00664705152 
0.05722367659 	 82.23523068918 	 0.00736362904 
0.05722367659 	 85.21222991780 	 0.00813582598 
0.05722367659 	 88.29699955494 	 0.00896488435 
0.05722367659 	 91.49344099933 	 0.00985308063 
0.05722367659 	 94.80559688429 	 0.01080143422 
0.05722367659 	 98.23765619059 	 0.01181102194 
0.05722367659 	 101.79395954438 	 0.01288322147 
0.05722367659 	 105.47900470692 	 0.01401870667 
0.05722367659 	 109.29745226298 	 0.01521847296 
0.05722367659 	 113.25413151528 	 0.01648279519 
0.05722367659 	 117.35404659222 	 0.01781200628 
0.05722367659 	 121.60238277674 	 0.01920526574 
0.05722367659 	 126.00451306433 	 0.02066266826 
0.05722367659 	 130.56600495838 	 0.02218406107 
0.05722367659 	 135.29262751160 	 0.02376816851 
0.05722367659 	 140.19035862226 	 0.02541433456 
0.05722367659 	 145.26539259468 	 0.02712119525 
0.05722367659 	 150.52414797329 	 0.02888667203 
0.05722367659 	 155.97327566040 	 0.03071032041 
0.05722367659 	 161.61966732774 	 0.03258972205 
0.05722367659 	 167.47046413260 	 0.03452342595 
0.05722367659 	 173.53306574945 	 0.03650884552 
0.05722367659 	 179.81513972851 	 0.03854414098 
0.05722367659 	 186.32463119316 	 0.04062709168 
0.05722367659 	 193.06977288832 	 0.04275551826 
0.05722367659 	 200.05909559272 	 0.04492771265 
0.05722367659 	 207.30143890792 	 0.04714124557 
0.05722367659 	 214.80596243813 	 0.04939421652 
0.05722367659 	 222.58215737454 	 0.05168405208 
0.05722367659 	 230.63985849915 	 0.05400909684 
0.05722367659 	 238.98925662311 	 0.05636747826 
0.05722367659 	 247.64091147530 	 0.05875743775 
0.05722367659 	 256.60576505760 	 0.06117780961 
0.05722367659 	 265.89515548347 	 0.06362758590 
0.05722367659 	 275.52083131769 	 0.06610569002 
0.05722367659 	 285.49496643503 	 0.06861022781 
0.05722367659 	 295.83017541695 	 0.07114098085 
0.05722367659 	 306.53952950565 	 0.07369781416 
0.05722367659 	 317.63657313561 	 0.07628030684 
0.05722367659 	 329.13534106365 	 0.07888817514 
0.05722367659 	 341.05037611911 	 0.08152204143 
0.05722367659 	 353.39674759658 	 0.08418267999 
0.05722367659 	 366.19007031450 	 0.08686959778 
0.05722367659 	 379.44652436364 	 0.08958303666 
0.05722367659 	 393.18287557058 	 0.09232584181 
0.05722367659 	 407.41649670190 	 0.09509688779 
0.05722367659 	 422.16538943608 	 0.09789786490 
0.05722367659 	 437.44820713071 	 0.10073099652 
0.05722367659 	 453.28427841392 	 0.10359664867 
0.05722367659 	 469.69363162995 	 0.10649556987 
0.05722367659 	 486.69702016948 	 0.10943006389 
0.05722367659 	 504.31594871714 	 0.11240024710 
0.05722367659 	 522.57270044903 	 0.11540712368 
0.05722367659 	 541.49036521501 	 0.11845425413 
0.05722367659 	 561.09286874100 	 0.12154102450 
0.05722367659 	 581.40500288865 	 0.12467057002 
0.05722367659 	 602.45245701027 	 0.12784178029 
0.05722367659 	 624.26185043890 	 0.13105731741 
0.05722367659 	 646.86076615463 	 0.13431772421 
0.05722367659 	 670.27778566954 	 0.13762470938 
0.05722367659 	 694.54252517561 	 0.14098010351 
0.05722367659 	 719.68567300115 	 0.14438337312 
0.05722367659 	 745.73902842330 	 0.14783655036 
0.05722367659 	 772.73554188543 	 0.15134058937 
0.05722367659 	 800.70935667059 	 0.15489753525 
0.05722367659 	 829.69585208349 	 0.15850704188 
0.05722367659 	 859.73168819576 	 0.16216917276 
0.05722367659 	 890.85485221102 	 0.16588974168 
0.05722367659 	 923.10470650840 	 0.16966572508 
0.05722367659 	 956.52203842531 	 0.17349771093 
0.05722367659 	 991.14911184236 	 0.17738761516 
0.05722367659 	 1027.02972063577 	 0.18133699725 
0.05722367659 	 1064.20924406472 	 0.18534681705 
0.05722367659 	 1102.73470416390 	 0.18941842653 
0.05722367659 	 1142.65482521357 	 0.19355110560 
0.05722367659 	 1184.02009536266 	 0.19774590343 
0.05722367659 	 1226.88283048257 	 0.20200457781 
0.05722367659 	 1271.29724033264 	 0.20632942043 
0.05722367659 	 1317.31949712075 	 0.21072062105 
0.05722367659 	 1365.00780654601 	 0.21517682331 
0.05722367659 	 1414.42248141323 	 0.21969961356 
0.05722367659 	 1465.62601791225 	 0.22429320823 
0.05722367659 	 1518.68317465873 	 0.22895429193 
0.05722367659 	 1573.66105459626 	 0.23368530739 
0.05722367659 	 1630.62918986345 	 0.23848685523 
0.05722367659 	 1689.65962973324 	 0.24336039802 
0.05722367659 	 1750.82703173573 	 0.24830515432 
0.05722367659 	 1814.20875607977 	 0.25332568951 
0.05722367659 	 1879.88496349267 	 0.25842130554 
0.05722367659 	 1947.93871660183 	 0.26358872567 
0.05722367659 	 2018.45608498650 	 0.26883335380 
0.05722367659 	 2091.52625403246 	 0.27415301012 
0.05722367659 	 2167.24163772744 	 0.27954933814 
0.05722367659 	 2245.69799553977 	 0.28502282573 
0.05722367659 	 2326.99455352823 	 0.29057390038 
0.05722367659 	 2411.23412983612 	 0.29620166456 
0.05722367659 	 2498.52326472839 	 0.30191491955 
0.05722367659 	 2588.97235533627 	 0.30770326261 
0.05722367659 	 2682.69579527972 	 0.31357214809 
0.05722367659 	 2779.81211934445 	 0.31952276291 
0.05722367659 	 2880.44415339630 	 0.32555307717 
0.05722367659 	 2984.71916972271 	 0.33166397073 
0.05722367659 	 3092.76904799777 	 0.33785548177 
0.05722367659 	 3204.73044207429 	 0.34412974269 
0.05722367659 	 3320.74495281390 	 0.35048608143 
0.05722367659 	 3440.95930717388 	 0.35692283619 
0.05722367659 	 3565.52554377701 	 0.36344513278 
0.05722367659 	 3694.60120519930 	 0.37004644424 
0.05722367659 	 3828.34953721869 	 0.37673057283 
0.05722367659 	 3966.93969527677 	 0.38349492103 
0.05722367659 	 4110.54695841470 	 0.39034153484 
0.05722367659 	 4259.35295095366 	 0.39726778653 
0.05722367659 	 4413.54587220053 	 0.40427391428 
0.05722367659 	 4573.32073446906 	 0.41136265882 
0.05722367659 	 4738.87960971766 	 0.41853074421 
0.05722367659 	 4910.43188511573 	 0.42577669752 
0.05722367659 	 5088.19452786179 	 0.43310167395 
0.05722367659 	 5272.39235958825 	 0.44050192088 
0.05722367659 	 5463.25834069991 	 0.44797706704 
0.05722367659 	 5661.03386500583 	 0.45552781213 
0.05722367659 	 5865.96906501720 	 0.46315235131 
0.05722367659 	 6078.32312829723 	 0.47085055641 
0.05722367659 	 6298.36462526327 	 0.47861935813 
0.05722367659 	 6526.37184885573 	 0.48645542145 
0.05722367659 	 6762.63316650331 	 0.49435848518 
0.05722367659 	 7007.44738482975 	 0.50232745865 
0.05722367659 	 7261.12412756334 	 0.51035973329 
0.05722367659 	 7523.98422712716 	 0.51845342607 
0.05722367659 	 7796.36013040524 	 0.52660584174 
0.05722367659 	 8078.59631919787 	 0.53481474121 
0.05722367659 	 8371.04974589791 	 0.54307783859 
0.05722367659 	 8674.09028493891 	 0.55139002163 
0.05722367659 	 8988.10120058618 	 0.55975034534 
0.05722367659 	 9313.47963166233 	 0.56815507452 
0.05722367659 	 9650.63709382046 	 0.57660088652 
0.05722367659 	 10000.00000000000 	 0.58508524588 
