0.46415888336 	 0.00000000000 	 0.01190309000 
0.46415888336 	 0.01000000000 	 0.01237003548 
0.46415888336 	 0.02000000000 	 0.01284207923 
0.46415888336 	 0.03000000000 	 0.01330601608 
0.46415888336 	 0.04000000000 	 0.01377995403 
0.46415888336 	 0.05000000000 	 0.01424534960 
0.46415888336 	 0.06000000000 	 0.01472861498 
0.46415888336 	 0.07000000000 	 0.01520559813 
0.46415888336 	 0.08000000000 	 0.01568254250 
0.46415888336 	 0.09000000000 	 0.01616118749 
0.46415888336 	 0.10000000000 	 0.01663983460 
0.46415888336 	 0.11000000000 	 0.01711994762 
0.46415888336 	 0.12000000000 	 0.01759996631 
0.46415888336 	 0.13000000000 	 0.01808021314 
0.46415888336 	 0.14000000000 	 0.01855729427 
0.46415888336 	 0.15000000000 	 0.01904228112 
0.46415888336 	 0.16000000000 	 0.01952350229 
0.46415888336 	 0.17000000000 	 0.02000380534 
0.46415888336 	 0.18000000000 	 0.02048424312 
0.46415888336 	 0.19000000000 	 0.02096663252 
0.46415888336 	 0.20000000000 	 0.02144636619 
0.46415888336 	 0.21000000000 	 0.02191207058 
0.46415888336 	 0.22000000000 	 0.02239321069 
0.46415888336 	 0.23000000000 	 0.02287165076 
0.46415888336 	 0.24000000000 	 0.02336773136 
0.46415888336 	 0.25000000000 	 0.02384647488 
0.46415888336 	 0.26000000000 	 0.02432416549 
0.46415888336 	 0.27000000000 	 0.02480139657 
0.46415888336 	 0.28000000000 	 0.02527933753 
0.46415888336 	 0.29000000000 	 0.02574758572 
0.46415888336 	 0.30000000000 	 0.02623402346 
0.46415888336 	 0.31000000000 	 0.02670503799 
0.46415888336 	 0.32000000000 	 0.02717896428 
0.46415888336 	 0.33000000000 	 0.02765556148 
0.46415888336 	 0.34000000000 	 0.02812946263 
0.46415888336 	 0.35000000000 	 0.02859979608 
0.46415888336 	 0.36000000000 	 0.02907123835 
0.46415888336 	 0.37000000000 	 0.02953856615 
0.46415888336 	 0.38000000000 	 0.03001001487 
0.46415888336 	 0.39000000000 	 0.03047947841 
0.46415888336 	 0.40000000000 	 0.03094684431 
0.46415888336 	 0.41000000000 	 0.03141008557 
0.46415888336 	 0.42000000000 	 0.03187072784 
0.46415888336 	 0.43000000000 	 0.03233891486 
0.46415888336 	 0.44000000000 	 0.03280134550 
0.46415888336 	 0.45000000000 	 0.03326028891 
0.46415888336 	 0.46000000000 	 0.03371988612 
0.46415888336 	 0.47000000000 	 0.03417795812 
0.46415888336 	 0.48000000000 	 0.03463592217 
0.46415888336 	 0.49000000000 	 0.03509327246 
0.46415888336 	 0.50000000000 	 0.03554540950 
0.46415888336 	 0.51000000000 	 0.03599794261 
0.46415888336 	 0.52000000000 	 0.03645025371 
0.46415888336 	 0.53000000000 	 0.03690176692 
0.46415888336 	 0.54000000000 	 0.03735204709 
0.46415888336 	 0.55000000000 	 0.03780056475 
0.46415888336 	 0.56000000000 	 0.03824821223 
0.46415888336 	 0.57000000000 	 0.03869423816 
0.46415888336 	 0.58000000000 	 0.03912501574 
0.46415888336 	 0.59000000000 	 0.03958358551 
0.46415888336 	 0.60000000000 	 0.04002542618 
0.46415888336 	 0.61000000000 	 0.04046739570 
0.46415888336 	 0.62000000000 	 0.04090628920 
0.46415888336 	 0.63000000000 	 0.04134537800 
0.46415888336 	 0.64000000000 	 0.04178213779 
0.46415888336 	 0.65000000000 	 0.04221203720 
0.46415888336 	 0.66000000000 	 0.04264910219 
0.46415888336 	 0.67000000000 	 0.04306920113 
0.46415888336 	 0.68000000000 	 0.04351017070 
0.46415888336 	 0.69000000000 	 0.04393767613 
0.46415888336 	 0.70000000000 	 0.04436404625 
0.46415888336 	 0.71000000000 	 0.04479045737 
0.46415888336 	 0.72000000000 	 0.04521657674 
0.46415888336 	 0.73000000000 	 0.04561815662 
0.46415888336 	 0.74000000000 	 0.04605839358 
0.46415888336 	 0.75000000000 	 0.04647722108 
0.46415888336 	 0.76000000000 	 0.04689602253 
0.46415888336 	 0.77000000000 	 0.04731349175 
0.46415888336 	 0.78000000000 	 0.04773029400 
0.46415888336 	 0.79000000000 	 0.04814462630 
0.46415888336 	 0.80000000000 	 0.04856534779 
0.46415888336 	 0.81000000000 	 0.04897009877 
0.46415888336 	 0.82000000000 	 0.04938328859 
0.46415888336 	 0.83000000000 	 0.04979204426 
0.46415888336 	 0.84000000000 	 0.05019830922 
0.46415888336 	 0.85000000000 	 0.05060532296 
0.46415888336 	 0.86000000000 	 0.05101010486 
0.46415888336 	 0.87000000000 	 0.05141347794 
0.46415888336 	 0.88000000000 	 0.05181301328 
0.46415888336 	 0.89000000000 	 0.05220866211 
0.46415888336 	 0.90000000000 	 0.05260730401 
0.46415888336 	 0.91000000000 	 0.05300271451 
0.46415888336 	 0.92000000000 	 0.05340343715 
0.46415888336 	 0.93000000000 	 0.05380132740 
0.46415888336 	 0.94000000000 	 0.05419658262 
0.46415888336 	 0.95000000000 	 0.05458755055 
0.46415888336 	 0.96000000000 	 0.05497815738 
0.46415888336 	 0.97000000000 	 0.05536835263 
0.46415888336 	 0.98000000000 	 0.05575363136 
0.46415888336 	 0.99000000000 	 0.05613971650 
0.46415888336 	 1.00000000000 	 0.05652452477 
0.46415888336 	 1.03620101997 	 0.05789027667 
0.46415888336 	 1.07371255379 	 0.05931448762 
0.46415888336 	 1.11258204340 	 0.06075411554 
0.46415888336 	 1.15285864817 	 0.06222579968 
0.46415888336 	 1.19459330712 	 0.06372849404 
0.46415888336 	 1.23783880329 	 0.06526037320 
0.46415888336 	 1.28264983053 	 0.06681170363 
0.46415888336 	 1.32908306266 	 0.06840619380 
0.46415888336 	 1.37719722516 	 0.07002684104 
0.46415888336 	 1.42705316941 	 0.07168680705 
0.46415888336 	 1.47871394970 	 0.07336609905 
0.46415888336 	 1.53224490292 	 0.07507566457 
0.46415888336 	 1.58771373126 	 0.07680374207 
0.46415888336 	 1.64519058775 	 0.07856714026 
0.46415888336 	 1.70474816508 	 0.08035870223 
0.46415888336 	 1.76646178745 	 0.08217354487 
0.46415888336 	 1.83040950590 	 0.08402895914 
0.46415888336 	 1.89667219698 	 0.08589852684 
0.46415888336 	 1.96533366506 	 0.08778621964 
0.46415888336 	 2.03648074833 	 0.08971481720 
0.46415888336 	 2.11020342857 	 0.09166110243 
0.46415888336 	 2.18659494503 	 0.09362388558 
0.46415888336 	 2.26575191231 	 0.09562772168 
0.46415888336 	 2.34777444254 	 0.09763992532 
0.46415888336 	 2.43276627202 	 0.09967659396 
0.46415888336 	 2.52083489243 	 0.10174668750 
0.46415888336 	 2.61209168671 	 0.10383553611 
0.46415888336 	 2.70665207003 	 0.10594724532 
0.46415888336 	 2.80463563568 	 0.10809025024 
0.46415888336 	 2.90616630634 	 0.11023727689 
0.46415888336 	 3.01137249084 	 0.11241947484 
0.46415888336 	 3.12038724653 	 0.11462488272 
0.46415888336 	 3.23334844756 	 0.11685319997 
0.46415888336 	 3.35039895929 	 0.11911018051 
0.46415888336 	 3.47168681893 	 0.12138431733 
0.46415888336 	 3.59736542280 	 0.12368677700 
0.46415888336 	 3.72759372031 	 0.12601507260 
0.46415888336 	 3.86253641503 	 0.12836993347 
0.46415888336 	 4.00236417294 	 0.13076139213 
0.46415888336 	 4.14725383830 	 0.13315810516 
0.46415888336 	 4.29738865733 	 0.13559463651 
0.46415888336 	 4.45295850994 	 0.13805961259 
0.46415888336 	 4.61416014990 	 0.14056431737 
0.46415888336 	 4.78119745364 	 0.14307873358 
0.46415888336 	 4.95428167815 	 0.14563609564 
0.46415888336 	 5.13363172813 	 0.14822514072 
0.46415888336 	 5.31947443285 	 0.15084715301 
0.46415888336 	 5.51204483304 	 0.15350381785 
0.46415888336 	 5.71158647813 	 0.15619415125 
0.46415888336 	 5.91835173430 	 0.15892217648 
0.46415888336 	 6.13260210363 	 0.16168623594 
0.46415888336 	 6.35460855487 	 0.16448999287 
0.46415888336 	 6.58465186608 	 0.16733103708 
0.46415888336 	 6.82302297979 	 0.17021362722 
0.46415888336 	 7.07002337096 	 0.17313627556 
0.46415888336 	 7.32596542822 	 0.17609886348 
0.46415888336 	 7.59117284900 	 0.17910635778 
0.46415888336 	 7.86598104892 	 0.18215562030 
0.46415888336 	 8.15073758597 	 0.18525170719 
0.46415888336 	 8.44580260011 	 0.18839223736 
0.46415888336 	 8.75154926872 	 0.19157943864 
0.46415888336 	 9.06836427859 	 0.19481201711 
0.46415888336 	 9.39664831495 	 0.19809500984 
0.46415888336 	 9.73681656828 	 0.20142597211 
0.46415888336 	 10.08929925933 	 0.20480512526 
0.46415888336 	 10.45454218333 	 0.20823939189 
0.46415888336 	 10.83300727371 	 0.21172307378 
0.46415888336 	 11.22517318638 	 0.21526168056 
0.46415888336 	 11.63153590510 	 0.21885182425 
0.46415888336 	 12.05260936871 	 0.22249483874 
0.46415888336 	 12.48892612118 	 0.22619431619 
0.46415888336 	 12.94103798513 	 0.22995156652 
0.46415888336 	 13.40951675969 	 0.23376611771 
0.46415888336 	 13.89495494373 	 0.23763864307 
0.46415888336 	 14.39796648516 	 0.24156793635 
0.46415888336 	 14.91918755746 	 0.24555752429 
0.46415888336 	 15.45927736419 	 0.24960832839 
0.46415888336 	 16.01891897281 	 0.25372073769 
0.46415888336 	 16.59882017849 	 0.25789535045 
0.46415888336 	 17.19971439928 	 0.26213186722 
0.46415888336 	 17.82236160377 	 0.26643190545 
0.46415888336 	 18.46754927215 	 0.27079766290 
0.46415888336 	 19.13609339219 	 0.27522883003 
0.46415888336 	 19.82883949127 	 0.27972699398 
0.46415888336 	 20.54666370572 	 0.28429072426 
0.46415888336 	 21.29047388890 	 0.28891948259 
0.46415888336 	 22.06121075937 	 0.29361942758 
0.46415888336 	 22.85984909069 	 0.29838936006 
0.46415888336 	 23.68739894419 	 0.30322782098 
0.46415888336 	 24.54490694646 	 0.30813992259 
0.46415888336 	 25.43345761305 	 0.31312060276 
0.46415888336 	 26.35417472006 	 0.31817536802 
0.46415888336 	 27.30822272546 	 0.32330100434 
0.46415888336 	 28.29680824175 	 0.32849949272 
0.46415888336 	 29.32118156207 	 0.33377138066 
0.46415888336 	 30.38263824141 	 0.33911638993 
0.46415888336 	 31.48252073520 	 0.34453891147 
0.46415888336 	 32.62222009712 	 0.35003715489 
0.46415888336 	 33.80317773840 	 0.35560884711 
0.46415888336 	 35.02688725083 	 0.36125645086 
0.46415888336 	 36.29489629577 	 0.36698025594 
0.46415888336 	 37.60880856147 	 0.37278064888 
0.46415888336 	 38.97028579134 	 0.37865749251 
0.46415888336 	 40.38104988560 	 0.38461182802 
0.46415888336 	 41.84288507902 	 0.39064181721 
0.46415888336 	 43.35764019746 	 0.39674926357 
0.46415888336 	 44.92723099621 	 0.40293429589 
0.46415888336 	 46.55364258280 	 0.40919638617 
0.46415888336 	 48.23893192773 	 0.41553515287 
0.46415888336 	 49.98523046589 	 0.42194772767 
0.46415888336 	 51.79474679231 	 0.42844303966 
0.46415888336 	 53.66976945540 	 0.43501055172 
0.46415888336 	 55.61266985137 	 0.44165376912 
0.46415888336 	 57.62590522338 	 0.44836651780 
0.46415888336 	 59.71202176930 	 0.45516172763 
0.46415888336 	 61.87365786196 	 0.46202987307 
0.46415888336 	 64.11354738598 	 0.46896963624 
0.46415888336 	 66.43452319540 	 0.47598103143 
0.46415888336 	 68.83952069645 	 0.48306664576 
0.46415888336 	 71.33158156008 	 0.49021852750 
0.46415888336 	 73.91385756879 	 0.49744122652 
0.46415888336 	 76.58961460288 	 0.50472834191 
0.46415888336 	 79.36223677079 	 0.51208291996 
0.46415888336 	 82.23523068918 	 0.51950120795 
0.46415888336 	 85.21222991780 	 0.52698354418 
0.46415888336 	 88.29699955494 	 0.53452544724 
0.46415888336 	 91.49344099933 	 0.54212536126 
0.46415888336 	 94.80559688429 	 0.54978344943 
0.46415888336 	 98.23765619059 	 0.55749470329 
0.46415888336 	 101.79395954438 	 0.56525744527 
0.46415888336 	 105.47900470692 	 0.57306977446 
0.46415888336 	 109.29745226298 	 0.58092907842 
0.46415888336 	 113.25413151528 	 0.58883242691 
0.46415888336 	 117.35404659222 	 0.59677599193 
0.46415888336 	 121.60238277674 	 0.60475603490 
0.46415888336 	 126.00451306433 	 0.61277048386 
0.46415888336 	 130.56600495838 	 0.62081557492 
0.46415888336 	 135.29262751160 	 0.62888737360 
0.46415888336 	 140.19035862226 	 0.63698247708 
0.46415888336 	 145.26539259468 	 0.64509574219 
0.46415888336 	 150.52414797329 	 0.65322413045 
0.46415888336 	 155.97327566040 	 0.66136296806 
0.46415888336 	 161.61966732774 	 0.66950758460 
0.46415888336 	 167.47046413260 	 0.67765317125 
0.46415888336 	 173.53306574945 	 0.68579587677 
0.46415888336 	 179.81513972851 	 0.69392949726 
0.46415888336 	 186.32463119316 	 0.70204962998 
0.46415888336 	 193.06977288832 	 0.71015086827 
0.46415888336 	 200.05909559272 	 0.71822823634 
0.46415888336 	 207.30143890792 	 0.72627624651 
0.46415888336 	 214.80596243813 	 0.73428922547 
0.46415888336 	 222.58215737454 	 0.74226151849 
0.46415888336 	 230.63985849915 	 0.75018716421 
0.46415888336 	 238.98925662311 	 0.75806009010 
0.46415888336 	 247.64091147530 	 0.76587558849 
0.46415888336 	 256.60576505760 	 0.77362665057 
0.46415888336 	 265.89515548347 	 0.78130768611 
0.46415888336 	 275.52083131769 	 0.78891198997 
0.46415888336 	 285.49496643503 	 0.79643514974 
0.46415888336 	 295.83017541695 	 0.80387036205 
0.46415888336 	 306.53952950565 	 0.81121161296 
0.46415888336 	 317.63657313561 	 0.81845288290 
0.46415888336 	 329.13534106365 	 0.82558936596 
0.46415888336 	 341.05037611911 	 0.83261398868 
0.46415888336 	 353.39674759658 	 0.83952159065 
0.46415888336 	 366.19007031450 	 0.84630663832 
0.46415888336 	 379.44652436364 	 0.85296469845 
0.46415888336 	 393.18287557058 	 0.85949002793 
0.46415888336 	 407.41649670190 	 0.86587776251 
0.46415888336 	 422.16538943608 	 0.87212328487 
0.46415888336 	 437.44820713071 	 0.87822194948 
0.46415888336 	 453.28427841392 	 0.88416912795 
0.46415888336 	 469.69363162995 	 0.88996175173 
0.46415888336 	 486.69702016948 	 0.89559500035 
0.46415888336 	 504.31594871714 	 0.90106715284 
0.46415888336 	 522.57270044903 	 0.90637453649 
0.46415888336 	 541.49036521501 	 0.91151452219 
0.46415888336 	 561.09286874100 	 0.91648484263 
0.46415888336 	 581.40500288865 	 0.92128346743 
0.46415888336 	 602.45245701027 	 0.92590895943 
0.46415888336 	 624.26185043890 	 0.93036037091 
0.46415888336 	 646.86076615463 	 0.93463712803 
0.46415888336 	 670.27778566954 	 0.93873876527 
0.46415888336 	 694.54252517561 	 0.94266564811 
0.46415888336 	 719.68567300115 	 0.94641820469 
0.46415888336 	 745.73902842330 	 0.94999732347 
0.46415888336 	 772.73554188543 	 0.95340452998 
0.46415888336 	 800.70935667059 	 0.95664165062 
0.46415888336 	 829.69585208349 	 0.95971083673 
0.46415888336 	 859.73168819576 	 0.96261463271 
0.46415888336 	 890.85485221102 	 0.96535596044 
0.46415888336 	 923.10470650840 	 0.96793808337 
0.46415888336 	 956.52203842531 	 0.97036465761 
0.46415888336 	 991.14911184236 	 0.97263967858 
0.46415888336 	 1027.02972063577 	 0.97476719329 
0.46415888336 	 1064.20924406472 	 0.97675208563 
0.46415888336 	 1102.73470416390 	 0.97859867857 
0.46415888336 	 1142.65482521357 	 0.98031201547 
0.46415888336 	 1184.02009536266 	 0.98189713701 
0.46415888336 	 1226.88283048257 	 0.98335947056 
0.46415888336 	 1271.29724033264 	 0.98470447333 
0.46415888336 	 1317.31949712075 	 0.98593759727 
0.46415888336 	 1365.00780654601 	 0.98706426121 
0.46415888336 	 1414.42248141323 	 0.98809016911 
0.46415888336 	 1465.62601791225 	 0.98902102687 
0.46415888336 	 1518.68317465873 	 0.98986240071 
0.46415888336 	 1573.66105459626 	 0.99061982658 
0.46415888336 	 1630.62918986345 	 0.99129879410 
0.46415888336 	 1689.65962973324 	 0.99190468026 
0.46415888336 	 1750.82703173573 	 0.99244269156 
0.46415888336 	 1814.20875607977 	 0.99291802583 
0.46415888336 	 1879.88496349267 	 0.99333563718 
0.46415888336 	 1947.93871660183 	 0.99370036872 
0.46415888336 	 2018.45608498650 	 0.99401675452 
0.46415888336 	 2091.52625403246 	 0.99428918361 
0.46415888336 	 2167.24163772744 	 0.99452188656 
0.46415888336 	 2245.69799553977 	 0.99471878565 
0.46415888336 	 2326.99455352823 	 0.99488419412 
0.46415888336 	 2411.23412983612 	 0.99502047909 
0.46415888336 	 2498.52326472839 	 0.99513146011 
0.46415888336 	 2588.97235533627 	 0.99522017733 
0.46415888336 	 2682.69579527972 	 0.99528946790 
0.46415888336 	 2779.81211934445 	 0.99534194294 
0.46415888336 	 2880.44415339630 	 0.99537993381 
0.46415888336 	 2984.71916972271 	 0.99540552562 
0.46415888336 	 3092.76904799777 	 0.99542072684 
0.46415888336 	 3204.73044207429 	 0.99542728107 
0.46415888336 	 3320.74495281390 	 0.99542676440 
0.46415888336 	 3440.95930717388 	 0.99542053244 
0.46415888336 	 3565.52554377701 	 0.99540982298 
0.46415888336 	 3694.60120519930 	 0.99539568406 
0.46415888336 	 3828.34953721869 	 0.99537904492 
0.46415888336 	 3966.93969527677 	 0.99536070107 
0.46415888336 	 4110.54695841470 	 0.99534131760 
0.46415888336 	 4259.35295095366 	 0.99532148464 
0.46415888336 	 4413.54587220053 	 0.99530163043 
0.46415888336 	 4573.32073446906 	 0.99528214109 
0.46415888336 	 4738.87960971766 	 0.99526334226 
0.46415888336 	 4910.43188511573 	 0.99524545659 
0.46415888336 	 5088.19452786179 	 0.99522861679 
0.46415888336 	 5272.39235958825 	 0.99521306885 
0.46415888336 	 5463.25834069991 	 0.99519875487 
0.46415888336 	 5661.03386500583 	 0.99518579986 
0.46415888336 	 5865.96906501720 	 0.99517415660 
0.46415888336 	 6078.32312829723 	 0.99516381968 
0.46415888336 	 6298.36462526327 	 0.99515481296 
0.46415888336 	 6526.37184885573 	 0.99514702948 
0.46415888336 	 6762.63316650331 	 0.99514041906 
0.46415888336 	 7007.44738482975 	 0.99513493385 
0.46415888336 	 7261.12412756334 	 0.99513044966 
0.46415888336 	 7523.98422712716 	 0.99512693495 
0.46415888336 	 7796.36013040524 	 0.99512425581 
0.46415888336 	 8078.59631919787 	 0.99512234609 
0.46415888336 	 8371.04974589791 	 0.99512111866 
0.46415888336 	 8674.09028493891 	 0.99512051781 
0.46415888336 	 8988.10120058618 	 0.99512044916 
0.46415888336 	 9313.47963166233 	 0.99512083675 
0.46415888336 	 9650.63709382046 	 0.99512163495 
0.46415888336 	 10000.00000000000 	 0.99512275228 
