0.02310129700 	 0.00000000000 	 0.00000626298 
0.02310129700 	 0.01000000000 	 0.00000634945 
0.02310129700 	 0.02000000000 	 0.00000643678 
0.02310129700 	 0.03000000000 	 0.00000652501 
0.02310129700 	 0.04000000000 	 0.00000661412 
0.02310129700 	 0.05000000000 	 0.00000670415 
0.02310129700 	 0.06000000000 	 0.00000679514 
0.02310129700 	 0.07000000000 	 0.00000688711 
0.02310129700 	 0.08000000000 	 0.00000698006 
0.02310129700 	 0.09000000000 	 0.00000706721 
0.02310129700 	 0.10000000000 	 0.00000716654 
0.02310129700 	 0.11000000000 	 0.00000726664 
0.02310129700 	 0.12000000000 	 0.00000736725 
0.02310129700 	 0.13000000000 	 0.00000746858 
0.02310129700 	 0.14000000000 	 0.00000757087 
0.02310129700 	 0.15000000000 	 0.00000767366 
0.02310129700 	 0.16000000000 	 0.00000777726 
0.02310129700 	 0.17000000000 	 0.00000788167 
0.02310129700 	 0.18000000000 	 0.00000798699 
0.02310129700 	 0.19000000000 	 0.00000809318 
0.02310129700 	 0.20000000000 	 0.00000819205 
0.02310129700 	 0.21000000000 	 0.00000829897 
0.02310129700 	 0.22000000000 	 0.00000840692 
0.02310129700 	 0.23000000000 	 0.00000851597 
0.02310129700 	 0.24000000000 	 0.00000862600 
0.02310129700 	 0.25000000000 	 0.00000872998 
0.02310129700 	 0.26000000000 	 0.00000884765 
0.02310129700 	 0.27000000000 	 0.00000896587 
0.02310129700 	 0.28000000000 	 0.00000908476 
0.02310129700 	 0.29000000000 	 0.00000920435 
0.02310129700 	 0.30000000000 	 0.00000932679 
0.02310129700 	 0.31000000000 	 0.00000944554 
0.02310129700 	 0.32000000000 	 0.00000955866 
0.02310129700 	 0.33000000000 	 0.00000968394 
0.02310129700 	 0.34000000000 	 0.00000981004 
0.02310129700 	 0.35000000000 	 0.00000993695 
0.02310129700 	 0.36000000000 	 0.00001006471 
0.02310129700 	 0.37000000000 	 0.00001019347 
0.02310129700 	 0.38000000000 	 0.00001032324 
0.02310129700 	 0.39000000000 	 0.00001045403 
0.02310129700 	 0.40000000000 	 0.00001058590 
0.02310129700 	 0.41000000000 	 0.00001071887 
0.02310129700 	 0.42000000000 	 0.00001085298 
0.02310129700 	 0.43000000000 	 0.00001098822 
0.02310129700 	 0.44000000000 	 0.00001112463 
0.02310129700 	 0.45000000000 	 0.00001126222 
0.02310129700 	 0.46000000000 	 0.00001140102 
0.02310129700 	 0.47000000000 	 0.00001154106 
0.02310129700 	 0.48000000000 	 0.00001168233 
0.02310129700 	 0.49000000000 	 0.00001182484 
0.02310129700 	 0.50000000000 	 0.00001196858 
0.02310129700 	 0.51000000000 	 0.00001211388 
0.02310129700 	 0.52000000000 	 0.00001226043 
0.02310129700 	 0.53000000000 	 0.00001240831 
0.02310129700 	 0.54000000000 	 0.00001255755 
0.02310129700 	 0.55000000000 	 0.00001270817 
0.02310129700 	 0.56000000000 	 0.00001286020 
0.02310129700 	 0.57000000000 	 0.00001301362 
0.02310129700 	 0.58000000000 	 0.00001316841 
0.02310129700 	 0.59000000000 	 0.00001332160 
0.02310129700 	 0.60000000000 	 0.00001348079 
0.02310129700 	 0.61000000000 	 0.00001364127 
0.02310129700 	 0.62000000000 	 0.00001380309 
0.02310129700 	 0.63000000000 	 0.00001396624 
0.02310129700 	 0.64000000000 	 0.00001413079 
0.02310129700 	 0.65000000000 	 0.00001429663 
0.02310129700 	 0.66000000000 	 0.00001446385 
0.02310129700 	 0.67000000000 	 0.00001463253 
0.02310129700 	 0.68000000000 	 0.00001479789 
0.02310129700 	 0.69000000000 	 0.00001496730 
0.02310129700 	 0.70000000000 	 0.00001513966 
0.02310129700 	 0.71000000000 	 0.00001531284 
0.02310129700 	 0.72000000000 	 0.00001548959 
0.02310129700 	 0.73000000000 	 0.00001566604 
0.02310129700 	 0.74000000000 	 0.00001583472 
0.02310129700 	 0.75000000000 	 0.00001601784 
0.02310129700 	 0.76000000000 	 0.00001620222 
0.02310129700 	 0.77000000000 	 0.00001638774 
0.02310129700 	 0.78000000000 	 0.00001657451 
0.02310129700 	 0.79000000000 	 0.00001676278 
0.02310129700 	 0.80000000000 	 0.00001695271 
0.02310129700 	 0.81000000000 	 0.00001714401 
0.02310129700 	 0.82000000000 	 0.00001733685 
0.02310129700 	 0.83000000000 	 0.00001753107 
0.02310129700 	 0.84000000000 	 0.00001772691 
0.02310129700 	 0.85000000000 	 0.00001792419 
0.02310129700 	 0.86000000000 	 0.00001812310 
0.02310129700 	 0.87000000000 	 0.00001832345 
0.02310129700 	 0.88000000000 	 0.00001852555 
0.02310129700 	 0.89000000000 	 0.00001872914 
0.02310129700 	 0.90000000000 	 0.00001893491 
0.02310129700 	 0.91000000000 	 0.00001913736 
0.02310129700 	 0.92000000000 	 0.00001935054 
0.02310129700 	 0.93000000000 	 0.00001956519 
0.02310129700 	 0.94000000000 	 0.00001978143 
0.02310129700 	 0.95000000000 	 0.00001999895 
0.02310129700 	 0.96000000000 	 0.00002021793 
0.02310129700 	 0.97000000000 	 0.00002043839 
0.02310129700 	 0.98000000000 	 0.00002066031 
0.02310129700 	 0.99000000000 	 0.00002088368 
0.02310129700 	 1.00000000000 	 0.00002110867 
0.02310129700 	 1.03620101997 	 0.00002193739 
0.02310129700 	 1.07371255379 	 0.00002283730 
0.02310129700 	 1.11258204340 	 0.00002376184 
0.02310129700 	 1.15285864817 	 0.00002478779 
0.02310129700 	 1.19459330712 	 0.00002587955 
0.02310129700 	 1.23783880329 	 0.00002704438 
0.02310129700 	 1.28264983053 	 0.00002831528 
0.02310129700 	 1.32908306266 	 0.00002965867 
0.02310129700 	 1.37719722516 	 0.00003109009 
0.02310129700 	 1.42705316941 	 0.00003263325 
0.02310129700 	 1.47871394970 	 0.00003429665 
0.02310129700 	 1.53224490292 	 0.00003608968 
0.02310129700 	 1.58771373126 	 0.00003802304 
0.02310129700 	 1.64519058775 	 0.00004011026 
0.02310129700 	 1.70474816508 	 0.00004236721 
0.02310129700 	 1.76646178745 	 0.00004479994 
0.02310129700 	 1.83040950590 	 0.00004742835 
0.02310129700 	 1.89667219698 	 0.00005027811 
0.02310129700 	 1.96533366506 	 0.00005337228 
0.02310129700 	 2.03648074833 	 0.00005671914 
0.02310129700 	 2.11020342857 	 0.00006034155 
0.02310129700 	 2.18659494503 	 0.00006429602 
0.02310129700 	 2.26575191231 	 0.00006857996 
0.02310129700 	 2.34777444254 	 0.00007324727 
0.02310129700 	 2.43276627202 	 0.00007834752 
0.02310129700 	 2.52083489243 	 0.00008388011 
0.02310129700 	 2.61209168671 	 0.00008992574 
0.02310129700 	 2.70665207003 	 0.00009653570 
0.02310129700 	 2.80463563568 	 0.00010372516 
0.02310129700 	 2.90616630634 	 0.00011162387 
0.02310129700 	 3.01137249084 	 0.00012023025 
0.02310129700 	 3.12038724653 	 0.00012964105 
0.02310129700 	 3.23334844756 	 0.00013995518 
0.02310129700 	 3.35039895929 	 0.00015122555 
0.02310129700 	 3.47168681893 	 0.00016362690 
0.02310129700 	 3.59736542280 	 0.00017718761 
0.02310129700 	 3.72759372031 	 0.00019207103 
0.02310129700 	 3.86253641503 	 0.00020845692 
0.02310129700 	 4.00236417294 	 0.00022630719 
0.02310129700 	 4.14725383830 	 0.00024603480 
0.02310129700 	 4.29738865733 	 0.00026772950 
0.02310129700 	 4.45295850994 	 0.00029152100 
0.02310129700 	 4.61416014990 	 0.00031773752 
0.02310129700 	 4.78119745364 	 0.00034642781 
0.02310129700 	 4.95428167815 	 0.00037813290 
0.02310129700 	 5.13363172813 	 0.00041279936 
0.02310129700 	 5.31947443285 	 0.00045115201 
0.02310129700 	 5.51204483304 	 0.00049316743 
0.02310129700 	 5.71158647813 	 0.00053954027 
0.02310129700 	 5.91835173430 	 0.00059035067 
0.02310129700 	 6.13260210363 	 0.00064591347 
0.02310129700 	 6.35460855487 	 0.00070742342 
0.02310129700 	 6.58465186608 	 0.00077466317 
0.02310129700 	 6.82302297979 	 0.00084887144 
0.02310129700 	 7.07002337096 	 0.00093006875 
0.02310129700 	 7.32596542822 	 0.00101921822 
0.02310129700 	 7.59117284900 	 0.00111711346 
0.02310129700 	 7.86598104892 	 0.00122414937 
0.02310129700 	 8.15073758597 	 0.00134127995 
0.02310129700 	 8.44580260011 	 0.00146944656 
0.02310129700 	 8.75154926872 	 0.00160955731 
0.02310129700 	 9.06836427859 	 0.00176237603 
0.02310129700 	 9.39664831495 	 0.00192953090 
0.02310129700 	 9.73681656828 	 0.00211159681 
0.02310129700 	 10.08929925933 	 0.00230996293 
0.02310129700 	 10.45454218333 	 0.00252567774 
0.02310129700 	 10.83300727371 	 0.00276043540 
0.02310129700 	 11.22517318638 	 0.00301475548 
0.02310129700 	 11.63153590510 	 0.00329120546 
0.02310129700 	 12.05260936871 	 0.00359004866 
0.02310129700 	 12.48892612118 	 0.00391340664 
0.02310129700 	 12.94103798513 	 0.00426248747 
0.02310129700 	 13.40951675969 	 0.00463898403 
0.02310129700 	 13.89495494373 	 0.00504468911 
0.02310129700 	 14.39796648516 	 0.00548075596 
0.02310129700 	 14.91918755746 	 0.00594914313 
0.02310129700 	 15.45927736419 	 0.00645158401 
0.02310129700 	 16.01891897281 	 0.00698963232 
0.02310129700 	 16.59882017849 	 0.00756462064 
0.02310129700 	 17.19971439928 	 0.00817846228 
0.02310129700 	 17.82236160377 	 0.00883255706 
0.02310129700 	 18.46754927215 	 0.00952835685 
0.02310129700 	 19.13609339219 	 0.01026721029 
0.02310129700 	 19.82883949127 	 0.01105099209 
0.02310129700 	 20.54666370572 	 0.01188111291 
0.02310129700 	 21.29047388890 	 0.01275810171 
0.02310129700 	 22.06121075937 	 0.01368342728 
0.02310129700 	 22.85984909069 	 0.01465806409 
0.02310129700 	 23.68739894419 	 0.01568307224 
0.02310129700 	 24.54490694646 	 0.01675904250 
0.02310129700 	 25.43345761305 	 0.01788692895 
0.02310129700 	 26.35417472006 	 0.01906698393 
0.02310129700 	 27.30822272546 	 0.02029977519 
0.02310129700 	 28.29680824175 	 0.02158513262 
0.02310129700 	 29.32118156207 	 0.02292315733 
0.02310129700 	 30.38263824141 	 0.02431401045 
0.02310129700 	 31.48252073520 	 0.02575739954 
0.02310129700 	 32.62222009712 	 0.02725327815 
0.02310129700 	 33.80317773840 	 0.02880027395 
0.02310129700 	 35.02688725083 	 0.03039805479 
0.02310129700 	 36.29489629577 	 0.03204575636 
0.02310129700 	 37.60880856147 	 0.03374240068 
0.02310129700 	 38.97028579134 	 0.03548679309 
0.02310129700 	 40.38104988560 	 0.03727896126 
0.02310129700 	 41.84288507902 	 0.03911624674 
0.02310129700 	 43.35764019746 	 0.04099793725 
0.02310129700 	 44.92723099621 	 0.04292226925 
0.02310129700 	 46.55364258280 	 0.04488799975 
0.02310129700 	 48.23893192773 	 0.04689374943 
0.02310129700 	 49.98523046589 	 0.04893864233 
0.02310129700 	 51.79474679231 	 0.05102047440 
0.02310129700 	 53.66976945540 	 0.05313859911 
0.02310129700 	 55.61266985137 	 0.05529120521 
0.02310129700 	 57.62590522338 	 0.05747731137 
0.02310129700 	 59.71202176930 	 0.05969635132 
0.02310129700 	 61.87365786196 	 0.06194655363 
0.02310129700 	 64.11354738598 	 0.06422748844 
0.02310129700 	 66.43452319540 	 0.06653866295 
0.02310129700 	 68.83952069645 	 0.06887987841 
0.02310129700 	 71.33158156008 	 0.07124964032 
0.02310129700 	 73.91385756879 	 0.07364814135 
0.02310129700 	 76.58961460288 	 0.07607566920 
0.02310129700 	 79.36223677079 	 0.07853174494 
0.02310129700 	 82.23523068918 	 0.08101773308 
0.02310129700 	 85.21222991780 	 0.08353319622 
0.02310129700 	 88.29699955494 	 0.08607826262 
0.02310129700 	 91.49344099933 	 0.08865348362 
0.02310129700 	 94.80559688429 	 0.09126040422 
0.02310129700 	 98.23765619059 	 0.09390011765 
0.02310129700 	 101.79395954438 	 0.09657241860 
0.02310129700 	 105.47900470692 	 0.09927909732 
0.02310129700 	 109.29745226298 	 0.10202072994 
0.02310129700 	 113.25413151528 	 0.10479973704 
0.02310129700 	 117.35404659222 	 0.10761616718 
0.02310129700 	 121.60238277674 	 0.11047028656 
0.02310129700 	 126.00451306433 	 0.11336409243 
0.02310129700 	 130.56600495838 	 0.11629894430 
0.02310129700 	 135.29262751160 	 0.11927547741 
0.02310129700 	 140.19035862226 	 0.12229759014 
0.02310129700 	 145.26539259468 	 0.12536347136 
0.02310129700 	 150.52414797329 	 0.12847326943 
0.02310129700 	 155.97327566040 	 0.13163057382 
0.02310129700 	 161.61966732774 	 0.13483725633 
0.02310129700 	 167.47046413260 	 0.13809238647 
0.02310129700 	 173.53306574945 	 0.14139718424 
0.02310129700 	 179.81513972851 	 0.14475215024 
0.02310129700 	 186.32463119316 	 0.14816081251 
0.02310129700 	 193.06977288832 	 0.15161987164 
0.02310129700 	 200.05909559272 	 0.15513587657 
0.02310129700 	 207.30143890792 	 0.15870689630 
0.02310129700 	 214.80596243813 	 0.16233461782 
0.02310129700 	 222.58215737454 	 0.16601795923 
0.02310129700 	 230.63985849915 	 0.16975973374 
0.02310129700 	 238.98925662311 	 0.17355988847 
0.02310129700 	 247.64091147530 	 0.17742036267 
0.02310129700 	 256.60576505760 	 0.18134156470 
0.02310129700 	 265.89515548347 	 0.18532617278 
0.02310129700 	 275.52083131769 	 0.18937257591 
0.02310129700 	 285.49496643503 	 0.19348350483 
0.02310129700 	 295.83017541695 	 0.19765676895 
0.02310129700 	 306.53952950565 	 0.20189770385 
0.02310129700 	 317.63657313561 	 0.20620404720 
0.02310129700 	 329.13534106365 	 0.21057821125 
0.02310129700 	 341.05037611911 	 0.21501974439 
0.02310129700 	 353.39674759658 	 0.21953038368 
0.02310129700 	 366.19007031450 	 0.22411004798 
0.02310129700 	 379.44652436364 	 0.22876329216 
0.02310129700 	 393.18287557058 	 0.23348620893 
0.02310129700 	 407.41649670190 	 0.23827983571 
0.02310129700 	 422.16538943608 	 0.24314713971 
0.02310129700 	 437.44820713071 	 0.24808884406 
0.02310129700 	 453.28427841392 	 0.25310422821 
0.02310129700 	 469.69363162995 	 0.25819686137 
0.02310129700 	 486.69702016948 	 0.26336536161 
0.02310129700 	 504.31594871714 	 0.26861062287 
0.02310129700 	 522.57270044903 	 0.27393390864 
0.02310129700 	 541.49036521501 	 0.27933395815 
0.02310129700 	 561.09286874100 	 0.28481256589 
0.02310129700 	 581.40500288865 	 0.29036963120 
0.02310129700 	 602.45245701027 	 0.29600807219 
0.02310129700 	 624.26185043890 	 0.30172661512 
0.02310129700 	 646.86076615463 	 0.30752239393 
0.02310129700 	 670.27778566954 	 0.31340497525 
0.02310129700 	 694.54252517561 	 0.31936627552 
0.02310129700 	 719.68567300115 	 0.32540959667 
0.02310129700 	 745.73902842330 	 0.33153470885 
0.02310129700 	 772.73554188543 	 0.33774283532 
0.02310129700 	 800.70935667059 	 0.34403182342 
0.02310129700 	 829.69585208349 	 0.35040343776 
0.02310129700 	 859.73168819576 	 0.35686250838 
0.02310129700 	 890.85485221102 	 0.36340193166 
0.02310129700 	 923.10470650840 	 0.37002186335 
0.02310129700 	 956.52203842531 	 0.37672771988 
0.02310129700 	 991.14911184236 	 0.38351309558 
0.02310129700 	 1027.02972063577 	 0.39038428236 
0.02310129700 	 1064.20924406472 	 0.39733342971 
0.02310129700 	 1102.73470416390 	 0.40436588974 
0.02310129700 	 1142.65482521357 	 0.41148010564 
0.02310129700 	 1184.02009536266 	 0.41867098162 
0.02310129700 	 1226.88283048257 	 0.42594412693 
0.02310129700 	 1271.29724033264 	 0.43329336124 
0.02310129700 	 1317.31949712075 	 0.44072220082 
0.02310129700 	 1365.00780654601 	 0.44822768883 
0.02310129700 	 1414.42248141323 	 0.45580805023 
0.02310129700 	 1465.62601791225 	 0.46346161396 
0.02310129700 	 1518.68317465873 	 0.47118891277 
0.02310129700 	 1573.66105459626 	 0.47898629693 
0.02310129700 	 1630.62918986345 	 0.48685298552 
0.02310129700 	 1689.65962973324 	 0.49478715059 
0.02310129700 	 1750.82703173573 	 0.50278756255 
0.02310129700 	 1814.20875607977 	 0.51085081144 
0.02310129700 	 1879.88496349267 	 0.51897445405 
0.02310129700 	 1947.93871660183 	 0.52715776787 
0.02310129700 	 2018.45608498650 	 0.53539756603 
0.02310129700 	 2091.52625403246 	 0.54369027910 
0.02310129700 	 2167.24163772744 	 0.55203391190 
0.02310129700 	 2245.69799553977 	 0.56042642881 
0.02310129700 	 2326.99455352823 	 0.56886165325 
0.02310129700 	 2411.23412983612 	 0.57733804295 
0.02310129700 	 2498.52326472839 	 0.58585169362 
0.02310129700 	 2588.97235533627 	 0.59439949511 
0.02310129700 	 2682.69579527972 	 0.60297677705 
0.02310129700 	 2779.81211934445 	 0.61158042293 
0.02310129700 	 2880.44415339630 	 0.62020508354 
0.02310129700 	 2984.71916972271 	 0.62884669088 
0.02310129700 	 3092.76904799777 	 0.63750111786 
0.02310129700 	 3204.73044207429 	 0.64616317966 
0.02310129700 	 3320.74495281390 	 0.65482797422 
0.02310129700 	 3440.95930717388 	 0.66349066980 
0.02310129700 	 3565.52554377701 	 0.67214572495 
0.02310129700 	 3694.60120519930 	 0.68078805393 
0.02310129700 	 3828.34953721869 	 0.68941188136 
0.02310129700 	 3966.93969527677 	 0.69801181489 
0.02310129700 	 4110.54695841470 	 0.70658214093 
0.02310129700 	 4259.35295095366 	 0.71511707336 
0.02310129700 	 4413.54587220053 	 0.72361028246 
0.02310129700 	 4573.32073446906 	 0.73205560253 
0.02310129700 	 4738.87960971766 	 0.74044674664 
0.02310129700 	 4910.43188511573 	 0.74877745305 
0.02310129700 	 5088.19452786179 	 0.75704273103 
0.02310129700 	 5272.39235958825 	 0.76523490090 
0.02310129700 	 5463.25834069991 	 0.77334718716 
0.02310129700 	 5661.03386500583 	 0.78137480789 
0.02310129700 	 5865.96906501720 	 0.78931050226 
0.02310129700 	 6078.32312829723 	 0.79714810439 
0.02310129700 	 6298.36462526327 	 0.80488153302 
0.02310129700 	 6526.37184885573 	 0.81250308160 
0.02310129700 	 6762.63316650331 	 0.82001005206 
0.02310129700 	 7007.44738482975 	 0.82739257751 
0.02310129700 	 7261.12412756334 	 0.83464658608 
0.02310129700 	 7523.98422712716 	 0.84176709346 
0.02310129700 	 7796.36013040524 	 0.84874789794 
0.02310129700 	 8078.59631919787 	 0.85558379601 
0.02310129700 	 8371.04974589791 	 0.86227005497 
0.02310129700 	 8674.09028493891 	 0.86880066053 
0.02310129700 	 8988.10120058618 	 0.87517202672 
0.02310129700 	 9313.47963166233 	 0.88138037186 
0.02310129700 	 9650.63709382046 	 0.88741948390 
0.02310129700 	 10000.00000000000 	 0.89328873033 
