0.13219411485 	 0.00000000000 	 0.00000001971 
0.13219411485 	 0.01000000000 	 0.00000000511 
0.13219411485 	 0.02000000000 	 0.00000000537 
0.13219411485 	 0.03000000000 	 0.00000000844 
0.13219411485 	 0.04000000000 	 0.00000003091 
0.13219411485 	 0.05000000000 	 0.00000001502 
0.13219411485 	 0.06000000000 	 0.00000019503 
0.13219411485 	 0.07000000000 	 -0.00000000586 
0.13219411485 	 0.08000000000 	 0.00000014913 
0.13219411485 	 0.09000000000 	 0.00000015782 
0.13219411485 	 0.10000000000 	 0.00000017720 
0.13219411485 	 0.11000000000 	 0.00000005833 
0.13219411485 	 0.12000000000 	 -0.00000042583 
0.13219411485 	 0.13000000000 	 0.00000064261 
0.13219411485 	 0.14000000000 	 0.00000001752 
0.13219411485 	 0.15000000000 	 -0.00000000186 
0.13219411485 	 0.16000000000 	 0.00000064934 
0.13219411485 	 0.17000000000 	 -0.00000010132 
0.13219411485 	 0.18000000000 	 0.00000013223 
0.13219411485 	 0.19000000000 	 0.00000028953 
0.13219411485 	 0.20000000000 	 0.00000041157 
0.13219411485 	 0.21000000000 	 -0.00000000694 
0.13219411485 	 0.22000000000 	 0.00000001039 
0.13219411485 	 0.23000000000 	 -0.00000004389 
0.13219411485 	 0.24000000000 	 0.00000000536 
0.13219411485 	 0.25000000000 	 0.00000005532 
0.13219411485 	 0.26000000000 	 -0.00000002588 
0.13219411485 	 0.27000000000 	 -0.00000003000 
0.13219411485 	 0.28000000000 	 -0.00000003107 
0.13219411485 	 0.29000000000 	 -0.00000003244 
0.13219411485 	 0.30000000000 	 0.00000001591 
0.13219411485 	 0.31000000000 	 0.00000001551 
0.13219411485 	 0.32000000000 	 0.00000001574 
0.13219411485 	 0.33000000000 	 0.00000001603 
0.13219411485 	 0.34000000000 	 0.00000001621 
0.13219411485 	 0.35000000000 	 0.00000070472 
0.13219411485 	 0.36000000000 	 -0.00000004748 
0.13219411485 	 0.37000000000 	 0.00000070610 
0.13219411485 	 0.38000000000 	 0.00000069589 
0.13219411485 	 0.39000000000 	 0.00000072687 
0.13219411485 	 0.40000000000 	 0.00000054340 
0.13219411485 	 0.41000000000 	 -0.00000004256 
0.13219411485 	 0.42000000000 	 0.00000073109 
0.13219411485 	 0.43000000000 	 -0.00000031823 
0.13219411485 	 0.44000000000 	 -0.00000015181 
0.13219411485 	 0.45000000000 	 -0.00000016434 
0.13219411485 	 0.46000000000 	 -0.00000019867 
0.13219411485 	 0.47000000000 	 -0.00000019182 
0.13219411485 	 0.48000000000 	 -0.00000002063 
0.13219411485 	 0.49000000000 	 0.00000043343 
0.13219411485 	 0.50000000000 	 0.00000036715 
0.13219411485 	 0.51000000000 	 -0.00000030217 
0.13219411485 	 0.52000000000 	 -0.00000032742 
0.13219411485 	 0.53000000000 	 -0.00000032606 
0.13219411485 	 0.54000000000 	 -0.00000032858 
0.13219411485 	 0.55000000000 	 0.00000000420 
0.13219411485 	 0.56000000000 	 -0.00000081376 
0.13219411485 	 0.57000000000 	 0.00000002071 
0.13219411485 	 0.58000000000 	 0.00000002270 
0.13219411485 	 0.59000000000 	 0.00000001030 
0.13219411485 	 0.60000000000 	 -0.00000018362 
0.13219411485 	 0.61000000000 	 0.00000042980 
0.13219411485 	 0.62000000000 	 0.00000037676 
0.13219411485 	 0.63000000000 	 0.00000002435 
0.13219411485 	 0.64000000000 	 0.00000004193 
0.13219411485 	 0.65000000000 	 0.00000033923 
0.13219411485 	 0.66000000000 	 0.00000033840 
0.13219411485 	 0.67000000000 	 0.00000020192 
0.13219411485 	 0.68000000000 	 0.00000019769 
0.13219411485 	 0.69000000000 	 0.00000000124 
0.13219411485 	 0.70000000000 	 0.00000000379 
0.13219411485 	 0.71000000000 	 -0.00000004086 
0.13219411485 	 0.72000000000 	 -0.00000004596 
0.13219411485 	 0.73000000000 	 -0.00000001367 
0.13219411485 	 0.74000000000 	 -0.00000047952 
0.13219411485 	 0.75000000000 	 -0.00000053515 
0.13219411485 	 0.76000000000 	 -0.00000027057 
0.13219411485 	 0.77000000000 	 -0.00000028318 
0.13219411485 	 0.78000000000 	 -0.00000029389 
0.13219411485 	 0.79000000000 	 -0.00000030528 
0.13219411485 	 0.80000000000 	 -0.00000031544 
0.13219411485 	 0.81000000000 	 -0.00000032463 
0.13219411485 	 0.82000000000 	 -0.00000033453 
0.13219411485 	 0.83000000000 	 -0.00000034719 
0.13219411485 	 0.84000000000 	 -0.00000037204 
0.13219411485 	 0.85000000000 	 0.00000015539 
0.13219411485 	 0.86000000000 	 -0.00000077153 
0.13219411485 	 0.87000000000 	 -0.00000075695 
0.13219411485 	 0.88000000000 	 -0.00000030631 
0.13219411485 	 0.89000000000 	 0.00000020667 
0.13219411485 	 0.90000000000 	 -0.00000096384 
0.13219411485 	 0.91000000000 	 0.00000017479 
0.13219411485 	 0.92000000000 	 0.00000014746 
0.13219411485 	 0.93000000000 	 0.00000013345 
0.13219411485 	 0.94000000000 	 -0.00000019704 
0.13219411485 	 0.95000000000 	 -0.00000023579 
0.13219411485 	 0.96000000000 	 -0.00000027173 
0.13219411485 	 0.97000000000 	 -0.00000027628 
0.13219411485 	 0.98000000000 	 -0.00000026842 
0.13219411485 	 0.99000000000 	 -0.00000023804 
0.13219411485 	 1.00000000000 	 -0.00000014147 
0.13219411485 	 1.03620101997 	 -0.00000057652 
0.13219411485 	 1.07371255379 	 -0.00000003562 
0.13219411485 	 1.11258204340 	 0.00000005125 
0.13219411485 	 1.15285864817 	 -0.00000069646 
0.13219411485 	 1.19459330712 	 -0.00000002763 
0.13219411485 	 1.23783880329 	 -0.00000003124 
0.13219411485 	 1.28264983053 	 0.00000006180 
0.13219411485 	 1.32908306266 	 -0.00000020961 
0.13219411485 	 1.37719722516 	 -0.00000010871 
0.13219411485 	 1.42705316941 	 0.00000001880 
0.13219411485 	 1.47871394970 	 0.00000016772 
0.13219411485 	 1.53224490292 	 -0.00000029847 
0.13219411485 	 1.58771373126 	 -0.00000005024 
0.13219411485 	 1.64519058775 	 0.00000016510 
0.13219411485 	 1.70474816508 	 0.00000006113 
0.13219411485 	 1.76646178745 	 0.00000009206 
0.13219411485 	 1.83040950590 	 0.00000019810 
0.13219411485 	 1.89667219698 	 0.00000034821 
0.13219411485 	 1.96533366506 	 0.00000038442 
0.13219411485 	 2.03648074833 	 0.00000040648 
0.13219411485 	 2.11020342857 	 0.00000054407 
0.13219411485 	 2.18659494503 	 0.00000062745 
0.13219411485 	 2.26575191231 	 0.00000080266 
0.13219411485 	 2.34777444254 	 0.00000083596 
0.13219411485 	 2.43276627202 	 0.00000102815 
0.13219411485 	 2.52083489243 	 0.00000123640 
0.13219411485 	 2.61209168671 	 0.00000141023 
0.13219411485 	 2.70665207003 	 0.00000164529 
0.13219411485 	 2.80463563568 	 0.00000195696 
0.13219411485 	 2.90616630634 	 0.00000232821 
0.13219411485 	 3.01137249084 	 0.00000263693 
0.13219411485 	 3.12038724653 	 0.00000301638 
0.13219411485 	 3.23334844756 	 0.00000341868 
0.13219411485 	 3.35039895929 	 0.00000399088 
0.13219411485 	 3.47168681893 	 0.00000458231 
0.13219411485 	 3.59736542280 	 0.00000547671 
0.13219411485 	 3.72759372031 	 0.00000610432 
0.13219411485 	 3.86253641503 	 0.00000695171 
0.13219411485 	 4.00236417294 	 0.00000814233 
0.13219411485 	 4.14725383830 	 0.00000927338 
0.13219411485 	 4.29738865733 	 0.00001070873 
0.13219411485 	 4.45295850994 	 0.00001228337 
0.13219411485 	 4.61416014990 	 0.00001420791 
0.13219411485 	 4.78119745364 	 0.00001612689 
0.13219411485 	 4.95428167815 	 0.00001874123 
0.13219411485 	 5.13363172813 	 0.00002148137 
0.13219411485 	 5.31947443285 	 0.00002486764 
0.13219411485 	 5.51204483304 	 0.00002856446 
0.13219411485 	 5.71158647813 	 0.00003287007 
0.13219411485 	 5.91835173430 	 0.00003764725 
0.13219411485 	 6.13260210363 	 0.00004317669 
0.13219411485 	 6.35460855487 	 0.00004991639 
0.13219411485 	 6.58465186608 	 0.00005695994 
0.13219411485 	 6.82302297979 	 0.00006582470 
0.13219411485 	 7.07002337096 	 0.00007526479 
0.13219411485 	 7.32596542822 	 0.00008641272 
0.13219411485 	 7.59117284900 	 0.00009936659 
0.13219411485 	 7.86598104892 	 0.00011386280 
0.13219411485 	 8.15073758597 	 0.00013021014 
0.13219411485 	 8.44580260011 	 0.00014874835 
0.13219411485 	 8.75154926872 	 0.00017013371 
0.13219411485 	 9.06836427859 	 0.00019489752 
0.13219411485 	 9.39664831495 	 0.00022255760 
0.13219411485 	 9.73681656828 	 0.00025355560 
0.13219411485 	 10.08929925933 	 0.00028886128 
0.13219411485 	 10.45454218333 	 0.00032945190 
0.13219411485 	 10.83300727371 	 0.00037410950 
0.13219411485 	 11.22517318638 	 0.00042504053 
0.13219411485 	 11.63153590510 	 0.00048222792 
0.13219411485 	 12.05260936871 	 0.00054640029 
0.13219411485 	 12.48892612118 	 0.00061834484 
0.13219411485 	 12.94103798513 	 0.00069927517 
0.13219411485 	 13.40951675969 	 0.00079039481 
0.13219411485 	 13.89495494373 	 0.00089118682 
0.13219411485 	 14.39796648516 	 0.00100346184 
0.13219411485 	 14.91918755746 	 0.00112850402 
0.13219411485 	 15.45927736419 	 0.00126718824 
0.13219411485 	 16.01891897281 	 0.00141910782 
0.13219411485 	 16.59882017849 	 0.00158927638 
0.13219411485 	 17.19971439928 	 0.00177704265 
0.13219411485 	 17.82236160377 	 0.00198596609 
0.13219411485 	 18.46754927215 	 0.00221390634 
0.13219411485 	 19.13609339219 	 0.00246050127 
0.13219411485 	 19.82883949127 	 0.00273465108 
0.13219411485 	 20.54666370572 	 0.00303783559 
0.13219411485 	 21.29047388890 	 0.00336146693 
0.13219411485 	 22.06121075937 	 0.00371775335 
0.13219411485 	 22.85984909069 	 0.00410492756 
0.13219411485 	 23.68739894419 	 0.00452443228 
0.13219411485 	 24.54490694646 	 0.00497926618 
0.13219411485 	 25.43345761305 	 0.00547348281 
0.13219411485 	 26.35417472006 	 0.00600032057 
0.13219411485 	 27.30822272546 	 0.00657054056 
0.13219411485 	 28.29680824175 	 0.00718281809 
0.13219411485 	 29.32118156207 	 0.00783892756 
0.13219411485 	 30.38263824141 	 0.00854122636 
0.13219411485 	 31.48252073520 	 0.00929028352 
0.13219411485 	 32.62222009712 	 0.01008806556 
0.13219411485 	 33.80317773840 	 0.01093661841 
0.13219411485 	 35.02688725083 	 0.01183636262 
0.13219411485 	 36.29489629577 	 0.01278988159 
0.13219411485 	 37.60880856147 	 0.01379740732 
0.13219411485 	 38.97028579134 	 0.01485977039 
0.13219411485 	 40.38104988560 	 0.01597853109 
0.13219411485 	 41.84288507902 	 0.01715410227 
0.13219411485 	 43.35764019746 	 0.01838665608 
0.13219411485 	 44.92723099621 	 0.01967638088 
0.13219411485 	 46.55364258280 	 0.02102359047 
0.13219411485 	 48.23893192773 	 0.02242816360 
0.13219411485 	 49.98523046589 	 0.02389076570 
0.13219411485 	 51.79474679231 	 0.02541027300 
0.13219411485 	 53.66976945540 	 0.02698636209 
0.13219411485 	 55.61266985137 	 0.02861846190 
0.13219411485 	 57.62590522338 	 0.03030530071 
0.13219411485 	 59.71202176930 	 0.03204627252 
0.13219411485 	 61.87365786196 	 0.03383995050 
0.13219411485 	 64.11354738598 	 0.03568414005 
0.13219411485 	 66.43452319540 	 0.03757858573 
0.13219411485 	 68.83952069645 	 0.03952200264 
0.13219411485 	 71.33158156008 	 0.04151200700 
0.13219411485 	 73.91385756879 	 0.04354651830 
0.13219411485 	 76.58961460288 	 0.04562395924 
0.13219411485 	 79.36223677079 	 0.04774274986 
0.13219411485 	 82.23523068918 	 0.04990109939 
0.13219411485 	 85.21222991780 	 0.05209736806 
0.13219411485 	 88.29699955494 	 0.05432946640 
0.13219411485 	 91.49344099933 	 0.05659588408 
0.13219411485 	 94.80559688429 	 0.05889630549 
0.13219411485 	 98.23765619059 	 0.06122664764 
0.13219411485 	 101.79395954438 	 0.06358674075 
0.13219411485 	 105.47900470692 	 0.06597533038 
0.13219411485 	 109.29745226298 	 0.06839129200 
0.13219411485 	 113.25413151528 	 0.07083373971 
0.13219411485 	 117.35404659222 	 0.07330292687 
0.13219411485 	 121.60238277674 	 0.07579657823 
0.13219411485 	 126.00451306433 	 0.07831466060 
0.13219411485 	 130.56600495838 	 0.08085703198 
0.13219411485 	 135.29262751160 	 0.08342355906 
0.13219411485 	 140.19035862226 	 0.08601450262 
0.13219411485 	 145.26539259468 	 0.08863070467 
0.13219411485 	 150.52414797329 	 0.09127261806 
0.13219411485 	 155.97327566040 	 0.09393933465 
0.13219411485 	 161.61966732774 	 0.09663329944 
0.13219411485 	 167.47046413260 	 0.09935495104 
0.13219411485 	 173.53306574945 	 0.10210447920 
0.13219411485 	 179.81513972851 	 0.10488343834 
0.13219411485 	 186.32463119316 	 0.10769318899 
0.13219411485 	 193.06977288832 	 0.11053411595 
0.13219411485 	 200.05909559272 	 0.11340942184 
0.13219411485 	 207.30143890792 	 0.11631685964 
0.13219411485 	 214.80596243813 	 0.11926132321 
0.13219411485 	 222.58215737454 	 0.12224074730 
0.13219411485 	 230.63985849915 	 0.12525782511 
0.13219411485 	 238.98925662311 	 0.12831681279 
0.13219411485 	 247.64091147530 	 0.13141566313 
0.13219411485 	 256.60576505760 	 0.13455404069 
0.13219411485 	 265.89515548347 	 0.13773796577 
0.13219411485 	 275.52083131769 	 0.14096451382 
0.13219411485 	 285.49496643503 	 0.14423621589 
0.13219411485 	 295.83017541695 	 0.14755469114 
0.13219411485 	 306.53952950565 	 0.15092045350 
0.13219411485 	 317.63657313561 	 0.15433434445 
0.13219411485 	 329.13534106365 	 0.15779850156 
0.13219411485 	 341.05037611911 	 0.16131376405 
0.13219411485 	 353.39674759658 	 0.16487973917 
0.13219411485 	 366.19007031450 	 0.16849881221 
0.13219411485 	 379.44652436364 	 0.17217233200 
0.13219411485 	 393.18287557058 	 0.17590087250 
0.13219411485 	 407.41649670190 	 0.17968463294 
0.13219411485 	 422.16538943608 	 0.18352489026 
0.13219411485 	 437.44820713071 	 0.18742234387 
0.13219411485 	 453.28427841392 	 0.19137885137 
0.13219411485 	 469.69363162995 	 0.19539616226 
0.13219411485 	 486.69702016948 	 0.19947416756 
0.13219411485 	 504.31594871714 	 0.20361233088 
0.13219411485 	 522.57270044903 	 0.20781253461 
0.13219411485 	 541.49036521501 	 0.21207731334 
0.13219411485 	 561.09286874100 	 0.21640637506 
0.13219411485 	 581.40500288865 	 0.22080007603 
0.13219411485 	 602.45245701027 	 0.22525891774 
0.13219411485 	 624.26185043890 	 0.22978679362 
0.13219411485 	 646.86076615463 	 0.23438107252 
0.13219411485 	 670.27778566954 	 0.23904368786 
0.13219411485 	 694.54252517561 	 0.24377531196 
0.13219411485 	 719.68567300115 	 0.24857703136 
0.13219411485 	 745.73902842330 	 0.25345052505 
0.13219411485 	 772.73554188543 	 0.25839637852 
0.13219411485 	 800.70935667059 	 0.26341532948 
0.13219411485 	 829.69585208349 	 0.26850627952 
0.13219411485 	 859.73168819576 	 0.27367160744 
0.13219411485 	 890.85485221102 	 0.27891089405 
0.13219411485 	 923.10470650840 	 0.28422644615 
0.13219411485 	 956.52203842531 	 0.28961699889 
0.13219411485 	 991.14911184236 	 0.29508443776 
0.13219411485 	 1027.02972063577 	 0.30062900823 
0.13219411485 	 1064.20924406472 	 0.30625347738 
0.13219411485 	 1102.73470416390 	 0.31195439468 
0.13219411485 	 1142.65482521357 	 0.31773359624 
0.13219411485 	 1184.02009536266 	 0.32359350996 
0.13219411485 	 1226.88283048257 	 0.32953167555 
0.13219411485 	 1271.29724033264 	 0.33554948063 
0.13219411485 	 1317.31949712075 	 0.34164709115 
0.13219411485 	 1365.00780654601 	 0.34782586375 
0.13219411485 	 1414.42248141323 	 0.35408348202 
0.13219411485 	 1465.62601791225 	 0.36042472605 
0.13219411485 	 1518.68317465873 	 0.36684650007 
0.13219411485 	 1573.66105459626 	 0.37334838774 
0.13219411485 	 1630.62918986345 	 0.37993291312 
0.13219411485 	 1689.65962973324 	 0.38659495665 
0.13219411485 	 1750.82703173573 	 0.39333714581 
0.13219411485 	 1814.20875607977 	 0.40016056181 
0.13219411485 	 1879.88496349267 	 0.40706334120 
0.13219411485 	 1947.93871660183 	 0.41404553539 
0.13219411485 	 2018.45608498650 	 0.42110387472 
0.13219411485 	 2091.52625403246 	 0.42824619099 
0.13219411485 	 2167.24163772744 	 0.43546462043 
0.13219411485 	 2245.69799553977 	 0.44275670629 
0.13219411485 	 2326.99455352823 	 0.45012414963 
0.13219411485 	 2411.23412983612 	 0.45756582248 
0.13219411485 	 2498.52326472839 	 0.46507939072 
0.13219411485 	 2588.97235533627 	 0.47266872071 
0.13219411485 	 2682.69579527972 	 0.48032758867 
0.13219411485 	 2779.81211934445 	 0.48805598969 
0.13219411485 	 2880.44415339630 	 0.49584971738 
0.13219411485 	 2984.71916972271 	 0.50370866522 
0.13219411485 	 3092.76904799777 	 0.51163103012 
0.13219411485 	 3204.73044207429 	 0.51961410899 
0.13219411485 	 3320.74495281390 	 0.52765814057 
0.13219411485 	 3440.95930717388 	 0.53575967985 
0.13219411485 	 3565.52554377701 	 0.54391413690 
0.13219411485 	 3694.60120519930 	 0.55212017997 
0.13219411485 	 3828.34953721869 	 0.56037398596 
0.13219411485 	 3966.93969527677 	 0.56867319046 
0.13219411485 	 4110.54695841470 	 0.57701471460 
0.13219411485 	 4259.35295095366 	 0.58539565436 
0.13219411485 	 4413.54587220053 	 0.59381221116 
0.13219411485 	 4573.32073446906 	 0.60225978896 
0.13219411485 	 4738.87960971766 	 0.61073514031 
0.13219411485 	 4910.43188511573 	 0.61923471179 
0.13219411485 	 5088.19452786179 	 0.62775385539 
0.13219411485 	 5272.39235958825 	 0.63628803395 
0.13219411485 	 5463.25834069991 	 0.64483268884 
0.13219411485 	 5661.03386500583 	 0.65338297777 
0.13219411485 	 5865.96906501720 	 0.66193424088 
0.13219411485 	 6078.32312829723 	 0.67048175350 
0.13219411485 	 6298.36462526327 	 0.67902050241 
0.13219411485 	 6526.37184885573 	 0.68754442325 
0.13219411485 	 6762.63316650331 	 0.69604805494 
0.13219411485 	 7007.44738482975 	 0.70452550063 
0.13219411485 	 7261.12412756334 	 0.71297233011 
0.13219411485 	 7523.98422712716 	 0.72138219893 
0.13219411485 	 7796.36013040524 	 0.72974942008 
0.13219411485 	 8078.59631919787 	 0.73806672258 
0.13219411485 	 8371.04974589791 	 0.74632790901 
0.13219411485 	 8674.09028493891 	 0.75452795983 
0.13219411485 	 8988.10120058618 	 0.76266139210 
0.13219411485 	 9313.47963166233 	 0.77072135109 
0.13219411485 	 9650.63709382046 	 0.77869976532 
0.13219411485 	 10000.00000000000 	 0.78659161110 
