0.00114975700 	 0.00000000000 	 0.00000130490 
0.00114975700 	 0.01000000000 	 0.00000130604 
0.00114975700 	 0.02000000000 	 0.00000130718 
0.00114975700 	 0.03000000000 	 0.00000130833 
0.00114975700 	 0.04000000000 	 0.00000130947 
0.00114975700 	 0.05000000000 	 0.00000131062 
0.00114975700 	 0.06000000000 	 0.00000131177 
0.00114975700 	 0.07000000000 	 0.00000131292 
0.00114975700 	 0.08000000000 	 0.00000131408 
0.00114975700 	 0.09000000000 	 0.00000131523 
0.00114975700 	 0.10000000000 	 0.00000131638 
0.00114975700 	 0.11000000000 	 0.00000131753 
0.00114975700 	 0.12000000000 	 0.00000131868 
0.00114975700 	 0.13000000000 	 0.00000131983 
0.00114975700 	 0.14000000000 	 0.00000132099 
0.00114975700 	 0.15000000000 	 0.00000132214 
0.00114975700 	 0.16000000000 	 0.00000132329 
0.00114975700 	 0.17000000000 	 0.00000132445 
0.00114975700 	 0.18000000000 	 0.00000132561 
0.00114975700 	 0.19000000000 	 0.00000132677 
0.00114975700 	 0.20000000000 	 0.00000132793 
0.00114975700 	 0.21000000000 	 0.00000132909 
0.00114975700 	 0.22000000000 	 0.00000133025 
0.00114975700 	 0.23000000000 	 0.00000133141 
0.00114975700 	 0.24000000000 	 0.00000133257 
0.00114975700 	 0.25000000000 	 0.00000133374 
0.00114975700 	 0.26000000000 	 0.00000133490 
0.00114975700 	 0.27000000000 	 0.00000133607 
0.00114975700 	 0.28000000000 	 0.00000133723 
0.00114975700 	 0.29000000000 	 0.00000133840 
0.00114975700 	 0.30000000000 	 0.00000133957 
0.00114975700 	 0.31000000000 	 0.00000134074 
0.00114975700 	 0.32000000000 	 0.00000134191 
0.00114975700 	 0.33000000000 	 0.00000134308 
0.00114975700 	 0.34000000000 	 0.00000134425 
0.00114975700 	 0.35000000000 	 0.00000134543 
0.00114975700 	 0.36000000000 	 0.00000134660 
0.00114975700 	 0.37000000000 	 0.00000134777 
0.00114975700 	 0.38000000000 	 0.00000134895 
0.00114975700 	 0.39000000000 	 0.00000135013 
0.00114975700 	 0.40000000000 	 0.00000135130 
0.00114975700 	 0.41000000000 	 0.00000135248 
0.00114975700 	 0.42000000000 	 0.00000135366 
0.00114975700 	 0.43000000000 	 0.00000135484 
0.00114975700 	 0.44000000000 	 0.00000135602 
0.00114975700 	 0.45000000000 	 0.00000135720 
0.00114975700 	 0.46000000000 	 0.00000135838 
0.00114975700 	 0.47000000000 	 0.00000135956 
0.00114975700 	 0.48000000000 	 0.00000136074 
0.00114975700 	 0.49000000000 	 0.00000136193 
0.00114975700 	 0.50000000000 	 0.00000136311 
0.00114975700 	 0.51000000000 	 0.00000136430 
0.00114975700 	 0.52000000000 	 0.00000136549 
0.00114975700 	 0.53000000000 	 0.00000136667 
0.00114975700 	 0.54000000000 	 0.00000136786 
0.00114975700 	 0.55000000000 	 0.00000136905 
0.00114975700 	 0.56000000000 	 0.00000137024 
0.00114975700 	 0.57000000000 	 0.00000137143 
0.00114975700 	 0.58000000000 	 0.00000137262 
0.00114975700 	 0.59000000000 	 0.00000137381 
0.00114975700 	 0.60000000000 	 0.00000137501 
0.00114975700 	 0.61000000000 	 0.00000137620 
0.00114975700 	 0.62000000000 	 0.00000137739 
0.00114975700 	 0.63000000000 	 0.00000137859 
0.00114975700 	 0.64000000000 	 0.00000137979 
0.00114975700 	 0.65000000000 	 0.00000138098 
0.00114975700 	 0.66000000000 	 0.00000138218 
0.00114975700 	 0.67000000000 	 0.00000138338 
0.00114975700 	 0.68000000000 	 0.00000138458 
0.00114975700 	 0.69000000000 	 0.00000138578 
0.00114975700 	 0.70000000000 	 0.00000138698 
0.00114975700 	 0.71000000000 	 0.00000138818 
0.00114975700 	 0.72000000000 	 0.00000138938 
0.00114975700 	 0.73000000000 	 0.00000139059 
0.00114975700 	 0.74000000000 	 0.00000139179 
0.00114975700 	 0.75000000000 	 0.00000139300 
0.00114975700 	 0.76000000000 	 0.00000139420 
0.00114975700 	 0.77000000000 	 0.00000139541 
0.00114975700 	 0.78000000000 	 0.00000139662 
0.00114975700 	 0.79000000000 	 0.00000139783 
0.00114975700 	 0.80000000000 	 0.00000139904 
0.00114975700 	 0.81000000000 	 0.00000140025 
0.00114975700 	 0.82000000000 	 0.00000140146 
0.00114975700 	 0.83000000000 	 0.00000140267 
0.00114975700 	 0.84000000000 	 0.00000140388 
0.00114975700 	 0.85000000000 	 0.00000140509 
0.00114975700 	 0.86000000000 	 0.00000140630 
0.00114975700 	 0.87000000000 	 0.00000140752 
0.00114975700 	 0.88000000000 	 0.00000140873 
0.00114975700 	 0.89000000000 	 0.00000140995 
0.00114975700 	 0.90000000000 	 0.00000141117 
0.00114975700 	 0.91000000000 	 0.00000141238 
0.00114975700 	 0.92000000000 	 0.00000141360 
0.00114975700 	 0.93000000000 	 0.00000141482 
0.00114975700 	 0.94000000000 	 0.00000141604 
0.00114975700 	 0.95000000000 	 0.00000141726 
0.00114975700 	 0.96000000000 	 0.00000141848 
0.00114975700 	 0.97000000000 	 0.00000141971 
0.00114975700 	 0.98000000000 	 0.00000142093 
0.00114975700 	 0.99000000000 	 0.00000142216 
0.00114975700 	 1.00000000000 	 0.00000142338 
0.00114975700 	 1.03620101997 	 0.00000142781 
0.00114975700 	 1.07371255379 	 0.00000143242 
0.00114975700 	 1.11258204340 	 0.00000143721 
0.00114975700 	 1.15285864817 	 0.00000144220 
0.00114975700 	 1.19459330712 	 0.00000144739 
0.00114975700 	 1.23783880329 	 0.00000145277 
0.00114975700 	 1.28264983053 	 0.00000145838 
0.00114975700 	 1.32908306266 	 0.00000146420 
0.00114975700 	 1.37719722516 	 0.00000147025 
0.00114975700 	 1.42705316941 	 0.00000147147 
0.00114975700 	 1.47871394970 	 0.00000147874 
0.00114975700 	 1.53224490292 	 0.00000148628 
0.00114975700 	 1.58771373126 	 0.00000150497 
0.00114975700 	 1.64519058775 	 0.00000151244 
0.00114975700 	 1.70474816508 	 0.00000152020 
0.00114975700 	 1.76646178745 	 0.00000152829 
0.00114975700 	 1.83040950590 	 0.00000153670 
0.00114975700 	 1.89667219698 	 0.00000154545 
0.00114975700 	 1.96533366506 	 0.00000155456 
0.00114975700 	 2.03648074833 	 0.00000156403 
0.00114975700 	 2.11020342857 	 0.00000157390 
0.00114975700 	 2.18659494503 	 0.00000158416 
0.00114975700 	 2.26575191231 	 0.00000159485 
0.00114975700 	 2.34777444254 	 0.00000160600 
0.00114975700 	 2.43276627202 	 0.00000161763 
0.00114975700 	 2.52083489243 	 0.00000162976 
0.00114975700 	 2.61209168671 	 0.00000164014 
0.00114975700 	 2.70665207003 	 0.00000165412 
0.00114975700 	 2.80463563568 	 0.00000166865 
0.00114975700 	 2.90616630634 	 0.00000168384 
0.00114975700 	 3.01137249084 	 0.00000170006 
0.00114975700 	 3.12038724653 	 0.00000171642 
0.00114975700 	 3.23334844756 	 0.00000173340 
0.00114975700 	 3.35039895929 	 0.00000175091 
0.00114975700 	 3.47168681893 	 0.00000176892 
0.00114975700 	 3.59736542280 	 0.00000178765 
0.00114975700 	 3.72759372031 	 0.00000180726 
0.00114975700 	 3.86253641503 	 0.00000182777 
0.00114975700 	 4.00236417294 	 0.00000184920 
0.00114975700 	 4.14725383830 	 0.00000187158 
0.00114975700 	 4.29738865733 	 0.00000189494 
0.00114975700 	 4.45295850994 	 0.00000191933 
0.00114975700 	 4.61416014990 	 0.00000194487 
0.00114975700 	 4.78119745364 	 0.00000197161 
0.00114975700 	 4.95428167815 	 0.00000199946 
0.00114975700 	 5.13363172813 	 0.00000202876 
0.00114975700 	 5.31947443285 	 0.00000205542 
0.00114975700 	 5.51204483304 	 0.00000209065 
0.00114975700 	 5.71158647813 	 0.00000212725 
0.00114975700 	 5.91835173430 	 0.00000216552 
0.00114975700 	 6.13260210363 	 0.00000220513 
0.00114975700 	 6.35460855487 	 0.00000224213 
0.00114975700 	 6.58465186608 	 0.00000228658 
0.00114975700 	 6.82302297979 	 0.00000233302 
0.00114975700 	 7.07002337096 	 0.00000238160 
0.00114975700 	 7.32596542822 	 0.00000243243 
0.00114975700 	 7.59117284900 	 0.00000248551 
0.00114975700 	 7.86598104892 	 0.00000254117 
0.00114975700 	 8.15073758597 	 0.00000259962 
0.00114975700 	 8.44580260011 	 0.00000266110 
0.00114975700 	 8.75154926872 	 0.00000272582 
0.00114975700 	 9.06836427859 	 0.00000279402 
0.00114975700 	 9.39664831495 	 0.00000286596 
0.00114975700 	 9.73681656828 	 0.00000294204 
0.00114975700 	 10.08929925933 	 0.00000302264 
0.00114975700 	 10.45454218333 	 0.00000310539 
0.00114975700 	 10.83300727371 	 0.00000320058 
0.00114975700 	 11.22517318638 	 0.00000330068 
0.00114975700 	 11.63153590510 	 0.00000340622 
0.00114975700 	 12.05260936871 	 0.00000351764 
0.00114975700 	 12.48892612118 	 0.00000363544 
0.00114975700 	 12.94103798513 	 0.00000376028 
0.00114975700 	 13.40951675969 	 0.00000389276 
0.00114975700 	 13.89495494373 	 0.00000403357 
0.00114975700 	 14.39796648516 	 0.00000418316 
0.00114975700 	 14.91918755746 	 0.00000434079 
0.00114975700 	 15.45927736419 	 0.00000451346 
0.00114975700 	 16.01891897281 	 0.00000469718 
0.00114975700 	 16.59882017849 	 0.00000489337 
0.00114975700 	 17.19971439928 	 0.00000510328 
0.00114975700 	 17.82236160377 	 0.00000532795 
0.00114975700 	 18.46754927215 	 0.00000557038 
0.00114975700 	 19.13609339219 	 0.00000583313 
0.00114975700 	 19.82883949127 	 0.00000611737 
0.00114975700 	 20.54666370572 	 0.00000641440 
0.00114975700 	 21.29047388890 	 0.00000673798 
0.00114975700 	 22.06121075937 	 0.00000709545 
0.00114975700 	 22.85984909069 	 0.00000747152 
0.00114975700 	 23.68739894419 	 0.00000788360 
0.00114975700 	 24.54490694646 	 0.00000832656 
0.00114975700 	 25.43345761305 	 0.00000880461 
0.00114975700 	 26.35417472006 	 0.00000932301 
0.00114975700 	 27.30822272546 	 0.00000989786 
0.00114975700 	 28.29680824175 	 0.00001051704 
0.00114975700 	 29.32118156207 	 0.00001118641 
0.00114975700 	 30.38263824141 	 0.00001191311 
0.00114975700 	 31.48252073520 	 0.00001270426 
0.00114975700 	 32.62222009712 	 0.00001358099 
0.00114975700 	 33.80317773840 	 0.00001453183 
0.00114975700 	 35.02688725083 	 0.00001556719 
0.00114975700 	 36.29489629577 	 0.00001669828 
0.00114975700 	 37.60880856147 	 0.00001794001 
0.00114975700 	 38.97028579134 	 0.00001930476 
0.00114975700 	 40.38104988560 	 0.00002079798 
0.00114975700 	 41.84288507902 	 0.00002243769 
0.00114975700 	 43.35764019746 	 0.00002425002 
0.00114975700 	 44.92723099621 	 0.00002623616 
0.00114975700 	 46.55364258280 	 0.00002842972 
0.00114975700 	 48.23893192773 	 0.00003085157 
0.00114975700 	 49.98523046589 	 0.00003351682 
0.00114975700 	 51.79474679231 	 0.00003647127 
0.00114975700 	 53.66976945540 	 0.00003973559 
0.00114975700 	 55.61266985137 	 0.00004334692 
0.00114975700 	 57.62590522338 	 0.00004735257 
0.00114975700 	 59.71202176930 	 0.00005176926 
0.00114975700 	 61.87365786196 	 0.00005671224 
0.00114975700 	 64.11354738598 	 0.00006216787 
0.00114975700 	 66.43452319540 	 0.00006823579 
0.00114975700 	 68.83952069645 	 0.00007498138 
0.00114975700 	 71.33158156008 	 0.00008245811 
0.00114975700 	 73.91385756879 	 0.00009081927 
0.00114975700 	 76.58961460288 	 0.00010008278 
0.00114975700 	 79.36223677079 	 0.00011043389 
0.00114975700 	 82.23523068918 	 0.00012195405 
0.00114975700 	 85.21222991780 	 0.00013475668 
0.00114975700 	 88.29699955494 	 0.00014907543 
0.00114975700 	 91.49344099933 	 0.00016494292 
0.00114975700 	 94.80559688429 	 0.00018274802 
0.00114975700 	 98.23765619059 	 0.00020250146 
0.00114975700 	 101.79395954438 	 0.00022456591 
0.00114975700 	 105.47900470692 	 0.00024910080 
0.00114975700 	 109.29745226298 	 0.00027649925 
0.00114975700 	 113.25413151528 	 0.00030696552 
0.00114975700 	 117.35404659222 	 0.00034099023 
0.00114975700 	 121.60238277674 	 0.00037877842 
0.00114975700 	 126.00451306433 	 0.00042076586 
0.00114975700 	 130.56600495838 	 0.00046767199 
0.00114975700 	 135.29262751160 	 0.00051963418 
0.00114975700 	 140.19035862226 	 0.00057741111 
0.00114975700 	 145.26539259468 	 0.00064147377 
0.00114975700 	 150.52414797329 	 0.00071277084 
0.00114975700 	 155.97327566040 	 0.00079158355 
0.00114975700 	 161.61966732774 	 0.00087899546 
0.00114975700 	 167.47046413260 	 0.00097560951 
0.00114975700 	 173.53306574945 	 0.00108221282 
0.00114975700 	 179.81513972851 	 0.00120016681 
0.00114975700 	 186.32463119316 	 0.00133005356 
0.00114975700 	 193.06977288832 	 0.00147324147 
0.00114975700 	 200.05909559272 	 0.00163061703 
0.00114975700 	 207.30143890792 	 0.00180371743 
0.00114975700 	 214.80596243813 	 0.00199322477 
0.00114975700 	 222.58215737454 	 0.00220152371 
0.00114975700 	 230.63985849915 	 0.00242900973 
0.00114975700 	 238.98925662311 	 0.00267737978 
0.00114975700 	 247.64091147530 	 0.00294847265 
0.00114975700 	 256.60576505760 	 0.00324351448 
0.00114975700 	 265.89515548347 	 0.00356427422 
0.00114975700 	 275.52083131769 	 0.00391247763 
0.00114975700 	 285.49496643503 	 0.00428950187 
0.00114975700 	 295.83017541695 	 0.00469755890 
0.00114975700 	 306.53952950565 	 0.00513802886 
0.00114975700 	 317.63657313561 	 0.00561297107 
0.00114975700 	 329.13534106365 	 0.00612410531 
0.00114975700 	 341.05037611911 	 0.00667287443 
0.00114975700 	 353.39674759658 	 0.00726116728 
0.00114975700 	 366.19007031450 	 0.00789066490 
0.00114975700 	 379.44652436364 	 0.00856301111 
0.00114975700 	 393.18287557058 	 0.00927971772 
0.00114975700 	 407.41649670190 	 0.01004249159 
0.00114975700 	 422.16538943608 	 0.01085261862 
0.00114975700 	 437.44820713071 	 0.01171135774 
0.00114975700 	 453.28427841392 	 0.01261999013 
0.00114975700 	 469.69363162995 	 0.01357960661 
0.00114975700 	 486.69702016948 	 0.01459108261 
0.00114975700 	 504.31594871714 	 0.01565559447 
0.00114975700 	 522.57270044903 	 0.01677333001 
0.00114975700 	 541.49036521501 	 0.01794535250 
0.00114975700 	 561.09286874100 	 0.01917154574 
0.00114975700 	 581.40500288865 	 0.02045232956 
0.00114975700 	 602.45245701027 	 0.02178747740 
0.00114975700 	 624.26185043890 	 0.02317739477 
0.00114975700 	 646.86076615463 	 0.02462140435 
0.00114975700 	 670.27778566954 	 0.02611902517 
0.00114975700 	 694.54252517561 	 0.02766965836 
0.00114975700 	 719.68567300115 	 0.02927249846 
0.00114975700 	 745.73902842330 	 0.03092669334 
0.00114975700 	 772.73554188543 	 0.03263133133 
0.00114975700 	 800.70935667059 	 0.03438527577 
0.00114975700 	 829.69585208349 	 0.03618696645 
0.00114975700 	 859.73168819576 	 0.03803562989 
0.00114975700 	 890.85485221102 	 0.03992891765 
0.00114975700 	 923.10470650840 	 0.04186607520 
0.00114975700 	 956.52203842531 	 0.04384539618 
0.00114975700 	 991.14911184236 	 0.04586462583 
0.00114975700 	 1027.02972063577 	 0.04792481142 
0.00114975700 	 1064.20924406472 	 0.05002183552 
0.00114975700 	 1102.73470416390 	 0.05215526805 
0.00114975700 	 1142.65482521357 	 0.05432352783 
0.00114975700 	 1184.02009536266 	 0.05652580104 
0.00114975700 	 1226.88283048257 	 0.05876131709 
0.00114975700 	 1271.29724033264 	 0.06102808907 
0.00114975700 	 1317.31949712075 	 0.06332655435 
0.00114975700 	 1365.00780654601 	 0.06565518780 
0.00114975700 	 1414.42248141323 	 0.06801312313 
0.00114975700 	 1465.62601791225 	 0.07040037324 
0.00114975700 	 1518.68317465873 	 0.07281637273 
0.00114975700 	 1573.66105459626 	 0.07526253243 
0.00114975700 	 1630.62918986345 	 0.07773767614 
0.00114975700 	 1689.65962973324 	 0.08024218466 
0.00114975700 	 1750.82703173573 	 0.08277732700 
0.00114975700 	 1814.20875607977 	 0.08534186350 
0.00114975700 	 1879.88496349267 	 0.08793777180 
0.00114975700 	 1947.93871660183 	 0.09056664343 
0.00114975700 	 2018.45608498650 	 0.09322805036 
0.00114975700 	 2091.52625403246 	 0.09592201520 
0.00114975700 	 2167.24163772744 	 0.09865202794 
0.00114975700 	 2245.69799553977 	 0.10141866504 
0.00114975700 	 2326.99455352823 	 0.10422188361 
0.00114975700 	 2411.23412983612 	 0.10706330758 
0.00114975700 	 2498.52326472839 	 0.10994388260 
0.00114975700 	 2588.97235533627 	 0.11286484495 
0.00114975700 	 2682.69579527972 	 0.11582825516 
0.00114975700 	 2779.81211934445 	 0.11883510212 
0.00114975700 	 2880.44415339630 	 0.12188560192 
0.00114975700 	 2984.71916972271 	 0.12498116043 
0.00114975700 	 3092.76904799777 	 0.12812390867 
0.00114975700 	 3204.73044207429 	 0.13131491285 
0.00114975700 	 3320.74495281390 	 0.13455367120 
0.00114975700 	 3440.95930717388 	 0.13784382273 
0.00114975700 	 3565.52554377701 	 0.14118351725 
0.00114975700 	 3694.60120519930 	 0.14457568908 
0.00114975700 	 3828.34953721869 	 0.14801955813 
0.00114975700 	 3966.93969527677 	 0.15151799530 
0.00114975700 	 4110.54695841470 	 0.15507349028 
0.00114975700 	 4259.35295095366 	 0.15868388039 
0.00114975700 	 4413.54587220053 	 0.16235167490 
0.00114975700 	 4573.32073446906 	 0.16607694019 
0.00114975700 	 4738.87960971766 	 0.16986074995 
0.00114975700 	 4910.43188511573 	 0.17370459537 
0.00114975700 	 5088.19452786179 	 0.17760929662 
0.00114975700 	 5272.39235958825 	 0.18157588690 
0.00114975700 	 5463.25834069991 	 0.18560541613 
0.00114975700 	 5661.03386500583 	 0.18970021617 
0.00114975700 	 5865.96906501720 	 0.19385740521 
0.00114975700 	 6078.32312829723 	 0.19807969258 
0.00114975700 	 6298.36462526327 	 0.20237071693 
0.00114975700 	 6526.37184885573 	 0.20672714699 
0.00114975700 	 6762.63316650331 	 0.21115248300 
0.00114975700 	 7007.44738482975 	 0.21564615905 
0.00114975700 	 7261.12412756334 	 0.22020951510 
0.00114975700 	 7523.98422712716 	 0.22484473098 
0.00114975700 	 7796.36013040524 	 0.22955150947 
0.00114975700 	 8078.59631919787 	 0.23432964593 
0.00114975700 	 8371.04974589791 	 0.23917924820 
0.00114975700 	 8674.09028493891 	 0.24410383024 
0.00114975700 	 8988.10120058618 	 0.24910289265 
0.00114975700 	 9313.47963166233 	 0.25417894420 
0.00114975700 	 9650.63709382046 	 0.25932905401 
0.00114975700 	 10000.00000000000 	 0.26455955783 
