0.02656087783 	 0.00000000000 	 0.00000768558 
0.02656087783 	 0.01000000000 	 0.00000780301 
0.02656087783 	 0.02000000000 	 0.00000792181 
0.02656087783 	 0.03000000000 	 0.00000804202 
0.02656087783 	 0.04000000000 	 0.00000816365 
0.02656087783 	 0.05000000000 	 0.00000827718 
0.02656087783 	 0.06000000000 	 0.00000840732 
0.02656087783 	 0.07000000000 	 0.00000853834 
0.02656087783 	 0.08000000000 	 0.00000867036 
0.02656087783 	 0.09000000000 	 0.00000880339 
0.02656087783 	 0.10000000000 	 0.00000893750 
0.02656087783 	 0.11000000000 	 0.00000907280 
0.02656087783 	 0.12000000000 	 0.00000920931 
0.02656087783 	 0.13000000000 	 0.00000934708 
0.02656087783 	 0.14000000000 	 0.00000948616 
0.02656087783 	 0.15000000000 	 0.00000962658 
0.02656087783 	 0.16000000000 	 0.00000976842 
0.02656087783 	 0.17000000000 	 0.00000991168 
0.02656087783 	 0.18000000000 	 0.00001005638 
0.02656087783 	 0.19000000000 	 0.00001019126 
0.02656087783 	 0.20000000000 	 0.00001033826 
0.02656087783 	 0.21000000000 	 0.00001047884 
0.02656087783 	 0.22000000000 	 0.00001063483 
0.02656087783 	 0.23000000000 	 0.00001079167 
0.02656087783 	 0.24000000000 	 0.00001094956 
0.02656087783 	 0.25000000000 	 0.00001111367 
0.02656087783 	 0.26000000000 	 0.00001126527 
0.02656087783 	 0.27000000000 	 0.00001142874 
0.02656087783 	 0.28000000000 	 0.00001159364 
0.02656087783 	 0.29000000000 	 0.00001175999 
0.02656087783 	 0.30000000000 	 0.00001192782 
0.02656087783 	 0.31000000000 	 0.00001209714 
0.02656087783 	 0.32000000000 	 0.00001226800 
0.02656087783 	 0.33000000000 	 0.00001244046 
0.02656087783 	 0.34000000000 	 0.00001261457 
0.02656087783 	 0.35000000000 	 0.00001279034 
0.02656087783 	 0.36000000000 	 0.00001296783 
0.02656087783 	 0.37000000000 	 0.00001314705 
0.02656087783 	 0.38000000000 	 0.00001332806 
0.02656087783 	 0.39000000000 	 0.00001351087 
0.02656087783 	 0.40000000000 	 0.00001369552 
0.02656087783 	 0.41000000000 	 0.00001388202 
0.02656087783 	 0.42000000000 	 0.00001407037 
0.02656087783 	 0.43000000000 	 0.00001426071 
0.02656087783 	 0.44000000000 	 0.00001445323 
0.02656087783 	 0.45000000000 	 0.00001464761 
0.02656087783 	 0.46000000000 	 0.00001484397 
0.02656087783 	 0.47000000000 	 0.00001504239 
0.02656087783 	 0.48000000000 	 0.00001524285 
0.02656087783 	 0.49000000000 	 0.00001544110 
0.02656087783 	 0.50000000000 	 0.00001564758 
0.02656087783 	 0.51000000000 	 0.00001585588 
0.02656087783 	 0.52000000000 	 0.00001606606 
0.02656087783 	 0.53000000000 	 0.00001627820 
0.02656087783 	 0.54000000000 	 0.00001649233 
0.02656087783 	 0.55000000000 	 0.00001670850 
0.02656087783 	 0.56000000000 	 0.00001692666 
0.02656087783 	 0.57000000000 	 0.00001714696 
0.02656087783 	 0.58000000000 	 0.00001736932 
0.02656087783 	 0.59000000000 	 0.00001758715 
0.02656087783 	 0.60000000000 	 0.00001781202 
0.02656087783 	 0.61000000000 	 0.00001804020 
0.02656087783 	 0.62000000000 	 0.00001827278 
0.02656087783 	 0.63000000000 	 0.00001850525 
0.02656087783 	 0.64000000000 	 0.00001874041 
0.02656087783 	 0.65000000000 	 0.00001897246 
0.02656087783 	 0.66000000000 	 0.00001921557 
0.02656087783 	 0.67000000000 	 0.00001946042 
0.02656087783 	 0.68000000000 	 0.00001970765 
0.02656087783 	 0.69000000000 	 0.00001995680 
0.02656087783 	 0.70000000000 	 0.00002020799 
0.02656087783 	 0.71000000000 	 0.00002046138 
0.02656087783 	 0.72000000000 	 0.00002071700 
0.02656087783 	 0.73000000000 	 0.00002097474 
0.02656087783 	 0.74000000000 	 0.00002123696 
0.02656087783 	 0.75000000000 	 0.00002149961 
0.02656087783 	 0.76000000000 	 0.00002175307 
0.02656087783 	 0.77000000000 	 0.00002201398 
0.02656087783 	 0.78000000000 	 0.00002228867 
0.02656087783 	 0.79000000000 	 0.00002256500 
0.02656087783 	 0.80000000000 	 0.00002284307 
0.02656087783 	 0.81000000000 	 0.00002312316 
0.02656087783 	 0.82000000000 	 0.00002340544 
0.02656087783 	 0.83000000000 	 0.00002369005 
0.02656087783 	 0.84000000000 	 0.00002397695 
0.02656087783 	 0.85000000000 	 0.00002426611 
0.02656087783 	 0.86000000000 	 0.00002455763 
0.02656087783 	 0.87000000000 	 0.00002485143 
0.02656087783 	 0.88000000000 	 0.00002514798 
0.02656087783 	 0.89000000000 	 0.00002544715 
0.02656087783 	 0.90000000000 	 0.00002574885 
0.02656087783 	 0.91000000000 	 0.00002607240 
0.02656087783 	 0.92000000000 	 0.00002637988 
0.02656087783 	 0.93000000000 	 0.00002669018 
0.02656087783 	 0.94000000000 	 0.00002698427 
0.02656087783 	 0.95000000000 	 0.00002729438 
0.02656087783 	 0.96000000000 	 0.00002761882 
0.02656087783 	 0.97000000000 	 0.00002794534 
0.02656087783 	 0.98000000000 	 0.00002827411 
0.02656087783 	 0.99000000000 	 0.00002860521 
0.02656087783 	 1.00000000000 	 0.00002893859 
0.02656087783 	 1.03620101997 	 0.00003017426 
0.02656087783 	 1.07371255379 	 0.00003148385 
0.02656087783 	 1.11258204340 	 0.00003288370 
0.02656087783 	 1.15285864817 	 0.00003438741 
0.02656087783 	 1.19459330712 	 0.00003601321 
0.02656087783 	 1.23783880329 	 0.00003775095 
0.02656087783 	 1.28264983053 	 0.00003961281 
0.02656087783 	 1.32908306266 	 0.00004161228 
0.02656087783 	 1.37719722516 	 0.00004375710 
0.02656087783 	 1.42705316941 	 0.00004609023 
0.02656087783 	 1.47871394970 	 0.00004859638 
0.02656087783 	 1.53224490292 	 0.00005129565 
0.02656087783 	 1.58771373126 	 0.00005420390 
0.02656087783 	 1.64519058775 	 0.00005737183 
0.02656087783 	 1.70474816508 	 0.00006078519 
0.02656087783 	 1.76646178745 	 0.00006447388 
0.02656087783 	 1.83040950590 	 0.00006847043 
0.02656087783 	 1.89667219698 	 0.00007282334 
0.02656087783 	 1.96533366506 	 0.00007752414 
0.02656087783 	 2.03648074833 	 0.00008262588 
0.02656087783 	 2.11020342857 	 0.00008821062 
0.02656087783 	 2.18659494503 	 0.00009425614 
0.02656087783 	 2.26575191231 	 0.00010082971 
0.02656087783 	 2.34777444254 	 0.00010802842 
0.02656087783 	 2.43276627202 	 0.00011583918 
0.02656087783 	 2.52083489243 	 0.00012438115 
0.02656087783 	 2.61209168671 	 0.00013370283 
0.02656087783 	 2.70665207003 	 0.00014382270 
0.02656087783 	 2.80463563568 	 0.00015493653 
0.02656087783 	 2.90616630634 	 0.00016705888 
0.02656087783 	 3.01137249084 	 0.00018036674 
0.02656087783 	 3.12038724653 	 0.00019489700 
0.02656087783 	 3.23334844756 	 0.00021080294 
0.02656087783 	 3.35039895929 	 0.00022829580 
0.02656087783 	 3.47168681893 	 0.00024738808 
0.02656087783 	 3.59736542280 	 0.00026833767 
0.02656087783 	 3.72759372031 	 0.00029133238 
0.02656087783 	 3.86253641503 	 0.00031665757 
0.02656087783 	 4.00236417294 	 0.00034437835 
0.02656087783 	 4.14725383830 	 0.00037472770 
0.02656087783 	 4.29738865733 	 0.00040809221 
0.02656087783 	 4.45295850994 	 0.00044465579 
0.02656087783 	 4.61416014990 	 0.00048484205 
0.02656087783 	 4.78119745364 	 0.00052890465 
0.02656087783 	 4.95428167815 	 0.00057740873 
0.02656087783 	 5.13363172813 	 0.00063052421 
0.02656087783 	 5.31947443285 	 0.00068875905 
0.02656087783 	 5.51204483304 	 0.00075255636 
0.02656087783 	 5.71158647813 	 0.00082246753 
0.02656087783 	 5.91835173430 	 0.00089943234 
0.02656087783 	 6.13260210363 	 0.00098360467 
0.02656087783 	 6.35460855487 	 0.00107589585 
0.02656087783 	 6.58465186608 	 0.00117707975 
0.02656087783 	 6.82302297979 	 0.00128750310 
0.02656087783 	 7.07002337096 	 0.00140814315 
0.02656087783 	 7.32596542822 	 0.00154003172 
0.02656087783 	 7.59117284900 	 0.00168396176 
0.02656087783 	 7.86598104892 	 0.00184071186 
0.02656087783 	 8.15073758597 	 0.00201195851 
0.02656087783 	 8.44580260011 	 0.00219833080 
0.02656087783 	 8.75154926872 	 0.00240105305 
0.02656087783 	 9.06836427859 	 0.00262127776 
0.02656087783 	 9.39664831495 	 0.00286060230 
0.02656087783 	 9.73681656828 	 0.00311983843 
0.02656087783 	 10.08929925933 	 0.00340089769 
0.02656087783 	 10.45454218333 	 0.00370460632 
0.02656087783 	 10.83300727371 	 0.00403291645 
0.02656087783 	 11.22517318638 	 0.00438697753 
0.02656087783 	 11.63153590510 	 0.00476852578 
0.02656087783 	 12.05260936871 	 0.00517917103 
0.02656087783 	 12.48892612118 	 0.00562038346 
0.02656087783 	 12.94103798513 	 0.00609382728 
0.02656087783 	 13.40951675969 	 0.00660128590 
0.02656087783 	 13.89495494373 	 0.00714426550 
0.02656087783 	 14.39796648516 	 0.00772412567 
0.02656087783 	 14.91918755746 	 0.00834276795 
0.02656087783 	 15.45927736419 	 0.00900155466 
0.02656087783 	 16.01891897281 	 0.00970190072 
0.02656087783 	 16.59882017849 	 0.01044539379 
0.02656087783 	 17.19971439928 	 0.01123313156 
0.02656087783 	 17.82236160377 	 0.01206737490 
0.02656087783 	 18.46754927215 	 0.01294824025 
0.02656087783 	 19.13609339219 	 0.01387721790 
0.02656087783 	 19.82883949127 	 0.01485527347 
0.02656087783 	 20.54666370572 	 0.01588350669 
0.02656087783 	 21.29047388890 	 0.01696235981 
0.02656087783 	 22.06121075937 	 0.01809299980 
0.02656087783 	 22.85984909069 	 0.01927552483 
0.02656087783 	 23.68739894419 	 0.02051043675 
0.02656087783 	 24.54490694646 	 0.02179770097 
0.02656087783 	 25.43345761305 	 0.02313720152 
0.02656087783 	 26.35417472006 	 0.02452946433 
0.02656087783 	 27.30822272546 	 0.02597398308 
0.02656087783 	 28.29680824175 	 0.02747077454 
0.02656087783 	 29.32118156207 	 0.02901836842 
0.02656087783 	 30.38263824141 	 0.03061649833 
0.02656087783 	 31.48252073520 	 0.03226430031 
0.02656087783 	 32.62222009712 	 0.03396075166 
0.02656087783 	 33.80317773840 	 0.03570471629 
0.02656087783 	 35.02688725083 	 0.03749653807 
0.02656087783 	 36.29489629577 	 0.03933289883 
0.02656087783 	 37.60880856147 	 0.04121394368 
0.02656087783 	 38.97028579134 	 0.04313721595 
0.02656087783 	 40.38104988560 	 0.04510176407 
0.02656087783 	 41.84288507902 	 0.04710608918 
0.02656087783 	 43.35764019746 	 0.04914964732 
0.02656087783 	 44.92723099621 	 0.05122992866 
0.02656087783 	 46.55364258280 	 0.05334648610 
0.02656087783 	 48.23893192773 	 0.05549738523 
0.02656087783 	 49.98523046589 	 0.05768170480 
0.02656087783 	 51.79474679231 	 0.05989889179 
0.02656087783 	 53.66976945540 	 0.06214717153 
0.02656087783 	 55.61266985137 	 0.06442617459 
0.02656087783 	 57.62590522338 	 0.06673507232 
0.02656087783 	 59.71202176930 	 0.06907448671 
0.02656087783 	 61.87365786196 	 0.07144213668 
0.02656087783 	 64.11354738598 	 0.07383847625 
0.02656087783 	 66.43452319540 	 0.07626364291 
0.02656087783 	 68.83952069645 	 0.07871775311 
0.02656087783 	 71.33158156008 	 0.08120127038 
0.02656087783 	 73.91385756879 	 0.08371428234 
0.02656087783 	 76.58961460288 	 0.08625699674 
0.02656087783 	 79.36223677079 	 0.08882959987 
0.02656087783 	 82.23523068918 	 0.09143381157 
0.02656087783 	 85.21222991780 	 0.09407112041 
0.02656087783 	 88.29699955494 	 0.09674155932 
0.02656087783 	 91.49344099933 	 0.09944432297 
0.02656087783 	 94.80559688429 	 0.10218281673 
0.02656087783 	 98.23765619059 	 0.10495921250 
0.02656087783 	 101.79395954438 	 0.10777243464 
0.02656087783 	 105.47900470692 	 0.11062335726 
0.02656087783 	 109.29745226298 	 0.11351382137 
0.02656087783 	 113.25413151528 	 0.11644505106 
0.02656087783 	 117.35404659222 	 0.11941778796 
0.02656087783 	 121.60238277674 	 0.12243667592 
0.02656087783 	 126.00451306433 	 0.12549865192 
0.02656087783 	 130.56600495838 	 0.12860466859 
0.02656087783 	 135.29262751160 	 0.13175803705 
0.02656087783 	 140.19035862226 	 0.13496051324 
0.02656087783 	 145.26539259468 	 0.13821128621 
0.02656087783 	 150.52414797329 	 0.14151186741 
0.02656087783 	 155.97327566040 	 0.14486206157 
0.02656087783 	 161.61966732774 	 0.14826640338 
0.02656087783 	 167.47046413260 	 0.15172002578 
0.02656087783 	 173.53306574945 	 0.15523165454 
0.02656087783 	 179.81513972851 	 0.15879808191 
0.02656087783 	 186.32463119316 	 0.16242056646 
0.02656087783 	 193.06977288832 	 0.16609874710 
0.02656087783 	 200.05909559272 	 0.16983541002 
0.02656087783 	 207.30143890792 	 0.17362975305 
0.02656087783 	 214.80596243813 	 0.17748511649 
0.02656087783 	 222.58215737454 	 0.18140083021 
0.02656087783 	 230.63985849915 	 0.18537939700 
0.02656087783 	 238.98925662311 	 0.18941991025 
0.02656087783 	 247.64091147530 	 0.19352489142 
0.02656087783 	 256.60576505760 	 0.19769201185 
0.02656087783 	 265.89515548347 	 0.20192661702 
0.02656087783 	 275.52083131769 	 0.20622677905 
0.02656087783 	 285.49496643503 	 0.21059440751 
0.02656087783 	 295.83017541695 	 0.21502945626 
0.02656087783 	 306.53952950565 	 0.21953345824 
0.02656087783 	 317.63657313561 	 0.22410653713 
0.02656087783 	 329.13534106365 	 0.22875243655 
0.02656087783 	 341.05037611911 	 0.23346843462 
0.02656087783 	 353.39674759658 	 0.23825497343 
0.02656087783 	 366.19007031450 	 0.24311523219 
0.02656087783 	 379.44652436364 	 0.24804935510 
0.02656087783 	 393.18287557058 	 0.25305690119 
0.02656087783 	 407.41649670190 	 0.25814236656 
0.02656087783 	 422.16538943608 	 0.26330286817 
0.02656087783 	 437.44820713071 	 0.26854058110 
0.02656087783 	 453.28427841392 	 0.27385599520 
0.02656087783 	 469.69363162995 	 0.27924804294 
0.02656087783 	 486.69702016948 	 0.28471852591 
0.02656087783 	 504.31594871714 	 0.29026792825 
0.02656087783 	 522.57270044903 	 0.29589763182 
0.02656087783 	 541.49036521501 	 0.30160770332 
0.02656087783 	 561.09286874100 	 0.30739520957 
0.02656087783 	 581.40500288865 	 0.31326913249 
0.02656087783 	 602.45245701027 	 0.31922185617 
0.02656087783 	 624.26185043890 	 0.32525644704 
0.02656087783 	 646.86076615463 	 0.33137262153 
0.02656087783 	 670.27778566954 	 0.33757214381 
0.02656087783 	 694.54252517561 	 0.34385207407 
0.02656087783 	 719.68567300115 	 0.35021419449 
0.02656087783 	 745.73902842330 	 0.35666487419 
0.02656087783 	 772.73554188543 	 0.36319497806 
0.02656087783 	 800.70935667059 	 0.36980615509 
0.02656087783 	 829.69585208349 	 0.37650263944 
0.02656087783 	 859.73168819576 	 0.38328009186 
0.02656087783 	 890.85485221102 	 0.39014096351 
0.02656087783 	 923.10470650840 	 0.39708087470 
0.02656087783 	 956.52203842531 	 0.40410390297 
0.02656087783 	 991.14911184236 	 0.41120886176 
0.02656087783 	 1027.02972063577 	 0.41839008269 
0.02656087783 	 1064.20924406472 	 0.42565464561 
0.02656087783 	 1102.73470416390 	 0.43299638107 
0.02656087783 	 1142.65482521357 	 0.44041409531 
0.02656087783 	 1184.02009536266 	 0.44791055287 
0.02656087783 	 1226.88283048257 	 0.45548155490 
0.02656087783 	 1271.29724033264 	 0.46312641070 
0.02656087783 	 1317.31949712075 	 0.47084461712 
0.02656087783 	 1365.00780654601 	 0.47863310346 
0.02656087783 	 1414.42248141323 	 0.48649098563 
0.02656087783 	 1465.62601791225 	 0.49441661395 
0.02656087783 	 1518.68317465873 	 0.50240842695 
0.02656087783 	 1573.66105459626 	 0.51046320764 
0.02656087783 	 1630.62918986345 	 0.51857858343 
0.02656087783 	 1689.65962973324 	 0.52675372691 
0.02656087783 	 1750.82703173573 	 0.53498543566 
0.02656087783 	 1814.20875607977 	 0.54327046290 
0.02656087783 	 1879.88496349267 	 0.55160646337 
0.02656087783 	 1947.93871660183 	 0.55999151751 
0.02656087783 	 2018.45608498650 	 0.56841955058 
0.02656087783 	 2091.52625403246 	 0.57688898618 
0.02656087783 	 2167.24163772744 	 0.58539578218 
0.02656087783 	 2245.69799553977 	 0.59393730356 
0.02656087783 	 2326.99455352823 	 0.60250869836 
0.02656087783 	 2411.23412983612 	 0.61110625470 
0.02656087783 	 2498.52326472839 	 0.61972541936 
0.02656087783 	 2588.97235533627 	 0.62836171112 
0.02656087783 	 2682.69579527972 	 0.63701131561 
0.02656087783 	 2779.81211934445 	 0.64566890412 
0.02656087783 	 2880.44415339630 	 0.65432961523 
0.02656087783 	 2984.71916972271 	 0.66298851870 
0.02656087783 	 3092.76904799777 	 0.67164028306 
0.02656087783 	 3204.73044207429 	 0.68027967907 
0.02656087783 	 3320.74495281390 	 0.68890106987 
0.02656087783 	 3440.95930717388 	 0.69749893295 
0.02656087783 	 3565.52554377701 	 0.70606766360 
0.02656087783 	 3694.60120519930 	 0.71460160448 
0.02656087783 	 3828.34953721869 	 0.72309414571 
0.02656087783 	 3966.93969527677 	 0.73153938185 
0.02656087783 	 4110.54695841470 	 0.73993089523 
0.02656087783 	 4259.35295095366 	 0.74826226598 
0.02656087783 	 4413.54587220053 	 0.75652890657 
0.02656087783 	 4573.32073446906 	 0.76472294211 
0.02656087783 	 4738.87960971766 	 0.77283770739 
0.02656087783 	 4910.43188511573 	 0.78086828444 
0.02656087783 	 5088.19452786179 	 0.78880735085 
0.02656087783 	 5272.39235958825 	 0.79664894262 
0.02656087783 	 5463.25834069991 	 0.80438713205 
0.02656087783 	 5661.03386500583 	 0.81201347300 
0.02656087783 	 5865.96906501720 	 0.81952626788 
0.02656087783 	 6078.32312829723 	 0.82691455377 
0.02656087783 	 6298.36462526327 	 0.83417522301 
0.02656087783 	 6526.37184885573 	 0.84130268824 
0.02656087783 	 6762.63316650331 	 0.84829102581 
0.02656087783 	 7007.44738482975 	 0.85513494983 
0.02656087783 	 7261.12412756334 	 0.86182939447 
0.02656087783 	 7523.98422712716 	 0.86836908038 
0.02656087783 	 7796.36013040524 	 0.87474980096 
0.02656087783 	 8078.59631919787 	 0.88096796637 
0.02656087783 	 8371.04974589791 	 0.88701694987 
0.02656087783 	 8674.09028493891 	 0.89289659282 
0.02656087783 	 8988.10120058618 	 0.89860201444 
0.02656087783 	 9313.47963166233 	 0.90413051731 
0.02656087783 	 9650.63709382046 	 0.90947949358 
0.02656087783 	 10000.00000000000 	 0.91464689485 
