0.00187381742 	 0.00000000000 	 0.00000138714 
0.00187381742 	 0.01000000000 	 0.00000138910 
0.00187381742 	 0.02000000000 	 0.00000139106 
0.00187381742 	 0.03000000000 	 0.00000139302 
0.00187381742 	 0.04000000000 	 0.00000139499 
0.00187381742 	 0.05000000000 	 0.00000139697 
0.00187381742 	 0.06000000000 	 0.00000139894 
0.00187381742 	 0.07000000000 	 0.00000140091 
0.00187381742 	 0.08000000000 	 0.00000140288 
0.00187381742 	 0.09000000000 	 0.00000140486 
0.00187381742 	 0.10000000000 	 0.00000140684 
0.00187381742 	 0.11000000000 	 0.00000140882 
0.00187381742 	 0.12000000000 	 0.00000141081 
0.00187381742 	 0.13000000000 	 0.00000141280 
0.00187381742 	 0.14000000000 	 0.00000141479 
0.00187381742 	 0.15000000000 	 0.00000141678 
0.00187381742 	 0.16000000000 	 0.00000141877 
0.00187381742 	 0.17000000000 	 0.00000142077 
0.00187381742 	 0.18000000000 	 0.00000142277 
0.00187381742 	 0.19000000000 	 0.00000142477 
0.00187381742 	 0.20000000000 	 0.00000142678 
0.00187381742 	 0.21000000000 	 0.00000142879 
0.00187381742 	 0.22000000000 	 0.00000143080 
0.00187381742 	 0.23000000000 	 0.00000143281 
0.00187381742 	 0.24000000000 	 0.00000143483 
0.00187381742 	 0.25000000000 	 0.00000143684 
0.00187381742 	 0.26000000000 	 0.00000143886 
0.00187381742 	 0.27000000000 	 0.00000144088 
0.00187381742 	 0.28000000000 	 0.00000144290 
0.00187381742 	 0.29000000000 	 0.00000144493 
0.00187381742 	 0.30000000000 	 0.00000144696 
0.00187381742 	 0.31000000000 	 0.00000144899 
0.00187381742 	 0.32000000000 	 0.00000145102 
0.00187381742 	 0.33000000000 	 0.00000145306 
0.00187381742 	 0.34000000000 	 0.00000145510 
0.00187381742 	 0.35000000000 	 0.00000145714 
0.00187381742 	 0.36000000000 	 0.00000145918 
0.00187381742 	 0.37000000000 	 0.00000146122 
0.00187381742 	 0.38000000000 	 0.00000146327 
0.00187381742 	 0.39000000000 	 0.00000146532 
0.00187381742 	 0.40000000000 	 0.00000146737 
0.00187381742 	 0.41000000000 	 0.00000146942 
0.00187381742 	 0.42000000000 	 0.00000147148 
0.00187381742 	 0.43000000000 	 0.00000147354 
0.00187381742 	 0.44000000000 	 0.00000147560 
0.00187381742 	 0.45000000000 	 0.00000147766 
0.00187381742 	 0.46000000000 	 0.00000147973 
0.00187381742 	 0.47000000000 	 0.00000148179 
0.00187381742 	 0.48000000000 	 0.00000148386 
0.00187381742 	 0.49000000000 	 0.00000148594 
0.00187381742 	 0.50000000000 	 0.00000148801 
0.00187381742 	 0.51000000000 	 0.00000149009 
0.00187381742 	 0.52000000000 	 0.00000149216 
0.00187381742 	 0.53000000000 	 0.00000149424 
0.00187381742 	 0.54000000000 	 0.00000149633 
0.00187381742 	 0.55000000000 	 0.00000149841 
0.00187381742 	 0.56000000000 	 0.00000150050 
0.00187381742 	 0.57000000000 	 0.00000150259 
0.00187381742 	 0.58000000000 	 0.00000150468 
0.00187381742 	 0.59000000000 	 0.00000150677 
0.00187381742 	 0.60000000000 	 0.00000150887 
0.00187381742 	 0.61000000000 	 0.00000151097 
0.00187381742 	 0.62000000000 	 0.00000151307 
0.00187381742 	 0.63000000000 	 0.00000151517 
0.00187381742 	 0.64000000000 	 0.00000151727 
0.00187381742 	 0.65000000000 	 0.00000151938 
0.00187381742 	 0.66000000000 	 0.00000152148 
0.00187381742 	 0.67000000000 	 0.00000152359 
0.00187381742 	 0.68000000000 	 0.00000152571 
0.00187381742 	 0.69000000000 	 0.00000152783 
0.00187381742 	 0.70000000000 	 0.00000152995 
0.00187381742 	 0.71000000000 	 0.00000153208 
0.00187381742 	 0.72000000000 	 0.00000153420 
0.00187381742 	 0.73000000000 	 0.00000153633 
0.00187381742 	 0.74000000000 	 0.00000153847 
0.00187381742 	 0.75000000000 	 0.00000154060 
0.00187381742 	 0.76000000000 	 0.00000154274 
0.00187381742 	 0.77000000000 	 0.00000153920 
0.00187381742 	 0.78000000000 	 0.00000154158 
0.00187381742 	 0.79000000000 	 0.00000154396 
0.00187381742 	 0.80000000000 	 0.00000154635 
0.00187381742 	 0.81000000000 	 0.00000154873 
0.00187381742 	 0.82000000000 	 0.00000155111 
0.00187381742 	 0.83000000000 	 0.00000155349 
0.00187381742 	 0.84000000000 	 0.00000155588 
0.00187381742 	 0.85000000000 	 0.00000155826 
0.00187381742 	 0.86000000000 	 0.00000156064 
0.00187381742 	 0.87000000000 	 0.00000156303 
0.00187381742 	 0.88000000000 	 0.00000156542 
0.00187381742 	 0.89000000000 	 0.00000156780 
0.00187381742 	 0.90000000000 	 0.00000157018 
0.00187381742 	 0.91000000000 	 0.00000157257 
0.00187381742 	 0.92000000000 	 0.00000157496 
0.00187381742 	 0.93000000000 	 0.00000157734 
0.00187381742 	 0.94000000000 	 0.00000157973 
0.00187381742 	 0.95000000000 	 0.00000158212 
0.00187381742 	 0.96000000000 	 0.00000158451 
0.00187381742 	 0.97000000000 	 0.00000158691 
0.00187381742 	 0.98000000000 	 0.00000158930 
0.00187381742 	 0.99000000000 	 0.00000160093 
0.00187381742 	 1.00000000000 	 0.00000160315 
0.00187381742 	 1.03620101997 	 0.00000161123 
0.00187381742 	 1.07371255379 	 0.00000161963 
0.00187381742 	 1.11258204340 	 0.00000162837 
0.00187381742 	 1.15285864817 	 0.00000163747 
0.00187381742 	 1.19459330712 	 0.00000164694 
0.00187381742 	 1.23783880329 	 0.00000165679 
0.00187381742 	 1.28264983053 	 0.00000166705 
0.00187381742 	 1.32908306266 	 0.00000167772 
0.00187381742 	 1.37719722516 	 0.00000168884 
0.00187381742 	 1.42705316941 	 0.00000170043 
0.00187381742 	 1.47871394970 	 0.00000170984 
0.00187381742 	 1.53224490292 	 0.00000172319 
0.00187381742 	 1.58771373126 	 0.00000173706 
0.00187381742 	 1.64519058775 	 0.00000175147 
0.00187381742 	 1.70474816508 	 0.00000176646 
0.00187381742 	 1.76646178745 	 0.00000178211 
0.00187381742 	 1.83040950590 	 0.00000179873 
0.00187381742 	 1.89667219698 	 0.00000181558 
0.00187381742 	 1.96533366506 	 0.00000183307 
0.00187381742 	 2.03648074833 	 0.00000185114 
0.00187381742 	 2.11020342857 	 0.00000186974 
0.00187381742 	 2.18659494503 	 0.00000188913 
0.00187381742 	 2.26575191231 	 0.00000190943 
0.00187381742 	 2.34777444254 	 0.00000193067 
0.00187381742 	 2.43276627202 	 0.00000195287 
0.00187381742 	 2.52083489243 	 0.00000197606 
0.00187381742 	 2.61209168671 	 0.00000200025 
0.00187381742 	 2.70665207003 	 0.00000202553 
0.00187381742 	 2.80463563568 	 0.00000205198 
0.00187381742 	 2.90616630634 	 0.00000207968 
0.00187381742 	 3.01137249084 	 0.00000210866 
0.00187381742 	 3.12038724653 	 0.00000213886 
0.00187381742 	 3.23334844756 	 0.00000216753 
0.00187381742 	 3.35039895929 	 0.00000220384 
0.00187381742 	 3.47168681893 	 0.00000224146 
0.00187381742 	 3.59736542280 	 0.00000228083 
0.00187381742 	 3.72759372031 	 0.00000232168 
0.00187381742 	 3.86253641503 	 0.00000236040 
0.00187381742 	 4.00236417294 	 0.00000240610 
0.00187381742 	 4.14725383830 	 0.00000245386 
0.00187381742 	 4.29738865733 	 0.00000250385 
0.00187381742 	 4.45295850994 	 0.00000255617 
0.00187381742 	 4.61416014990 	 0.00000261085 
0.00187381742 	 4.78119745364 	 0.00000266818 
0.00187381742 	 4.95428167815 	 0.00000272839 
0.00187381742 	 5.13363172813 	 0.00000279170 
0.00187381742 	 5.31947443285 	 0.00000285837 
0.00187381742 	 5.51204483304 	 0.00000292860 
0.00187381742 	 5.71158647813 	 0.00000300267 
0.00187381742 	 5.91835173430 	 0.00000308098 
0.00187381742 	 6.13260210363 	 0.00000315727 
0.00187381742 	 6.35460855487 	 0.00000324995 
0.00187381742 	 6.58465186608 	 0.00000334760 
0.00187381742 	 6.82302297979 	 0.00000345029 
0.00187381742 	 7.07002337096 	 0.00000355856 
0.00187381742 	 7.32596542822 	 0.00000367285 
0.00187381742 	 7.59117284900 	 0.00000379367 
0.00187381742 	 7.86598104892 	 0.00000392167 
0.00187381742 	 8.15073758597 	 0.00000405748 
0.00187381742 	 8.44580260011 	 0.00000420178 
0.00187381742 	 8.75154926872 	 0.00000435544 
0.00187381742 	 9.06836427859 	 0.00000451671 
0.00187381742 	 9.39664831495 	 0.00000469313 
0.00187381742 	 9.73681656828 	 0.00000488106 
0.00187381742 	 10.08929925933 	 0.00000508155 
0.00187381742 	 10.45454218333 	 0.00000529616 
0.00187381742 	 10.83300727371 	 0.00000552553 
0.00187381742 	 11.22517318638 	 0.00000577246 
0.00187381742 	 11.63153590510 	 0.00000604057 
0.00187381742 	 12.05260936871 	 0.00000632645 
0.00187381742 	 12.48892612118 	 0.00000663282 
0.00187381742 	 12.94103798513 	 0.00000696215 
0.00187381742 	 13.40951675969 	 0.00000731531 
0.00187381742 	 13.89495494373 	 0.00000770752 
0.00187381742 	 14.39796648516 	 0.00000812630 
0.00187381742 	 14.91918755746 	 0.00000857607 
0.00187381742 	 15.45927736419 	 0.00000906111 
0.00187381742 	 16.01891897281 	 0.00000958549 
0.00187381742 	 16.59882017849 	 0.00001016801 
0.00187381742 	 17.19971439928 	 0.00001079503 
0.00187381742 	 17.82236160377 	 0.00001147233 
0.00187381742 	 18.46754927215 	 0.00001220700 
0.00187381742 	 19.13609339219 	 0.00001300478 
0.00187381742 	 19.82883949127 	 0.00001389009 
0.00187381742 	 20.54666370572 	 0.00001484951 
0.00187381742 	 21.29047388890 	 0.00001589321 
0.00187381742 	 22.06121075937 	 0.00001703231 
0.00187381742 	 22.85984909069 	 0.00001828066 
0.00187381742 	 23.68739894419 	 0.00001965362 
0.00187381742 	 24.54490694646 	 0.00002115429 
0.00187381742 	 25.43345761305 	 0.00002279793 
0.00187381742 	 26.35417472006 	 0.00002461798 
0.00187381742 	 27.30822272546 	 0.00002660918 
0.00187381742 	 28.29680824175 	 0.00002880428 
0.00187381742 	 29.32118156207 	 0.00003122938 
0.00187381742 	 30.38263824141 	 0.00003389713 
0.00187381742 	 31.48252073520 	 0.00003684525 
0.00187381742 	 32.62222009712 	 0.00004010714 
0.00187381742 	 33.80317773840 	 0.00004370332 
0.00187381742 	 35.02688725083 	 0.00004768723 
0.00187381742 	 36.29489629577 	 0.00005211530 
0.00187381742 	 37.60880856147 	 0.00005702322 
0.00187381742 	 38.97028579134 	 0.00006245452 
0.00187381742 	 40.38104988560 	 0.00006847919 
0.00187381742 	 41.84288507902 	 0.00007518742 
0.00187381742 	 43.35764019746 	 0.00008259388 
0.00187381742 	 44.92723099621 	 0.00009090293 
0.00187381742 	 46.55364258280 	 0.00010009157 
0.00187381742 	 48.23893192773 	 0.00011033651 
0.00187381742 	 49.98523046589 	 0.00012174909 
0.00187381742 	 51.79474679231 	 0.00013442588 
0.00187381742 	 53.66976945540 	 0.00014858083 
0.00187381742 	 55.61266985137 	 0.00016429880 
0.00187381742 	 57.62590522338 	 0.00018185321 
0.00187381742 	 59.71202176930 	 0.00020136795 
0.00187381742 	 61.87365786196 	 0.00022312665 
0.00187381742 	 64.11354738598 	 0.00024734804 
0.00187381742 	 66.43452319540 	 0.00027434163 
0.00187381742 	 68.83952069645 	 0.00030439126 
0.00187381742 	 71.33158156008 	 0.00033786684 
0.00187381742 	 73.91385756879 	 0.00037511845 
0.00187381742 	 76.58961460288 	 0.00041638247 
0.00187381742 	 79.36223677079 	 0.00046250976 
0.00187381742 	 82.23523068918 	 0.00051374392 
0.00187381742 	 85.21222991780 	 0.00057050374 
0.00187381742 	 88.29699955494 	 0.00063356178 
0.00187381742 	 91.49344099933 	 0.00070352920 
0.00187381742 	 94.80559688429 	 0.00078114747 
0.00187381742 	 98.23765619059 	 0.00086703061 
0.00187381742 	 101.79395954438 	 0.00096183387 
0.00187381742 	 105.47900470692 	 0.00106673428 
0.00187381742 	 109.29745226298 	 0.00118252599 
0.00187381742 	 113.25413151528 	 0.00130999436 
0.00187381742 	 117.35404659222 	 0.00145072774 
0.00187381742 	 121.60238277674 	 0.00160536163 
0.00187381742 	 126.00451306433 	 0.00177527138 
0.00187381742 	 130.56600495838 	 0.00196164049 
0.00187381742 	 135.29262751160 	 0.00216605938 
0.00187381742 	 140.19035862226 	 0.00238959204 
0.00187381742 	 145.26539259468 	 0.00263361617 
0.00187381742 	 150.52414797329 	 0.00289986734 
0.00187381742 	 155.97327566040 	 0.00318993779 
0.00187381742 	 161.61966732774 	 0.00350518178 
0.00187381742 	 167.47046413260 	 0.00384728346 
0.00187381742 	 173.53306574945 	 0.00421824574 
0.00187381742 	 179.81513972851 	 0.00461951260 
0.00187381742 	 186.32463119316 	 0.00505283426 
0.00187381742 	 193.06977288832 	 0.00552011844 
0.00187381742 	 200.05909559272 	 0.00602320590 
0.00187381742 	 207.30143890792 	 0.00656343372 
0.00187381742 	 214.80596243813 	 0.00714284636 
0.00187381742 	 222.58215737454 	 0.00776298344 
0.00187381742 	 230.63985849915 	 0.00842549554 
0.00187381742 	 238.98925662311 	 0.00913199038 
0.00187381742 	 247.64091147530 	 0.00988402966 
0.00187381742 	 256.60576505760 	 0.01068326157 
0.00187381742 	 265.89515548347 	 0.01153060012 
0.00187381742 	 275.52083131769 	 0.01242750622 
0.00187381742 	 285.49496643503 	 0.01337505882 
0.00187381742 	 295.83017541695 	 0.01437427019 
0.00187381742 	 306.53952950565 	 0.01542616231 
0.00187381742 	 317.63657313561 	 0.01653119630 
0.00187381742 	 329.13534106365 	 0.01769020529 
0.00187381742 	 341.05037611911 	 0.01890343060 
0.00187381742 	 353.39674759658 	 0.02017097191 
0.00187381742 	 366.19007031450 	 0.02149297031 
0.00187381742 	 379.44652436364 	 0.02286962108 
0.00187381742 	 393.18287557058 	 0.02430032005 
0.00187381742 	 407.41649670190 	 0.02578495642 
0.00187381742 	 422.16538943608 	 0.02732257317 
0.00187381742 	 437.44820713071 	 0.02891260987 
0.00187381742 	 453.28427841392 	 0.03055417944 
0.00187381742 	 469.69363162995 	 0.03224633825 
0.00187381742 	 486.69702016948 	 0.03398787202 
0.00187381742 	 504.31594871714 	 0.03577776334 
0.00187381742 	 522.57270044903 	 0.03761481978 
0.00187381742 	 541.49036521501 	 0.03949693027 
0.00187381742 	 561.09286874100 	 0.04142312438 
0.00187381742 	 581.40500288865 	 0.04339175133 
0.00187381742 	 602.45245701027 	 0.04540126080 
0.00187381742 	 624.26185043890 	 0.04745102755 
0.00187381742 	 646.86076615463 	 0.04953842861 
0.00187381742 	 670.27778566954 	 0.05166257534 
0.00187381742 	 694.54252517561 	 0.05382195519 
0.00187381742 	 719.68567300115 	 0.05601557156 
0.00187381742 	 745.73902842330 	 0.05824260146 
0.00187381742 	 772.73554188543 	 0.06050123856 
0.00187381742 	 800.70935667059 	 0.06279072907 
0.00187381742 	 829.69585208349 	 0.06511204064 
0.00187381742 	 859.73168819576 	 0.06746216787 
0.00187381742 	 890.85485221102 	 0.06984159187 
0.00187381742 	 923.10470650840 	 0.07225043244 
0.00187381742 	 956.52203842531 	 0.07468837225 
0.00187381742 	 991.14911184236 	 0.07715498785 
0.00187381742 	 1027.02972063577 	 0.07965248659 
0.00187381742 	 1064.20924406472 	 0.08217966123 
0.00187381742 	 1102.73470416390 	 0.08473639269 
0.00187381742 	 1142.65482521357 	 0.08732375643 
0.00187381742 	 1184.02009536266 	 0.08994376858 
0.00187381742 	 1226.88283048257 	 0.09259597011 
0.00187381742 	 1271.29724033264 	 0.09528154598 
0.00187381742 	 1317.31949712075 	 0.09800214085 
0.00187381742 	 1365.00780654601 	 0.10075872196 
0.00187381742 	 1414.42248141323 	 0.10355155325 
0.00187381742 	 1465.62601791225 	 0.10638324595 
0.00187381742 	 1518.68317465873 	 0.10925333898 
0.00187381742 	 1573.66105459626 	 0.11216331889 
0.00187381742 	 1630.62918986345 	 0.11511457298 
0.00187381742 	 1689.65962973324 	 0.11811027798 
0.00187381742 	 1750.82703173573 	 0.12114817604 
0.00187381742 	 1814.20875607977 	 0.12423276799 
0.00187381742 	 1879.88496349267 	 0.12736285425 
0.00187381742 	 1947.93871660183 	 0.13054046182 
0.00187381742 	 2018.45608498650 	 0.13376660662 
0.00187381742 	 2091.52625403246 	 0.13704319470 
0.00187381742 	 2167.24163772744 	 0.14036926607 
0.00187381742 	 2245.69799553977 	 0.14374728024 
0.00187381742 	 2326.99455352823 	 0.14717717249 
0.00187381742 	 2411.23412983612 	 0.15066119357 
0.00187381742 	 2498.52326472839 	 0.15420135346 
0.00187381742 	 2588.97235533627 	 0.15779603577 
0.00187381742 	 2682.69579527972 	 0.16144927435 
0.00187381742 	 2779.81211934445 	 0.16515879410 
0.00187381742 	 2880.44415339630 	 0.16892675700 
0.00187381742 	 2984.71916972271 	 0.17275443001 
0.00187381742 	 3092.76904799777 	 0.17664256336 
0.00187381742 	 3204.73044207429 	 0.18059136831 
0.00187381742 	 3320.74495281390 	 0.18460437032 
0.00187381742 	 3440.95930717388 	 0.18868247067 
0.00187381742 	 3565.52554377701 	 0.19282265622 
0.00187381742 	 3694.60120519930 	 0.19702563574 
0.00187381742 	 3828.34953721869 	 0.20130029225 
0.00187381742 	 3966.93969527677 	 0.20563721695 
0.00187381742 	 4110.54695841470 	 0.21004549891 
0.00187381742 	 4259.35295095366 	 0.21452027324 
0.00187381742 	 4413.54587220053 	 0.21906456507 
0.00187381742 	 4573.32073446906 	 0.22368028307 
0.00187381742 	 4738.87960971766 	 0.22836839685 
0.00187381742 	 4910.43188511573 	 0.23312686050 
0.00187381742 	 5088.19452786179 	 0.23795662449 
0.00187381742 	 5272.39235958825 	 0.24286090061 
0.00187381742 	 5463.25834069991 	 0.24784058912 
0.00187381742 	 5661.03386500583 	 0.25289561810 
0.00187381742 	 5865.96906501720 	 0.25802570623 
0.00187381742 	 6078.32312829723 	 0.26323486961 
0.00187381742 	 6298.36462526327 	 0.26852085792 
0.00187381742 	 6526.37184885573 	 0.27388322608 
0.00187381742 	 6762.63316650331 	 0.27932451708 
0.00187381742 	 7007.44738482975 	 0.28484495795 
0.00187381742 	 7261.12412756334 	 0.29044509685 
0.00187381742 	 7523.98422712716 	 0.29612523080 
0.00187381742 	 7796.36013040524 	 0.30188414484 
0.00187381742 	 8078.59631919787 	 0.30772699006 
0.00187381742 	 8371.04974589791 	 0.31365347444 
0.00187381742 	 8674.09028493891 	 0.31965941328 
0.00187381742 	 8988.10120058618 	 0.32574792523 
0.00187381742 	 9313.47963166233 	 0.33191914076 
0.00187381742 	 9650.63709382046 	 0.33817039747 
0.00187381742 	 10000.00000000000 	 0.34450813504 
