0.86974900262 	 0.00000000000 	 0.01378121067 
0.86974900262 	 0.01000000000 	 0.01426806163 
0.86974900262 	 0.02000000000 	 0.01473741672 
0.86974900262 	 0.03000000000 	 0.01519222199 
0.86974900262 	 0.04000000000 	 0.01564013139 
0.86974900262 	 0.05000000000 	 0.01608161980 
0.86974900262 	 0.06000000000 	 0.01650107862 
0.86974900262 	 0.07000000000 	 0.01694156107 
0.86974900262 	 0.08000000000 	 0.01735487320 
0.86974900262 	 0.09000000000 	 0.01776743886 
0.86974900262 	 0.10000000000 	 0.01817556760 
0.86974900262 	 0.11000000000 	 0.01856967240 
0.86974900262 	 0.12000000000 	 0.01896453627 
0.86974900262 	 0.13000000000 	 0.01935415478 
0.86974900262 	 0.14000000000 	 0.01974040277 
0.86974900262 	 0.15000000000 	 0.02011605636 
0.86974900262 	 0.16000000000 	 0.02048873439 
0.86974900262 	 0.17000000000 	 0.02086305123 
0.86974900262 	 0.18000000000 	 0.02122443752 
0.86974900262 	 0.19000000000 	 0.02156500024 
0.86974900262 	 0.20000000000 	 0.02191989323 
0.86974900262 	 0.21000000000 	 0.02228055819 
0.86974900262 	 0.22000000000 	 0.02263151206 
0.86974900262 	 0.23000000000 	 0.02297858944 
0.86974900262 	 0.24000000000 	 0.02332771134 
0.86974900262 	 0.25000000000 	 0.02366731236 
0.86974900262 	 0.26000000000 	 0.02399997048 
0.86974900262 	 0.27000000000 	 0.02433258657 
0.86974900262 	 0.28000000000 	 0.02465316311 
0.86974900262 	 0.29000000000 	 0.02498057550 
0.86974900262 	 0.30000000000 	 0.02531115307 
0.86974900262 	 0.31000000000 	 0.02562050467 
0.86974900262 	 0.32000000000 	 0.02593579751 
0.86974900262 	 0.33000000000 	 0.02624968441 
0.86974900262 	 0.34000000000 	 0.02656888606 
0.86974900262 	 0.35000000000 	 0.02687912778 
0.86974900262 	 0.36000000000 	 0.02718305959 
0.86974900262 	 0.37000000000 	 0.02748456603 
0.86974900262 	 0.38000000000 	 0.02778593078 
0.86974900262 	 0.39000000000 	 0.02808801149 
0.86974900262 	 0.40000000000 	 0.02838201386 
0.86974900262 	 0.41000000000 	 0.02867641523 
0.86974900262 	 0.42000000000 	 0.02893795490 
0.86974900262 	 0.43000000000 	 0.02924746745 
0.86974900262 	 0.44000000000 	 0.02955010763 
0.86974900262 	 0.45000000000 	 0.02983721637 
0.86974900262 	 0.46000000000 	 0.03012051567 
0.86974900262 	 0.47000000000 	 0.03038722609 
0.86974900262 	 0.48000000000 	 0.03069329575 
0.86974900262 	 0.49000000000 	 0.03094522556 
0.86974900262 	 0.50000000000 	 0.03124188265 
0.86974900262 	 0.51000000000 	 0.03151565264 
0.86974900262 	 0.52000000000 	 0.03179176300 
0.86974900262 	 0.53000000000 	 0.03207031664 
0.86974900262 	 0.54000000000 	 0.03234458105 
0.86974900262 	 0.55000000000 	 0.03261914568 
0.86974900262 	 0.56000000000 	 0.03288226778 
0.86974900262 	 0.57000000000 	 0.03313562462 
0.86974900262 	 0.58000000000 	 0.03339873432 
0.86974900262 	 0.59000000000 	 0.03365544494 
0.86974900262 	 0.60000000000 	 0.03391773668 
0.86974900262 	 0.61000000000 	 0.03418339810 
0.86974900262 	 0.62000000000 	 0.03444151665 
0.86974900262 	 0.63000000000 	 0.03469522103 
0.86974900262 	 0.64000000000 	 0.03496604616 
0.86974900262 	 0.65000000000 	 0.03521772190 
0.86974900262 	 0.66000000000 	 0.03547744144 
0.86974900262 	 0.67000000000 	 0.03572227686 
0.86974900262 	 0.68000000000 	 0.03597244830 
0.86974900262 	 0.69000000000 	 0.03621015439 
0.86974900262 	 0.70000000000 	 0.03645753604 
0.86974900262 	 0.71000000000 	 0.03670439098 
0.86974900262 	 0.72000000000 	 0.03695399008 
0.86974900262 	 0.73000000000 	 0.03720744255 
0.86974900262 	 0.74000000000 	 0.03744937124 
0.86974900262 	 0.75000000000 	 0.03767908938 
0.86974900262 	 0.76000000000 	 0.03791929550 
0.86974900262 	 0.77000000000 	 0.03815952565 
0.86974900262 	 0.78000000000 	 0.03836933961 
0.86974900262 	 0.79000000000 	 0.03860460503 
0.86974900262 	 0.80000000000 	 0.03887408408 
0.86974900262 	 0.81000000000 	 0.03910711114 
0.86974900262 	 0.82000000000 	 0.03933909151 
0.86974900262 	 0.83000000000 	 0.03955266205 
0.86974900262 	 0.84000000000 	 0.03977019689 
0.86974900262 	 0.85000000000 	 0.03999884392 
0.86974900262 	 0.86000000000 	 0.04022731969 
0.86974900262 	 0.87000000000 	 0.04045572823 
0.86974900262 	 0.88000000000 	 0.04070554017 
0.86974900262 	 0.89000000000 	 0.04091815580 
0.86974900262 	 0.90000000000 	 0.04114383333 
0.86974900262 	 0.91000000000 	 0.04136953747 
0.86974900262 	 0.92000000000 	 0.04159459034 
0.86974900262 	 0.93000000000 	 0.04182939902 
0.86974900262 	 0.94000000000 	 0.04204981644 
0.86974900262 	 0.95000000000 	 0.04226998061 
0.86974900262 	 0.96000000000 	 0.04249137528 
0.86974900262 	 0.97000000000 	 0.04270882671 
0.86974900262 	 0.98000000000 	 0.04290410295 
0.86974900262 	 0.99000000000 	 0.04312202215 
0.86974900262 	 1.00000000000 	 0.04334032753 
0.86974900262 	 1.03620101997 	 0.04410920176 
0.86974900262 	 1.07371255379 	 0.04492008676 
0.86974900262 	 1.11258204340 	 0.04573236553 
0.86974900262 	 1.15285864817 	 0.04652787246 
0.86974900262 	 1.19459330712 	 0.04737278529 
0.86974900262 	 1.23783880329 	 0.04824027037 
0.86974900262 	 1.28264983053 	 0.04911758259 
0.86974900262 	 1.32908306266 	 0.05000884687 
0.86974900262 	 1.37719722516 	 0.05092436825 
0.86974900262 	 1.42705316941 	 0.05182734959 
0.86974900262 	 1.47871394970 	 0.05279407205 
0.86974900262 	 1.53224490292 	 0.05375666520 
0.86974900262 	 1.58771373126 	 0.05473047935 
0.86974900262 	 1.64519058775 	 0.05573407171 
0.86974900262 	 1.70474816508 	 0.05675823708 
0.86974900262 	 1.76646178745 	 0.05783072891 
0.86974900262 	 1.83040950590 	 0.05889631680 
0.86974900262 	 1.89667219698 	 0.05995330544 
0.86974900262 	 1.96533366506 	 0.06108431945 
0.86974900262 	 2.03648074833 	 0.06220296057 
0.86974900262 	 2.11020342857 	 0.06332021325 
0.86974900262 	 2.18659494503 	 0.06451616649 
0.86974900262 	 2.26575191231 	 0.06568927138 
0.86974900262 	 2.34777444254 	 0.06690449206 
0.86974900262 	 2.43276627202 	 0.06813343709 
0.86974900262 	 2.52083489243 	 0.06936960721 
0.86974900262 	 2.61209168671 	 0.07063876614 
0.86974900262 	 2.70665207003 	 0.07193097886 
0.86974900262 	 2.80463563568 	 0.07324111291 
0.86974900262 	 2.90616630634 	 0.07457283388 
0.86974900262 	 3.01137249084 	 0.07591539882 
0.86974900262 	 3.12038724653 	 0.07729075370 
0.86974900262 	 3.23334844756 	 0.07868000495 
0.86974900262 	 3.35039895929 	 0.08009470911 
0.86974900262 	 3.47168681893 	 0.08152989115 
0.86974900262 	 3.59736542280 	 0.08298416797 
0.86974900262 	 3.72759372031 	 0.08446208093 
0.86974900262 	 3.86253641503 	 0.08595225802 
0.86974900262 	 4.00236417294 	 0.08746575967 
0.86974900262 	 4.14725383830 	 0.08900629021 
0.86974900262 	 4.29738865733 	 0.09055027178 
0.86974900262 	 4.45295850994 	 0.09214051730 
0.86974900262 	 4.61416014990 	 0.09374083067 
0.86974900262 	 4.78119745364 	 0.09534495028 
0.86974900262 	 4.95428167815 	 0.09698858786 
0.86974900262 	 5.13363172813 	 0.09864857590 
0.86974900262 	 5.31947443285 	 0.10032165293 
0.86974900262 	 5.51204483304 	 0.10200746425 
0.86974900262 	 5.71158647813 	 0.10372142568 
0.86974900262 	 5.91835173430 	 0.10544657899 
0.86974900262 	 6.13260210363 	 0.10719517436 
0.86974900262 	 6.35460855487 	 0.10896368496 
0.86974900262 	 6.58465186608 	 0.11073686758 
0.86974900262 	 6.82302297979 	 0.11254297321 
0.86974900262 	 7.07002337096 	 0.11435787163 
0.86974900262 	 7.32596542822 	 0.11618824918 
0.86974900262 	 7.59117284900 	 0.11803683042 
0.86974900262 	 7.86598104892 	 0.11990355434 
0.86974900262 	 8.15073758597 	 0.12178102082 
0.86974900262 	 8.44580260011 	 0.12367670226 
0.86974900262 	 8.75154926872 	 0.12558715791 
0.86974900262 	 9.06836427859 	 0.12750908693 
0.86974900262 	 9.39664831495 	 0.12944954275 
0.86974900262 	 9.73681656828 	 0.13140212921 
0.86974900262 	 10.08929925933 	 0.13336291417 
0.86974900262 	 10.45454218333 	 0.13535961690 
0.86974900262 	 10.83300727371 	 0.13735068284 
0.86974900262 	 11.22517318638 	 0.13935652530 
0.86974900262 	 11.63153590510 	 0.14138753156 
0.86974900262 	 12.05260936871 	 0.14342739151 
0.86974900262 	 12.48892612118 	 0.14548128676 
0.86974900262 	 12.94103798513 	 0.14754408874 
0.86974900262 	 13.40951675969 	 0.14963831746 
0.86974900262 	 13.89495494373 	 0.15173541944 
0.86974900262 	 14.39796648516 	 0.15384682496 
0.86974900262 	 14.91918755746 	 0.15597129329 
0.86974900262 	 15.45927736419 	 0.15811705564 
0.86974900262 	 16.01891897281 	 0.16027830359 
0.86974900262 	 16.59882017849 	 0.16245661990 
0.86974900262 	 17.19971439928 	 0.16465610439 
0.86974900262 	 17.82236160377 	 0.16685590935 
0.86974900262 	 18.46754927215 	 0.16910363375 
0.86974900262 	 19.13609339219 	 0.17135546330 
0.86974900262 	 19.82883949127 	 0.17362720516 
0.86974900262 	 20.54666370572 	 0.17591885720 
0.86974900262 	 21.29047388890 	 0.17823346962 
0.86974900262 	 22.06121075937 	 0.18056431092 
0.86974900262 	 22.85984909069 	 0.18292522919 
0.86974900262 	 23.68739894419 	 0.18531011862 
0.86974900262 	 24.54490694646 	 0.18772851903 
0.86974900262 	 25.43345761305 	 0.19016467022 
0.86974900262 	 26.35417472006 	 0.19262750618 
0.86974900262 	 27.30822272546 	 0.19511843838 
0.86974900262 	 28.29680824175 	 0.19764121028 
0.86974900262 	 29.32118156207 	 0.20018432708 
0.86974900262 	 30.38263824141 	 0.20276341503 
0.86974900262 	 31.48252073520 	 0.20536485819 
0.86974900262 	 32.62222009712 	 0.20801868383 
0.86974900262 	 33.80317773840 	 0.21070306729 
0.86974900262 	 35.02688725083 	 0.21340239070 
0.86974900262 	 36.29489629577 	 0.21615058205 
0.86974900262 	 37.60880856147 	 0.21893637367 
0.86974900262 	 38.97028579134 	 0.22175860792 
0.86974900262 	 40.38104988560 	 0.22461934710 
0.86974900262 	 41.84288507902 	 0.22751812345 
0.86974900262 	 43.35764019746 	 0.23045842061 
0.86974900262 	 44.92723099621 	 0.23343886449 
0.86974900262 	 46.55364258280 	 0.23646039117 
0.86974900262 	 48.23893192773 	 0.23952577877 
0.86974900262 	 49.98523046589 	 0.24263537685 
0.86974900262 	 51.79474679231 	 0.24578925779 
0.86974900262 	 53.66976945540 	 0.24898703571 
0.86974900262 	 55.61266985137 	 0.25223156052 
0.86974900262 	 57.62590522338 	 0.25552395504 
0.86974900262 	 59.71202176930 	 0.25886566063 
0.86974900262 	 61.87365786196 	 0.26225600268 
0.86974900262 	 64.11354738598 	 0.26569463982 
0.86974900262 	 66.43452319540 	 0.26918436267 
0.86974900262 	 68.83952069645 	 0.27272605248 
0.86974900262 	 71.33158156008 	 0.27632064548 
0.86974900262 	 73.91385756879 	 0.27996742637 
0.86974900262 	 76.58961460288 	 0.28367254257 
0.86974900262 	 79.36223677079 	 0.28742716913 
0.86974900262 	 82.23523068918 	 0.29124032607 
0.86974900262 	 85.21222991780 	 0.29511100739 
0.86974900262 	 88.29699955494 	 0.29903947413 
0.86974900262 	 91.49344099933 	 0.30302432861 
0.86974900262 	 94.80559688429 	 0.30707098395 
0.86974900262 	 98.23765619059 	 0.31117604571 
0.86974900262 	 101.79395954438 	 0.31533697662 
0.86974900262 	 105.47900470692 	 0.31956648034 
0.86974900262 	 109.29745226298 	 0.32385935798 
0.86974900262 	 113.25413151528 	 0.32821335725 
0.86974900262 	 117.35404659222 	 0.33263238203 
0.86974900262 	 121.60238277674 	 0.33711524280 
0.86974900262 	 126.00451306433 	 0.34166361375 
0.86974900262 	 130.56600495838 	 0.34627479925 
0.86974900262 	 135.29262751160 	 0.35095735517 
0.86974900262 	 140.19035862226 	 0.35570487337 
0.86974900262 	 145.26539259468 	 0.36052038497 
0.86974900262 	 150.52414797329 	 0.36540397084 
0.86974900262 	 155.97327566040 	 0.37035637471 
0.86974900262 	 161.61966732774 	 0.37538016852 
0.86974900262 	 167.47046413260 	 0.38047013765 
0.86974900262 	 173.53306574945 	 0.38563404281 
0.86974900262 	 179.81513972851 	 0.39086937138 
0.86974900262 	 186.32463119316 	 0.39617538193 
0.86974900262 	 193.06977288832 	 0.40155168145 
0.86974900262 	 200.05909559272 	 0.40700169353 
0.86974900262 	 207.30143890792 	 0.41252214418 
0.86974900262 	 214.80596243813 	 0.41811813994 
0.86974900262 	 222.58215737454 	 0.42378241947 
0.86974900262 	 230.63985849915 	 0.42952510970 
0.86974900262 	 238.98925662311 	 0.43533668759 
0.86974900262 	 247.64091147530 	 0.44122468997 
0.86974900262 	 256.60576505760 	 0.44718144868 
0.86974900262 	 265.89515548347 	 0.45321249885 
0.86974900262 	 275.52083131769 	 0.45931383857 
0.86974900262 	 285.49496643503 	 0.46548789841 
0.86974900262 	 295.83017541695 	 0.47173558845 
0.86974900262 	 306.53952950565 	 0.47805344163 
0.86974900262 	 317.63657313561 	 0.48444266508 
0.86974900262 	 329.13534106365 	 0.49090325730 
0.86974900262 	 341.05037611911 	 0.49743047460 
0.86974900262 	 353.39674759658 	 0.50402562211 
0.86974900262 	 366.19007031450 	 0.51068716847 
0.86974900262 	 379.44652436364 	 0.51741696254 
0.86974900262 	 393.18287557058 	 0.52421290839 
0.86974900262 	 407.41649670190 	 0.53107306353 
0.86974900262 	 422.16538943608 	 0.53799521901 
0.86974900262 	 437.44820713071 	 0.54497801654 
0.86974900262 	 453.28427841392 	 0.55202024858 
0.86974900262 	 469.69363162995 	 0.55912023302 
0.86974900262 	 486.69702016948 	 0.56627612492 
0.86974900262 	 504.31594871714 	 0.57348695879 
0.86974900262 	 522.57270044903 	 0.58075125822 
0.86974900262 	 541.49036521501 	 0.58806364155 
0.86974900262 	 561.09286874100 	 0.59542420675 
0.86974900262 	 581.40500288865 	 0.60282831729 
0.86974900262 	 602.45245701027 	 0.61027430492 
0.86974900262 	 624.26185043890 	 0.61775962267 
0.86974900262 	 646.86076615463 	 0.62528156920 
0.86974900262 	 670.27778566954 	 0.63283719060 
0.86974900262 	 694.54252517561 	 0.64042119105 
0.86974900262 	 719.68567300115 	 0.64803213907 
0.86974900262 	 745.73902842330 	 0.65566612100 
0.86974900262 	 772.73554188543 	 0.66331910516 
0.86974900262 	 800.70935667059 	 0.67098705994 
0.86974900262 	 829.69585208349 	 0.67866567085 
0.86974900262 	 859.73168819576 	 0.68635066823 
0.86974900262 	 890.85485221102 	 0.69403794934 
0.86974900262 	 923.10470650840 	 0.70172366396 
0.86974900262 	 956.52203842531 	 0.70940308327 
0.86974900262 	 991.14911184236 	 0.71707075863 
0.86974900262 	 1027.02972063577 	 0.72472158460 
0.86974900262 	 1064.20924406472 	 0.73235028918 
0.86974900262 	 1102.73470416390 	 0.73995302117 
0.86974900262 	 1142.65482521357 	 0.74752415357 
0.86974900262 	 1184.02009536266 	 0.75505874079 
0.86974900262 	 1226.88283048257 	 0.76255271562 
0.86974900262 	 1271.29724033264 	 0.76999503682 
0.86974900262 	 1317.31949712075 	 0.77738366852 
0.86974900262 	 1365.00780654601 	 0.78471369745 
0.86974900262 	 1414.42248141323 	 0.79197965119 
0.86974900262 	 1465.62601791225 	 0.79917421935 
0.86974900262 	 1518.68317465873 	 0.80629201649 
0.86974900262 	 1573.66105459626 	 0.81332827376 
0.86974900262 	 1630.62918986345 	 0.82027798301 
0.86974900262 	 1689.65962973324 	 0.82713526009 
0.86974900262 	 1750.82703173573 	 0.83389312974 
0.86974900262 	 1814.20875607977 	 0.84054652553 
0.86974900262 	 1879.88496349267 	 0.84709075413 
0.86974900262 	 1947.93871660183 	 0.85352125605 
0.86974900262 	 2018.45608498650 	 0.85983294753 
0.86974900262 	 2091.52625403246 	 0.86601988642 
0.86974900262 	 2167.24163772744 	 0.87207663443 
0.86974900262 	 2245.69799553977 	 0.87799884795 
0.86974900262 	 2326.99455352823 	 0.88378646520 
0.86974900262 	 2411.23412983612 	 0.88943271549 
0.86974900262 	 2498.52326472839 	 0.89493334948 
0.86974900262 	 2588.97235533627 	 0.90028233974 
0.86974900262 	 2682.69579527972 	 0.90547838460 
0.86974900262 	 2779.81211934445 	 0.91052042402 
0.86974900262 	 2880.44415339630 	 0.91540517388 
0.86974900262 	 2984.71916972271 	 0.92013103334 
0.86974900262 	 3092.76904799777 	 0.92469503400 
0.86974900262 	 3204.73044207429 	 0.92909383231 
0.86974900262 	 3320.74495281390 	 0.93332797028 
0.86974900262 	 3440.95930717388 	 0.93739619144 
0.86974900262 	 3565.52554377701 	 0.94130250212 
0.86974900262 	 3694.60120519930 	 0.94504278333 
0.86974900262 	 3828.34953721869 	 0.94861728067 
0.86974900262 	 3966.93969527677 	 0.95202763236 
0.86974900262 	 4110.54695841470 	 0.95527476281 
0.86974900262 	 4259.35295095366 	 0.95836082064 
0.86974900262 	 4413.54587220053 	 0.96128771227 
0.86974900262 	 4573.32073446906 	 0.96405750026 
0.86974900262 	 4738.87960971766 	 0.96667257634 
0.86974900262 	 4910.43188511573 	 0.96913883220 
0.86974900262 	 5088.19452786179 	 0.97145541769 
0.86974900262 	 5272.39235958825 	 0.97362805756 
0.86974900262 	 5463.25834069991 	 0.97566061763 
0.86974900262 	 5661.03386500583 	 0.97755729531 
0.86974900262 	 5865.96906501720 	 0.97932242477 
0.86974900262 	 6078.32312829723 	 0.98096050424 
0.86974900262 	 6298.36462526327 	 0.98247649521 
0.86974900262 	 6526.37184885573 	 0.98387547284 
0.86974900262 	 6762.63316650331 	 0.98516260566 
0.86974900262 	 7007.44738482975 	 0.98634303197 
0.86974900262 	 7261.12412756334 	 0.98742153309 
0.86974900262 	 7523.98422712716 	 0.98840384008 
0.86974900262 	 7796.36013040524 	 0.98929531618 
0.86974900262 	 8078.59631919787 	 0.99010061925 
0.86974900262 	 8371.04974589791 	 0.99082638792 
0.86974900262 	 8674.09028493891 	 0.99147684791 
0.86974900262 	 8988.10120058618 	 0.99205757665 
0.86974900262 	 9313.47963166233 	 0.99257330548 
0.86974900262 	 9650.63709382046 	 0.99302862967 
0.86974900262 	 10000.00000000000 	 0.99342917111 
