0.01232846739 	 0.00000000000 	 0.00000309158 
0.01232846739 	 0.01000000000 	 0.00000311868 
0.01232846739 	 0.02000000000 	 0.00000314587 
0.01232846739 	 0.03000000000 	 0.00000317316 
0.01232846739 	 0.04000000000 	 0.00000320046 
0.01232846739 	 0.05000000000 	 0.00000322783 
0.01232846739 	 0.06000000000 	 0.00000325529 
0.01232846739 	 0.07000000000 	 0.00000328284 
0.01232846739 	 0.08000000000 	 0.00000331048 
0.01232846739 	 0.09000000000 	 0.00000333825 
0.01232846739 	 0.10000000000 	 0.00000336612 
0.01232846739 	 0.11000000000 	 0.00000339411 
0.01232846739 	 0.12000000000 	 0.00000342222 
0.01232846739 	 0.13000000000 	 0.00000345045 
0.01232846739 	 0.14000000000 	 0.00000347882 
0.01232846739 	 0.15000000000 	 0.00000350732 
0.01232846739 	 0.16000000000 	 0.00000353597 
0.01232846739 	 0.17000000000 	 0.00000356476 
0.01232846739 	 0.18000000000 	 0.00000359370 
0.01232846739 	 0.19000000000 	 0.00000362279 
0.01232846739 	 0.20000000000 	 0.00000365204 
0.01232846739 	 0.21000000000 	 0.00000368145 
0.01232846739 	 0.22000000000 	 0.00000371102 
0.01232846739 	 0.23000000000 	 0.00000374076 
0.01232846739 	 0.24000000000 	 0.00000377068 
0.01232846739 	 0.25000000000 	 0.00000380077 
0.01232846739 	 0.26000000000 	 0.00000383197 
0.01232846739 	 0.27000000000 	 0.00000386192 
0.01232846739 	 0.28000000000 	 0.00000389226 
0.01232846739 	 0.29000000000 	 0.00000392278 
0.01232846739 	 0.30000000000 	 0.00000395353 
0.01232846739 	 0.31000000000 	 0.00000397712 
0.01232846739 	 0.32000000000 	 0.00000401045 
0.01232846739 	 0.33000000000 	 0.00000404383 
0.01232846739 	 0.34000000000 	 0.00000407711 
0.01232846739 	 0.35000000000 	 0.00000411044 
0.01232846739 	 0.36000000000 	 0.00000414387 
0.01232846739 	 0.37000000000 	 0.00000417744 
0.01232846739 	 0.38000000000 	 0.00000421120 
0.01232846739 	 0.39000000000 	 0.00000424508 
0.01232846739 	 0.40000000000 	 0.00000427909 
0.01232846739 	 0.41000000000 	 0.00000431326 
0.01232846739 	 0.42000000000 	 0.00000434756 
0.01232846739 	 0.43000000000 	 0.00000438200 
0.01232846739 	 0.44000000000 	 0.00000441660 
0.01232846739 	 0.45000000000 	 0.00000445135 
0.01232846739 	 0.46000000000 	 0.00000448628 
0.01232846739 	 0.47000000000 	 0.00000452133 
0.01232846739 	 0.48000000000 	 0.00000455654 
0.01232846739 	 0.49000000000 	 0.00000459192 
0.01232846739 	 0.50000000000 	 0.00000462748 
0.01232846739 	 0.51000000000 	 0.00000466322 
0.01232846739 	 0.52000000000 	 0.00000469914 
0.01232846739 	 0.53000000000 	 0.00000473526 
0.01232846739 	 0.54000000000 	 0.00000477156 
0.01232846739 	 0.55000000000 	 0.00000480806 
0.01232846739 	 0.56000000000 	 0.00000484474 
0.01232846739 	 0.57000000000 	 0.00000488164 
0.01232846739 	 0.58000000000 	 0.00000491876 
0.01232846739 	 0.59000000000 	 0.00000495608 
0.01232846739 	 0.60000000000 	 0.00000499363 
0.01232846739 	 0.61000000000 	 0.00000503141 
0.01232846739 	 0.62000000000 	 0.00000506940 
0.01232846739 	 0.63000000000 	 0.00000510763 
0.01232846739 	 0.64000000000 	 0.00000514608 
0.01232846739 	 0.65000000000 	 0.00000518475 
0.01232846739 	 0.66000000000 	 0.00000522364 
0.01232846739 	 0.67000000000 	 0.00000526274 
0.01232846739 	 0.68000000000 	 0.00000531312 
0.01232846739 	 0.69000000000 	 0.00000535295 
0.01232846739 	 0.70000000000 	 0.00000539300 
0.01232846739 	 0.71000000000 	 0.00000543329 
0.01232846739 	 0.72000000000 	 0.00000547381 
0.01232846739 	 0.73000000000 	 0.00000551456 
0.01232846739 	 0.74000000000 	 0.00000555556 
0.01232846739 	 0.75000000000 	 0.00000559680 
0.01232846739 	 0.76000000000 	 0.00000563828 
0.01232846739 	 0.77000000000 	 0.00000567337 
0.01232846739 	 0.78000000000 	 0.00000571711 
0.01232846739 	 0.79000000000 	 0.00000576107 
0.01232846739 	 0.80000000000 	 0.00000580519 
0.01232846739 	 0.81000000000 	 0.00000584948 
0.01232846739 	 0.82000000000 	 0.00000589395 
0.01232846739 	 0.83000000000 	 0.00000593861 
0.01232846739 	 0.84000000000 	 0.00000598351 
0.01232846739 	 0.85000000000 	 0.00000602858 
0.01232846739 	 0.86000000000 	 0.00000607378 
0.01232846739 	 0.87000000000 	 0.00000611918 
0.01232846739 	 0.88000000000 	 0.00000616477 
0.01232846739 	 0.89000000000 	 0.00000621057 
0.01232846739 	 0.90000000000 	 0.00000625660 
0.01232846739 	 0.91000000000 	 0.00000630281 
0.01232846739 	 0.92000000000 	 0.00000634924 
0.01232846739 	 0.93000000000 	 0.00000639599 
0.01232846739 	 0.94000000000 	 0.00000644295 
0.01232846739 	 0.95000000000 	 0.00000649015 
0.01232846739 	 0.96000000000 	 0.00000653757 
0.01232846739 	 0.97000000000 	 0.00000658509 
0.01232846739 	 0.98000000000 	 0.00000663292 
0.01232846739 	 0.99000000000 	 0.00000668089 
0.01232846739 	 1.00000000000 	 0.00000672883 
0.01232846739 	 1.03620101997 	 0.00000690539 
0.01232846739 	 1.07371255379 	 0.00000709217 
0.01232846739 	 1.11258204340 	 0.00000728966 
0.01232846739 	 1.15285864817 	 0.00000749873 
0.01232846739 	 1.19459330712 	 0.00000772025 
0.01232846739 	 1.23783880329 	 0.00000795283 
0.01232846739 	 1.28264983053 	 0.00000820521 
0.01232846739 	 1.32908306266 	 0.00000847103 
0.01232846739 	 1.37719722516 	 0.00000875313 
0.01232846739 	 1.42705316941 	 0.00000905224 
0.01232846739 	 1.47871394970 	 0.00000937104 
0.01232846739 	 1.53224490292 	 0.00000971000 
0.01232846739 	 1.58771373126 	 0.00001007680 
0.01232846739 	 1.64519058775 	 0.00001046610 
0.01232846739 	 1.70474816508 	 0.00001088003 
0.01232846739 	 1.76646178745 	 0.00001132063 
0.01232846739 	 1.83040950590 	 0.00001178838 
0.01232846739 	 1.89667219698 	 0.00001230364 
0.01232846739 	 1.96533366506 	 0.00001285300 
0.01232846739 	 2.03648074833 	 0.00001343768 
0.01232846739 	 2.11020342857 	 0.00001406353 
0.01232846739 	 2.18659494503 	 0.00001472240 
0.01232846739 	 2.26575191231 	 0.00001546336 
0.01232846739 	 2.34777444254 	 0.00001625246 
0.01232846739 	 2.43276627202 	 0.00001709761 
0.01232846739 	 2.52083489243 	 0.00001800607 
0.01232846739 	 2.61209168671 	 0.00001898528 
0.01232846739 	 2.70665207003 	 0.00002005022 
0.01232846739 	 2.80463563568 	 0.00002120704 
0.01232846739 	 2.90616630634 	 0.00002245330 
0.01232846739 	 3.01137249084 	 0.00002380008 
0.01232846739 	 3.12038724653 	 0.00002525892 
0.01232846739 	 3.23334844756 	 0.00002684567 
0.01232846739 	 3.35039895929 	 0.00002857414 
0.01232846739 	 3.47168681893 	 0.00003044902 
0.01232846739 	 3.59736542280 	 0.00003248010 
0.01232846739 	 3.72759372031 	 0.00003471676 
0.01232846739 	 3.86253641503 	 0.00003714600 
0.01232846739 	 4.00236417294 	 0.00003979208 
0.01232846739 	 4.14725383830 	 0.00004269113 
0.01232846739 	 4.29738865733 	 0.00004585824 
0.01232846739 	 4.45295850994 	 0.00004931961 
0.01232846739 	 4.61416014990 	 0.00005312179 
0.01232846739 	 4.78119745364 	 0.00005728906 
0.01232846739 	 4.95428167815 	 0.00006183178 
0.01232846739 	 5.13363172813 	 0.00006688133 
0.01232846739 	 5.31947443285 	 0.00007239032 
0.01232846739 	 5.51204483304 	 0.00007844460 
0.01232846739 	 5.71158647813 	 0.00008513995 
0.01232846739 	 5.91835173430 	 0.00009247820 
0.01232846739 	 6.13260210363 	 0.00010059699 
0.01232846739 	 6.35460855487 	 0.00010951567 
0.01232846739 	 6.58465186608 	 0.00011937685 
0.01232846739 	 6.82302297979 	 0.00013024814 
0.01232846739 	 7.07002337096 	 0.00014224516 
0.01232846739 	 7.32596542822 	 0.00015554179 
0.01232846739 	 7.59117284900 	 0.00017022055 
0.01232846739 	 7.86598104892 	 0.00018637121 
0.01232846739 	 8.15073758597 	 0.00020436614 
0.01232846739 	 8.44580260011 	 0.00022416524 
0.01232846739 	 8.75154926872 	 0.00024611586 
0.01232846739 	 9.06836427859 	 0.00027030705 
0.01232846739 	 9.39664831495 	 0.00029719429 
0.01232846739 	 9.73681656828 	 0.00032682095 
0.01232846739 	 10.08929925933 	 0.00035969003 
0.01232846739 	 10.45454218333 	 0.00039594964 
0.01232846739 	 10.83300727371 	 0.00043621423 
0.01232846739 	 11.22517318638 	 0.00048058692 
0.01232846739 	 11.63153590510 	 0.00052965562 
0.01232846739 	 12.05260936871 	 0.00058389782 
0.01232846739 	 12.48892612118 	 0.00064382803 
0.01232846739 	 12.94103798513 	 0.00070992432 
0.01232846739 	 13.40951675969 	 0.00078275756 
0.01232846739 	 13.89495494373 	 0.00086328699 
0.01232846739 	 14.39796648516 	 0.00095195933 
0.01232846739 	 14.91918755746 	 0.00104962235 
0.01232846739 	 15.45927736419 	 0.00115690264 
0.01232846739 	 16.01891897281 	 0.00127470856 
0.01232846739 	 16.59882017849 	 0.00140435826 
0.01232846739 	 17.19971439928 	 0.00154638517 
0.01232846739 	 17.82236160377 	 0.00170213614 
0.01232846739 	 18.46754927215 	 0.00187260695 
0.01232846739 	 19.13609339219 	 0.00205914068 
0.01232846739 	 19.82883949127 	 0.00226242776 
0.01232846739 	 20.54666370572 	 0.00248504435 
0.01232846739 	 21.29047388890 	 0.00272711870 
0.01232846739 	 22.06121075937 	 0.00299042032 
0.01232846739 	 22.85984909069 	 0.00327649989 
0.01232846739 	 23.68739894419 	 0.00358687469 
0.01232846739 	 24.54490694646 	 0.00392306755 
0.01232846739 	 25.43345761305 	 0.00428663658 
0.01232846739 	 26.35417472006 	 0.00467941001 
0.01232846739 	 27.30822272546 	 0.00510300460 
0.01232846739 	 28.29680824175 	 0.00555876038 
0.01232846739 	 29.32118156207 	 0.00604900313 
0.01232846739 	 30.38263824141 	 0.00657538903 
0.01232846739 	 31.48252073520 	 0.00713896703 
0.01232846739 	 32.62222009712 	 0.00774175480 
0.01232846739 	 33.80317773840 	 0.00838530852 
0.01232846739 	 35.02688725083 	 0.00907119170 
0.01232846739 	 36.29489629577 	 0.00980090811 
0.01232846739 	 37.60880856147 	 0.01057600406 
0.01232846739 	 38.97028579134 	 0.01139796560 
0.01232846739 	 40.38104988560 	 0.01226771212 
0.01232846739 	 41.84288507902 	 0.01318661166 
0.01232846739 	 43.35764019746 	 0.01415567307 
0.01232846739 	 44.92723099621 	 0.01517566522 
0.01232846739 	 46.55364258280 	 0.01624803640 
0.01232846739 	 48.23893192773 	 0.01737268290 
0.01232846739 	 49.98523046589 	 0.01855061290 
0.01232846739 	 51.79474679231 	 0.01978203014 
0.01232846739 	 53.66976945540 	 0.02106692251 
0.01232846739 	 55.61266985137 	 0.02240537052 
0.01232846739 	 57.62590522338 	 0.02379763152 
0.01232846739 	 59.71202176930 	 0.02524307091 
0.01232846739 	 61.87365786196 	 0.02674146706 
0.01232846739 	 64.11354738598 	 0.02829194669 
0.01232846739 	 66.43452319540 	 0.02989390367 
0.01232846739 	 68.83952069645 	 0.03154645554 
0.01232846739 	 71.33158156008 	 0.03324865641 
0.01232846739 	 73.91385756879 	 0.03499933740 
0.01232846739 	 76.58961460288 	 0.03679750164 
0.01232846739 	 79.36223677079 	 0.03864205196 
0.01232846739 	 82.23523068918 	 0.04053075788 
0.01232846739 	 85.21222991780 	 0.04246277396 
0.01232846739 	 88.29699955494 	 0.04443649404 
0.01232846739 	 91.49344099933 	 0.04645036004 
0.01232846739 	 94.80559688429 	 0.04850380787 
0.01232846739 	 98.23765619059 	 0.05059431671 
0.01232846739 	 101.79395954438 	 0.05272103344 
0.01232846739 	 105.47900470692 	 0.05488244077 
0.01232846739 	 109.29745226298 	 0.05707759502 
0.01232846739 	 113.25413151528 	 0.05930577118 
0.01232846739 	 117.35404659222 	 0.06156516695 
0.01232846739 	 121.60238277674 	 0.06385508827 
0.01232846739 	 126.00451306433 	 0.06617659763 
0.01232846739 	 130.56600495838 	 0.06852666275 
0.01232846739 	 135.29262751160 	 0.07090580090 
0.01232846739 	 140.19035862226 	 0.07331410583 
0.01232846739 	 145.26539259468 	 0.07575152547 
0.01232846739 	 150.52414797329 	 0.07821728402 
0.01232846739 	 155.97327566040 	 0.08071404314 
0.01232846739 	 161.61966732774 	 0.08324030879 
0.01232846739 	 167.47046413260 	 0.08579605167 
0.01232846739 	 173.53306574945 	 0.08838231646 
0.01232846739 	 179.81513972851 	 0.09100117733 
0.01232846739 	 186.32463119316 	 0.09365217255 
0.01232846739 	 193.06977288832 	 0.09633659116 
0.01232846739 	 200.05909559272 	 0.09905584831 
0.01232846739 	 207.30143890792 	 0.10181101868 
0.01232846739 	 214.80596243813 	 0.10460245773 
0.01232846739 	 222.58215737454 	 0.10743273689 
0.01232846739 	 230.63985849915 	 0.11030114480 
0.01232846739 	 238.98925662311 	 0.11320955950 
0.01232846739 	 247.64091147530 	 0.11615900007 
0.01232846739 	 256.60576505760 	 0.11915288673 
0.01232846739 	 265.89515548347 	 0.12218964458 
0.01232846739 	 275.52083131769 	 0.12527150942 
0.01232846739 	 285.49496643503 	 0.12839940537 
0.01232846739 	 295.83017541695 	 0.13157464985 
0.01232846739 	 306.53952950565 	 0.13479848637 
0.01232846739 	 317.63657313561 	 0.13807254696 
0.01232846739 	 329.13534106365 	 0.14139600985 
0.01232846739 	 341.05037611911 	 0.14477112530 
0.01232846739 	 353.39674759658 	 0.14819811056 
0.01232846739 	 366.19007031450 	 0.15167906783 
0.01232846739 	 379.44652436364 	 0.15521592528 
0.01232846739 	 393.18287557058 	 0.15880716731 
0.01232846739 	 407.41649670190 	 0.16245695515 
0.01232846739 	 422.16538943608 	 0.16616276235 
0.01232846739 	 437.44820713071 	 0.16992687456 
0.01232846739 	 453.28427841392 	 0.17375053313 
0.01232846739 	 469.69363162995 	 0.17763452395 
0.01232846739 	 486.69702016948 	 0.18157870988 
0.01232846739 	 504.31594871714 	 0.18558843659 
0.01232846739 	 522.57270044903 	 0.18966076937 
0.01232846739 	 541.49036521501 	 0.19379615109 
0.01232846739 	 561.09286874100 	 0.19799412739 
0.01232846739 	 581.40500288865 	 0.20226352911 
0.01232846739 	 602.45245701027 	 0.20659498054 
0.01232846739 	 624.26185043890 	 0.21099787527 
0.01232846739 	 646.86076615463 	 0.21546691274 
0.01232846739 	 670.27778566954 	 0.22000531327 
0.01232846739 	 694.54252517561 	 0.22461466885 
0.01232846739 	 719.68567300115 	 0.22929686207 
0.01232846739 	 745.73902842330 	 0.23404889757 
0.01232846739 	 772.73554188543 	 0.23887211022 
0.01232846739 	 800.70935667059 	 0.24376961555 
0.01232846739 	 829.69585208349 	 0.24874243459 
0.01232846739 	 859.73168819576 	 0.25379029385 
0.01232846739 	 890.85485221102 	 0.25891314419 
0.01232846739 	 923.10470650840 	 0.26411479854 
0.01232846739 	 956.52203842531 	 0.26939316298 
0.01232846739 	 991.14911184236 	 0.27474769435 
0.01232846739 	 1027.02972063577 	 0.28018103986 
0.01232846739 	 1064.20924406472 	 0.28569330287 
0.01232846739 	 1102.73470416390 	 0.29128509442 
0.01232846739 	 1142.65482521357 	 0.29695671911 
0.01232846739 	 1184.02009536266 	 0.30270699354 
0.01232846739 	 1226.88283048257 	 0.30854082774 
0.01232846739 	 1271.29724033264 	 0.31445837500 
0.01232846739 	 1317.31949712075 	 0.32045515146 
0.01232846739 	 1365.00780654601 	 0.32653429078 
0.01232846739 	 1414.42248141323 	 0.33269593538 
0.01232846739 	 1465.62601791225 	 0.33893776084 
0.01232846739 	 1518.68317465873 	 0.34526536873 
0.01232846739 	 1573.66105459626 	 0.35167554807 
0.01232846739 	 1630.62918986345 	 0.35816927713 
0.01232846739 	 1689.65962973324 	 0.36474659201 
0.01232846739 	 1750.82703173573 	 0.37140197798 
0.01232846739 	 1814.20875607977 	 0.37814617693 
0.01232846739 	 1879.88496349267 	 0.38496998106 
0.01232846739 	 1947.93871660183 	 0.39187496867 
0.01232846739 	 2018.45608498650 	 0.39886316483 
0.01232846739 	 2091.52625403246 	 0.40593387463 
0.01232846739 	 2167.24163772744 	 0.41308489079 
0.01232846739 	 2245.69799553977 	 0.42031399040 
0.01232846739 	 2326.99455352823 	 0.42762290117 
0.01232846739 	 2411.23412983612 	 0.43500863418 
0.01232846739 	 2498.52326472839 	 0.44247381695 
0.01232846739 	 2588.97235533627 	 0.45001639638 
0.01232846739 	 2682.69579527972 	 0.45763192955 
0.01232846739 	 2779.81211934445 	 0.46532135231 
0.01232846739 	 2880.44415339630 	 0.47308522683 
0.01232846739 	 2984.71916972271 	 0.48091756274 
0.01232846739 	 3092.76904799777 	 0.48881880749 
0.01232846739 	 3204.73044207429 	 0.49678696780 
0.01232846739 	 3320.74495281390 	 0.50482019465 
0.01232846739 	 3440.95930717388 	 0.51291636975 
0.01232846739 	 3565.52554377701 	 0.52107215122 
0.01232846739 	 3694.60120519930 	 0.52928713590 
0.01232846739 	 3828.34953721869 	 0.53755724730 
0.01232846739 	 3966.93969527677 	 0.54587944046 
0.01232846739 	 4110.54695841470 	 0.55425213592 
0.01232846739 	 4259.35295095366 	 0.56267217523 
0.01232846739 	 4413.54587220053 	 0.57113396948 
0.01232846739 	 4573.32073446906 	 0.57963581567 
0.01232846739 	 4738.87960971766 	 0.58817417404 
0.01232846739 	 4910.43188511573 	 0.59674502639 
0.01232846739 	 5088.19452786179 	 0.60534448163 
0.01232846739 	 5272.39235958825 	 0.61396812789 
0.01232846739 	 5463.25834069991 	 0.62261157597 
0.01232846739 	 5661.03386500583 	 0.63127083143 
0.01232846739 	 5865.96906501720 	 0.63994111129 
0.01232846739 	 6078.32312829723 	 0.64861733195 
0.01232846739 	 6298.36462526327 	 0.65729456384 
0.01232846739 	 6526.37184885573 	 0.66596822552 
0.01232846739 	 6762.63316650331 	 0.67463208668 
0.01232846739 	 7007.44738482975 	 0.68328156609 
0.01232846739 	 7261.12412756334 	 0.69191037760 
0.01232846739 	 7523.98422712716 	 0.70051351604 
0.01232846739 	 7796.36013040524 	 0.70908496579 
0.01232846739 	 8078.59631919787 	 0.71761889766 
0.01232846739 	 8371.04974589791 	 0.72610889188 
0.01232846739 	 8674.09028493891 	 0.73454854467 
0.01232846739 	 8988.10120058618 	 0.74293206396 
0.01232846739 	 9313.47963166233 	 0.75125393471 
0.01232846739 	 9650.63709382046 	 0.75950738773 
0.01232846739 	 10000.00000000000 	 0.76768458869 
