0.07054802311 	 0.00000000000 	 0.00000000013 
0.07054802311 	 0.01000000000 	 0.00000000358 
0.07054802311 	 0.02000000000 	 0.00000005940 
0.07054802311 	 0.03000000000 	 0.00000005915 
0.07054802311 	 0.04000000000 	 0.00000000310 
0.07054802311 	 0.05000000000 	 0.00000000309 
0.07054802311 	 0.06000000000 	 0.00000000308 
0.07054802311 	 0.07000000000 	 0.00000000308 
0.07054802311 	 0.08000000000 	 0.00000000308 
0.07054802311 	 0.09000000000 	 0.00000000306 
0.07054802311 	 0.10000000000 	 0.00000000306 
0.07054802311 	 0.11000000000 	 0.00000000306 
0.07054802311 	 0.12000000000 	 0.00000003151 
0.07054802311 	 0.13000000000 	 0.00000004610 
0.07054802311 	 0.14000000000 	 -0.00000001214 
0.07054802311 	 0.15000000000 	 -0.00000001290 
0.07054802311 	 0.16000000000 	 0.00000000315 
0.07054802311 	 0.17000000000 	 -0.00000000499 
0.07054802311 	 0.18000000000 	 -0.00000000495 
0.07054802311 	 0.19000000000 	 -0.00000000492 
0.07054802311 	 0.20000000000 	 0.00000002184 
0.07054802311 	 0.21000000000 	 0.00000003258 
0.07054802311 	 0.22000000000 	 0.00000003254 
0.07054802311 	 0.23000000000 	 0.00000003266 
0.07054802311 	 0.24000000000 	 0.00000003272 
0.07054802311 	 0.25000000000 	 0.00000003279 
0.07054802311 	 0.26000000000 	 0.00000003271 
0.07054802311 	 0.27000000000 	 0.00000003140 
0.07054802311 	 0.28000000000 	 0.00000002868 
0.07054802311 	 0.29000000000 	 -0.00000000940 
0.07054802311 	 0.30000000000 	 0.00000003234 
0.07054802311 	 0.31000000000 	 0.00000000451 
0.07054802311 	 0.32000000000 	 0.00000000452 
0.07054802311 	 0.33000000000 	 -0.00000000567 
0.07054802311 	 0.34000000000 	 0.00000000232 
0.07054802311 	 0.35000000000 	 -0.00000000780 
0.07054802311 	 0.36000000000 	 -0.00000000756 
0.07054802311 	 0.37000000000 	 0.00000003776 
0.07054802311 	 0.38000000000 	 -0.00000000883 
0.07054802311 	 0.39000000000 	 0.00000001469 
0.07054802311 	 0.40000000000 	 0.00000000901 
0.07054802311 	 0.41000000000 	 -0.00000000890 
0.07054802311 	 0.42000000000 	 0.00000004503 
0.07054802311 	 0.43000000000 	 -0.00000000096 
0.07054802311 	 0.44000000000 	 0.00000000309 
0.07054802311 	 0.45000000000 	 0.00000000298 
0.07054802311 	 0.46000000000 	 0.00000000291 
0.07054802311 	 0.47000000000 	 0.00000000287 
0.07054802311 	 0.48000000000 	 0.00000000284 
0.07054802311 	 0.49000000000 	 0.00000003572 
0.07054802311 	 0.50000000000 	 0.00000004377 
0.07054802311 	 0.51000000000 	 0.00000004320 
0.07054802311 	 0.52000000000 	 -0.00000000661 
0.07054802311 	 0.53000000000 	 -0.00000000661 
0.07054802311 	 0.54000000000 	 -0.00000000660 
0.07054802311 	 0.55000000000 	 -0.00000000659 
0.07054802311 	 0.56000000000 	 -0.00000000659 
0.07054802311 	 0.57000000000 	 -0.00000000658 
0.07054802311 	 0.58000000000 	 0.00000000448 
0.07054802311 	 0.59000000000 	 -0.00000000066 
0.07054802311 	 0.60000000000 	 -0.00000000040 
0.07054802311 	 0.61000000000 	 -0.00000000040 
0.07054802311 	 0.62000000000 	 -0.00000000062 
0.07054802311 	 0.63000000000 	 -0.00000000059 
0.07054802311 	 0.64000000000 	 0.00000002685 
0.07054802311 	 0.65000000000 	 0.00000002655 
0.07054802311 	 0.66000000000 	 0.00000002630 
0.07054802311 	 0.67000000000 	 0.00000002624 
0.07054802311 	 0.68000000000 	 0.00000000292 
0.07054802311 	 0.69000000000 	 0.00000000289 
0.07054802311 	 0.70000000000 	 -0.00000000368 
0.07054802311 	 0.71000000000 	 0.00000000006 
0.07054802311 	 0.72000000000 	 -0.00000000004 
0.07054802311 	 0.73000000000 	 -0.00000000010 
0.07054802311 	 0.74000000000 	 -0.00000000019 
0.07054802311 	 0.75000000000 	 -0.00000000029 
0.07054802311 	 0.76000000000 	 -0.00000000397 
0.07054802311 	 0.77000000000 	 0.00000000206 
0.07054802311 	 0.78000000000 	 0.00000000207 
0.07054802311 	 0.79000000000 	 0.00000000206 
0.07054802311 	 0.80000000000 	 0.00000000206 
0.07054802311 	 0.81000000000 	 0.00000000207 
0.07054802311 	 0.82000000000 	 0.00000000209 
0.07054802311 	 0.83000000000 	 0.00000000210 
0.07054802311 	 0.84000000000 	 0.00000000212 
0.07054802311 	 0.85000000000 	 0.00000000211 
0.07054802311 	 0.86000000000 	 0.00000000210 
0.07054802311 	 0.87000000000 	 -0.00000000145 
0.07054802311 	 0.88000000000 	 0.00000000085 
0.07054802311 	 0.89000000000 	 0.00000001929 
0.07054802311 	 0.90000000000 	 0.00000001912 
0.07054802311 	 0.91000000000 	 0.00000001913 
0.07054802311 	 0.92000000000 	 -0.00000000331 
0.07054802311 	 0.93000000000 	 -0.00000000161 
0.07054802311 	 0.94000000000 	 0.00000000104 
0.07054802311 	 0.95000000000 	 0.00000001199 
0.07054802311 	 0.96000000000 	 0.00000001140 
0.07054802311 	 0.97000000000 	 0.00000001105 
0.07054802311 	 0.98000000000 	 -0.00000000617 
0.07054802311 	 0.99000000000 	 -0.00000000619 
0.07054802311 	 1.00000000000 	 0.00000000011 
0.07054802311 	 1.03620101997 	 -0.00000000614 
0.07054802311 	 1.07371255379 	 -0.00000000150 
0.07054802311 	 1.11258204340 	 0.00000000996 
0.07054802311 	 1.15285864817 	 0.00000000862 
0.07054802311 	 1.19459330712 	 0.00000000770 
0.07054802311 	 1.23783880329 	 0.00000000849 
0.07054802311 	 1.28264983053 	 -0.00000000887 
0.07054802311 	 1.32908306266 	 0.00000000514 
0.07054802311 	 1.37719722516 	 -0.00000000222 
0.07054802311 	 1.42705316941 	 0.00000000043 
0.07054802311 	 1.47871394970 	 0.00000000026 
0.07054802311 	 1.53224490292 	 0.00000000050 
0.07054802311 	 1.58771373126 	 0.00000000085 
0.07054802311 	 1.64519058775 	 0.00000000122 
0.07054802311 	 1.70474816508 	 -0.00000000008 
0.07054802311 	 1.76646178745 	 -0.00000001607 
0.07054802311 	 1.83040950590 	 -0.00000001309 
0.07054802311 	 1.89667219698 	 -0.00000001486 
0.07054802311 	 1.96533366506 	 -0.00000000154 
0.07054802311 	 2.03648074833 	 -0.00000000428 
0.07054802311 	 2.11020342857 	 -0.00000001106 
0.07054802311 	 2.18659494503 	 -0.00000001576 
0.07054802311 	 2.26575191231 	 0.00000000393 
0.07054802311 	 2.34777444254 	 -0.00000000527 
0.07054802311 	 2.43276627202 	 -0.00000001793 
0.07054802311 	 2.52083489243 	 -0.00000003118 
0.07054802311 	 2.61209168671 	 -0.00000003589 
0.07054802311 	 2.70665207003 	 -0.00000003004 
0.07054802311 	 2.80463563568 	 -0.00000002006 
0.07054802311 	 2.90616630634 	 -0.00000002194 
0.07054802311 	 3.01137249084 	 -0.00000002425 
0.07054802311 	 3.12038724653 	 -0.00000003477 
0.07054802311 	 3.23334844756 	 -0.00000004485 
0.07054802311 	 3.35039895929 	 0.00000000882 
0.07054802311 	 3.47168681893 	 -0.00000003682 
0.07054802311 	 3.59736542280 	 0.00000000370 
0.07054802311 	 3.72759372031 	 0.00000000704 
0.07054802311 	 3.86253641503 	 -0.00000001923 
0.07054802311 	 4.00236417294 	 -0.00000006219 
0.07054802311 	 4.14725383830 	 -0.00000005206 
0.07054802311 	 4.29738865733 	 0.00000000108 
0.07054802311 	 4.45295850994 	 -0.00000002180 
0.07054802311 	 4.61416014990 	 0.00000001056 
0.07054802311 	 4.78119745364 	 -0.00000006147 
0.07054802311 	 4.95428167815 	 -0.00000005714 
0.07054802311 	 5.13363172813 	 0.00000001939 
0.07054802311 	 5.31947443285 	 -0.00000002707 
0.07054802311 	 5.51204483304 	 -0.00000007705 
0.07054802311 	 5.71158647813 	 -0.00000001938 
0.07054802311 	 5.91835173430 	 -0.00000002687 
0.07054802311 	 6.13260210363 	 -0.00000001820 
0.07054802311 	 6.35460855487 	 0.00000003579 
0.07054802311 	 6.58465186608 	 0.00000008478 
0.07054802311 	 6.82302297979 	 0.00000010227 
0.07054802311 	 7.07002337096 	 0.00000016227 
0.07054802311 	 7.32596542822 	 0.00000009795 
0.07054802311 	 7.59117284900 	 0.00000012025 
0.07054802311 	 7.86598104892 	 0.00000016827 
0.07054802311 	 8.15073758597 	 0.00000037953 
0.07054802311 	 8.44580260011 	 0.00000046900 
0.07054802311 	 8.75154926872 	 0.00000048308 
0.07054802311 	 9.06836427859 	 0.00000059593 
0.07054802311 	 9.39664831495 	 0.00000076218 
0.07054802311 	 9.73681656828 	 0.00000096329 
0.07054802311 	 10.08929925933 	 0.00000116874 
0.07054802311 	 10.45454218333 	 0.00000139709 
0.07054802311 	 10.83300727371 	 0.00000179141 
0.07054802311 	 11.22517318638 	 0.00000225915 
0.07054802311 	 11.63153590510 	 0.00000283537 
0.07054802311 	 12.05260936871 	 0.00000360909 
0.07054802311 	 12.48892612118 	 0.00000448033 
0.07054802311 	 12.94103798513 	 0.00000549830 
0.07054802311 	 13.40951675969 	 0.00000696063 
0.07054802311 	 13.89495494373 	 0.00000849772 
0.07054802311 	 14.39796648516 	 0.00001056820 
0.07054802311 	 14.91918755746 	 0.00001301828 
0.07054802311 	 15.45927736419 	 0.00001583917 
0.07054802311 	 16.01891897281 	 0.00001954827 
0.07054802311 	 16.59882017849 	 0.00002379285 
0.07054802311 	 17.19971439928 	 0.00002907679 
0.07054802311 	 17.82236160377 	 0.00003535369 
0.07054802311 	 18.46754927215 	 0.00004304488 
0.07054802311 	 19.13609339219 	 0.00005215304 
0.07054802311 	 19.82883949127 	 0.00006319787 
0.07054802311 	 20.54666370572 	 0.00007628058 
0.07054802311 	 21.29047388890 	 0.00009158155 
0.07054802311 	 22.06121075937 	 0.00011070484 
0.07054802311 	 22.85984909069 	 0.00013210107 
0.07054802311 	 23.68739894419 	 0.00015778206 
0.07054802311 	 24.54490694646 	 0.00018804872 
0.07054802311 	 25.43345761305 	 0.00022325597 
0.07054802311 	 26.35417472006 	 0.00026468794 
0.07054802311 	 27.30822272546 	 0.00031275079 
0.07054802311 	 28.29680824175 	 0.00036839035 
0.07054802311 	 29.32118156207 	 0.00043272693 
0.07054802311 	 30.38263824141 	 0.00050674384 
0.07054802311 	 31.48252073520 	 0.00059205790 
0.07054802311 	 32.62222009712 	 0.00068951743 
0.07054802311 	 33.80317773840 	 0.00080056945 
0.07054802311 	 35.02688725083 	 0.00092715552 
0.07054802311 	 36.29489629577 	 0.00107057913 
0.07054802311 	 37.60880856147 	 0.00123260579 
0.07054802311 	 38.97028579134 	 0.00141478397 
0.07054802311 	 40.38104988560 	 0.00161945788 
0.07054802311 	 41.84288507902 	 0.00184932430 
0.07054802311 	 43.35764019746 	 0.00210542001 
0.07054802311 	 44.92723099621 	 0.00238984909 
0.07054802311 	 46.55364258280 	 0.00270519603 
0.07054802311 	 48.23893192773 	 0.00305372597 
0.07054802311 	 49.98523046589 	 0.00343779515 
0.07054802311 	 51.79474679231 	 0.00385956172 
0.07054802311 	 53.66976945540 	 0.00432129768 
0.07054802311 	 55.61266985137 	 0.00482571522 
0.07054802311 	 57.62590522338 	 0.00537507949 
0.07054802311 	 59.71202176930 	 0.00597105401 
0.07054802311 	 61.87365786196 	 0.00661666179 
0.07054802311 	 64.11354738598 	 0.00731272481 
0.07054802311 	 66.43452319540 	 0.00806194266 
0.07054802311 	 68.83952069645 	 0.00886624111 
0.07054802311 	 71.33158156008 	 0.00972737318 
0.07054802311 	 73.91385756879 	 0.01064667842 
0.07054802311 	 76.58961460288 	 0.01162554886 
0.07054802311 	 79.36223677079 	 0.01266473694 
0.07054802311 	 82.23523068918 	 0.01376560912 
0.07054802311 	 85.21222991780 	 0.01492879767 
0.07054802311 	 88.29699955494 	 0.01615483590 
0.07054802311 	 91.49344099933 	 0.01744440801 
0.07054802311 	 94.80559688429 	 0.01879744590 
0.07054802311 	 98.23765619059 	 0.02021312986 
0.07054802311 	 101.79395954438 	 0.02169166282 
0.07054802311 	 105.47900470692 	 0.02323281097 
0.07054802311 	 109.29745226298 	 0.02483501621 
0.07054802311 	 113.25413151528 	 0.02649805685 
0.07054802311 	 117.35404659222 	 0.02822027306 
0.07054802311 	 121.60238277674 	 0.02999939559 
0.07054802311 	 126.00451306433 	 0.03183549352 
0.07054802311 	 130.56600495838 	 0.03372581558 
0.07054802311 	 135.29262751160 	 0.03566934931 
0.07054802311 	 140.19035862226 	 0.03766311444 
0.07054802311 	 145.26539259468 	 0.03970550459 
0.07054802311 	 150.52414797329 	 0.04179433824 
0.07054802311 	 155.97327566040 	 0.04392768427 
0.07054802311 	 161.61966732774 	 0.04610372818 
0.07054802311 	 167.47046413260 	 0.04832037675 
0.07054802311 	 173.53306574945 	 0.05057532720 
0.07054802311 	 179.81513972851 	 0.05286650252 
0.07054802311 	 186.32463119316 	 0.05519207110 
0.07054802311 	 193.06977288832 	 0.05755031956 
0.07054802311 	 200.05909559272 	 0.05993950180 
0.07054802311 	 207.30143890792 	 0.06235866420 
0.07054802311 	 214.80596243813 	 0.06480675706 
0.07054802311 	 222.58215737454 	 0.06728278599 
0.07054802311 	 230.63985849915 	 0.06978485863 
0.07054802311 	 238.98925662311 	 0.07231281934 
0.07054802311 	 247.64091147530 	 0.07486675566 
0.07054802311 	 256.60576505760 	 0.07744595415 
0.07054802311 	 265.89515548347 	 0.08005019377 
0.07054802311 	 275.52083131769 	 0.08268052472 
0.07054802311 	 285.49496643503 	 0.08533723714 
0.07054802311 	 295.83017541695 	 0.08801999237 
0.07054802311 	 306.53952950565 	 0.09072943925 
0.07054802311 	 317.63657313561 	 0.09346780169 
0.07054802311 	 329.13534106365 	 0.09623429099 
0.07054802311 	 341.05037611911 	 0.09903045318 
0.07054802311 	 353.39674759658 	 0.10185900372 
0.07054802311 	 366.19007031450 	 0.10471947372 
0.07054802311 	 379.44652436364 	 0.10761288979 
0.07054802311 	 393.18287557058 	 0.11054221777 
0.07054802311 	 407.41649670190 	 0.11350681899 
0.07054802311 	 422.16538943608 	 0.11650777499 
0.07054802311 	 437.44820713071 	 0.11954870643 
0.07054802311 	 453.28427841392 	 0.12262903764 
0.07054802311 	 469.69363162995 	 0.12575244151 
0.07054802311 	 486.69702016948 	 0.12891667788 
0.07054802311 	 504.31594871714 	 0.13212539528 
0.07054802311 	 522.57270044903 	 0.13537860990 
0.07054802311 	 541.49036521501 	 0.13867798116 
0.07054802311 	 561.09286874100 	 0.14202550693 
0.07054802311 	 581.40500288865 	 0.14542073977 
0.07054802311 	 602.45245701027 	 0.14886554228 
0.07054802311 	 624.26185043890 	 0.15236105657 
0.07054802311 	 646.86076615463 	 0.15590908305 
0.07054802311 	 670.27778566954 	 0.15950939194 
0.07054802311 	 694.54252517561 	 0.16316286406 
0.07054802311 	 719.68567300115 	 0.16687284021 
0.07054802311 	 745.73902842330 	 0.17063838075 
0.07054802311 	 772.73554188543 	 0.17446032520 
0.07054802311 	 800.70935667059 	 0.17833985207 
0.07054802311 	 829.69585208349 	 0.18227820258 
0.07054802311 	 859.73168819576 	 0.18627658941 
0.07054802311 	 890.85485221102 	 0.19033682060 
0.07054802311 	 923.10470650840 	 0.19445787623 
0.07054802311 	 956.52203842531 	 0.19864088003 
0.07054802311 	 991.14911184236 	 0.20288740124 
0.07054802311 	 1027.02972063577 	 0.20719940780 
0.07054802311 	 1064.20924406472 	 0.21157768457 
0.07054802311 	 1102.73470416390 	 0.21602073015 
0.07054802311 	 1142.65482521357 	 0.22052947332 
0.07054802311 	 1184.02009536266 	 0.22510981768 
0.07054802311 	 1226.88283048257 	 0.22975688929 
0.07054802311 	 1271.29724033264 	 0.23447333343 
0.07054802311 	 1317.31949712075 	 0.23926013133 
0.07054802311 	 1365.00780654601 	 0.24411928338 
0.07054802311 	 1414.42248141323 	 0.24904933256 
0.07054802311 	 1465.62601791225 	 0.25405445929 
0.07054802311 	 1518.68317465873 	 0.25913362894 
0.07054802311 	 1573.66105459626 	 0.26428522606 
0.07054802311 	 1630.62918986345 	 0.26951320053 
0.07054802311 	 1689.65962973324 	 0.27481611654 
0.07054802311 	 1750.82703173573 	 0.28019572145 
0.07054802311 	 1814.20875607977 	 0.28565203807 
0.07054802311 	 1879.88496349267 	 0.29118547016 
0.07054802311 	 1947.93871660183 	 0.29679735959 
0.07054802311 	 2018.45608498650 	 0.30249119706 
0.07054802311 	 2091.52625403246 	 0.30826173197 
0.07054802311 	 2167.24163772744 	 0.31411163921 
0.07054802311 	 2245.69799553977 	 0.32004381191 
0.07054802311 	 2326.99455352823 	 0.32605510015 
0.07054802311 	 2411.23412983612 	 0.33214683338 
0.07054802311 	 2498.52326472839 	 0.33831868846 
0.07054802311 	 2588.97235533627 	 0.34457379535 
0.07054802311 	 2682.69579527972 	 0.35090991280 
0.07054802311 	 2779.81211934445 	 0.35732712081 
0.07054802311 	 2880.44415339630 	 0.36382889391 
0.07054802311 	 2984.71916972271 	 0.37040927683 
0.07054802311 	 3092.76904799777 	 0.37707396456 
0.07054802311 	 3204.73044207429 	 0.38381727315 
0.07054802311 	 3320.74495281390 	 0.39064287259 
0.07054802311 	 3440.95930717388 	 0.39754780339 
0.07054802311 	 3565.52554377701 	 0.40453323738 
0.07054802311 	 3694.60120519930 	 0.41160044447 
0.07054802311 	 3828.34953721869 	 0.41874642107 
0.07054802311 	 3966.93969527677 	 0.42597077484 
0.07054802311 	 4110.54695841470 	 0.43327494813 
0.07054802311 	 4259.35295095366 	 0.44065346238 
0.07054802311 	 4413.54587220053 	 0.44810722252 
0.07054802311 	 4573.32073446906 	 0.45563605688 
0.07054802311 	 4738.87960971766 	 0.46323896576 
0.07054802311 	 4910.43188511573 	 0.47091518051 
0.07054802311 	 5088.19452786179 	 0.47866194191 
0.07054802311 	 5272.39235958825 	 0.48647685116 
0.07054802311 	 5463.25834069991 	 0.49435849568 
0.07054802311 	 5661.03386500583 	 0.50230548755 
0.07054802311 	 5865.96906501720 	 0.51031623050 
0.07054802311 	 6078.32312829723 	 0.51838831697 
0.07054802311 	 6298.36462526327 	 0.52651914801 
0.07054802311 	 6526.37184885573 	 0.53470759019 
0.07054802311 	 6762.63316650331 	 0.54294967538 
0.07054802311 	 7007.44738482975 	 0.55124153148 
0.07054802311 	 7261.12412756334 	 0.55958130372 
0.07054802311 	 7523.98422712716 	 0.56796591977 
0.07054802311 	 7796.36013040524 	 0.57639196043 
0.07054802311 	 8078.59631919787 	 0.58485675578 
0.07054802311 	 8371.04974589791 	 0.59335635026 
0.07054802311 	 8674.09028493891 	 0.60188575278 
0.07054802311 	 8988.10120058618 	 0.61044198846 
0.07054802311 	 9313.47963166233 	 0.61902083727 
0.07054802311 	 9650.63709382046 	 0.62761839042 
0.07054802311 	 10000.00000000000 	 0.63622937974 
