0.37649358068 	 0.00000000000 	 0.00010635027 
0.37649358068 	 0.01000000000 	 0.00011148818 
0.37649358068 	 0.02000000000 	 0.00011655362 
0.37649358068 	 0.03000000000 	 0.00012160457 
0.37649358068 	 0.04000000000 	 0.00012698379 
0.37649358068 	 0.05000000000 	 0.00013138767 
0.37649358068 	 0.06000000000 	 0.00013838108 
0.37649358068 	 0.07000000000 	 0.00014391399 
0.37649358068 	 0.08000000000 	 0.00014965961 
0.37649358068 	 0.09000000000 	 0.00015577347 
0.37649358068 	 0.10000000000 	 0.00016202855 
0.37649358068 	 0.11000000000 	 0.00016785803 
0.37649358068 	 0.12000000000 	 0.00017434024 
0.37649358068 	 0.13000000000 	 0.00018122591 
0.37649358068 	 0.14000000000 	 0.00018689432 
0.37649358068 	 0.15000000000 	 0.00019353347 
0.37649358068 	 0.16000000000 	 0.00019996192 
0.37649358068 	 0.17000000000 	 0.00020667328 
0.37649358068 	 0.18000000000 	 0.00021349019 
0.37649358068 	 0.19000000000 	 0.00022038849 
0.37649358068 	 0.20000000000 	 0.00022730791 
0.37649358068 	 0.21000000000 	 0.00023475468 
0.37649358068 	 0.22000000000 	 0.00024177062 
0.37649358068 	 0.23000000000 	 0.00024905749 
0.37649358068 	 0.24000000000 	 0.00025653242 
0.37649358068 	 0.25000000000 	 0.00026395996 
0.37649358068 	 0.26000000000 	 0.00027147058 
0.37649358068 	 0.27000000000 	 0.00027957296 
0.37649358068 	 0.28000000000 	 0.00028686391 
0.37649358068 	 0.29000000000 	 0.00029521452 
0.37649358068 	 0.30000000000 	 0.00030341350 
0.37649358068 	 0.31000000000 	 0.00031136600 
0.37649358068 	 0.32000000000 	 0.00031966082 
0.37649358068 	 0.33000000000 	 0.00032820165 
0.37649358068 	 0.34000000000 	 0.00033666226 
0.37649358068 	 0.35000000000 	 0.00034512614 
0.37649358068 	 0.36000000000 	 0.00035370745 
0.37649358068 	 0.37000000000 	 0.00036264876 
0.37649358068 	 0.38000000000 	 0.00037152917 
0.37649358068 	 0.39000000000 	 0.00037971529 
0.37649358068 	 0.40000000000 	 0.00038896131 
0.37649358068 	 0.41000000000 	 0.00039830336 
0.37649358068 	 0.42000000000 	 0.00040720002 
0.37649358068 	 0.43000000000 	 0.00041638533 
0.37649358068 	 0.44000000000 	 0.00042575631 
0.37649358068 	 0.45000000000 	 0.00043520084 
0.37649358068 	 0.46000000000 	 0.00044496325 
0.37649358068 	 0.47000000000 	 0.00045456128 
0.37649358068 	 0.48000000000 	 0.00046387991 
0.37649358068 	 0.49000000000 	 0.00047406596 
0.37649358068 	 0.50000000000 	 0.00048390160 
0.37649358068 	 0.51000000000 	 0.00049387986 
0.37649358068 	 0.52000000000 	 0.00050398105 
0.37649358068 	 0.53000000000 	 0.00051418999 
0.37649358068 	 0.54000000000 	 0.00052380034 
0.37649358068 	 0.55000000000 	 0.00053419802 
0.37649358068 	 0.56000000000 	 0.00054452010 
0.37649358068 	 0.57000000000 	 0.00055546955 
0.37649358068 	 0.58000000000 	 0.00056565787 
0.37649358068 	 0.59000000000 	 0.00057619910 
0.37649358068 	 0.60000000000 	 0.00058699390 
0.37649358068 	 0.61000000000 	 0.00059805501 
0.37649358068 	 0.62000000000 	 0.00060906261 
0.37649358068 	 0.63000000000 	 0.00062055692 
0.37649358068 	 0.64000000000 	 0.00063142139 
0.37649358068 	 0.65000000000 	 0.00064044307 
0.37649358068 	 0.66000000000 	 0.00065366256 
0.37649358068 	 0.67000000000 	 0.00066487758 
0.37649358068 	 0.68000000000 	 0.00067667999 
0.37649358068 	 0.69000000000 	 0.00068829615 
0.37649358068 	 0.70000000000 	 0.00069972649 
0.37649358068 	 0.71000000000 	 0.00071142646 
0.37649358068 	 0.72000000000 	 0.00072322149 
0.37649358068 	 0.73000000000 	 0.00073453252 
0.37649358068 	 0.74000000000 	 0.00074648723 
0.37649358068 	 0.75000000000 	 0.00075857275 
0.37649358068 	 0.76000000000 	 0.00077087607 
0.37649358068 	 0.77000000000 	 0.00078326398 
0.37649358068 	 0.78000000000 	 0.00079482090 
0.37649358068 	 0.79000000000 	 0.00080704556 
0.37649358068 	 0.80000000000 	 0.00081941989 
0.37649358068 	 0.81000000000 	 0.00083197285 
0.37649358068 	 0.82000000000 	 0.00084466445 
0.37649358068 	 0.83000000000 	 0.00085781235 
0.37649358068 	 0.84000000000 	 0.00087057751 
0.37649358068 	 0.85000000000 	 0.00088338748 
0.37649358068 	 0.86000000000 	 0.00089663080 
0.37649358068 	 0.87000000000 	 0.00090928636 
0.37649358068 	 0.88000000000 	 0.00092238368 
0.37649358068 	 0.89000000000 	 0.00093559354 
0.37649358068 	 0.90000000000 	 0.00094942045 
0.37649358068 	 0.91000000000 	 0.00096236411 
0.37649358068 	 0.92000000000 	 0.00097534430 
0.37649358068 	 0.93000000000 	 0.00098886923 
0.37649358068 	 0.94000000000 	 0.00100234350 
0.37649358068 	 0.95000000000 	 0.00101593829 
0.37649358068 	 0.96000000000 	 0.00102968783 
0.37649358068 	 0.97000000000 	 0.00104344129 
0.37649358068 	 0.98000000000 	 0.00105694181 
0.37649358068 	 0.99000000000 	 0.00107084243 
0.37649358068 	 1.00000000000 	 0.00108485575 
0.37649358068 	 1.03620101997 	 0.00113463844 
0.37649358068 	 1.07371255379 	 0.00119041974 
0.37649358068 	 1.11258204340 	 0.00124584625 
0.37649358068 	 1.15285864817 	 0.00130731667 
0.37649358068 	 1.19459330712 	 0.00137076053 
0.37649358068 	 1.23783880329 	 0.00143920042 
0.37649358068 	 1.28264983053 	 0.00151033783 
0.37649358068 	 1.32908306266 	 0.00158453973 
0.37649358068 	 1.37719722516 	 0.00166494803 
0.37649358068 	 1.42705316941 	 0.00174867770 
0.37649358068 	 1.47871394970 	 0.00183750840 
0.37649358068 	 1.53224490292 	 0.00193131692 
0.37649358068 	 1.58771373126 	 0.00202862327 
0.37649358068 	 1.64519058775 	 0.00213515283 
0.37649358068 	 1.70474816508 	 0.00224547279 
0.37649358068 	 1.76646178745 	 0.00236040051 
0.37649358068 	 1.83040950590 	 0.00248415497 
0.37649358068 	 1.89667219698 	 0.00261528301 
0.37649358068 	 1.96533366506 	 0.00275147096 
0.37649358068 	 2.03648074833 	 0.00289625049 
0.37649358068 	 2.11020342857 	 0.00304901504 
0.37649358068 	 2.18659494503 	 0.00321173191 
0.37649358068 	 2.26575191231 	 0.00338239733 
0.37649358068 	 2.34777444254 	 0.00356174007 
0.37649358068 	 2.43276627202 	 0.00375156555 
0.37649358068 	 2.52083489243 	 0.00395072676 
0.37649358068 	 2.61209168671 	 0.00416161837 
0.37649358068 	 2.70665207003 	 0.00438366967 
0.37649358068 	 2.80463563568 	 0.00461724584 
0.37649358068 	 2.90616630634 	 0.00486420263 
0.37649358068 	 3.01137249084 	 0.00512374549 
0.37649358068 	 3.12038724653 	 0.00539674341 
0.37649358068 	 3.23334844756 	 0.00568585465 
0.37649358068 	 3.35039895929 	 0.00598937336 
0.37649358068 	 3.47168681893 	 0.00630661887 
0.37649358068 	 3.59736542280 	 0.00664268616 
0.37649358068 	 3.72759372031 	 0.00699463248 
0.37649358068 	 3.86253641503 	 0.00736508509 
0.37649358068 	 4.00236417294 	 0.00775359706 
0.37649358068 	 4.14725383830 	 0.00816270705 
0.37649358068 	 4.29738865733 	 0.00859122623 
0.37649358068 	 4.45295850994 	 0.00904301783 
0.37649358068 	 4.61416014990 	 0.00951298791 
0.37649358068 	 4.78119745364 	 0.01000737678 
0.37649358068 	 4.95428167815 	 0.01052469055 
0.37649358068 	 5.13363172813 	 0.01106879342 
0.37649358068 	 5.31947443285 	 0.01163355828 
0.37649358068 	 5.51204483304 	 0.01222784931 
0.37649358068 	 5.71158647813 	 0.01285134262 
0.37649358068 	 5.91835173430 	 0.01350151678 
0.37649358068 	 6.13260210363 	 0.01417294701 
0.37649358068 	 6.35460855487 	 0.01488276373 
0.37649358068 	 6.58465186608 	 0.01562368630 
0.37649358068 	 6.82302297979 	 0.01638834187 
0.37649358068 	 7.07002337096 	 0.01719310613 
0.37649358068 	 7.32596542822 	 0.01803141177 
0.37649358068 	 7.59117284900 	 0.01889067467 
0.37649358068 	 7.86598104892 	 0.01979918735 
0.37649358068 	 8.15073758597 	 0.02073884041 
0.37649358068 	 8.44580260011 	 0.02171090732 
0.37649358068 	 8.75154926872 	 0.02272273833 
0.37649358068 	 9.06836427859 	 0.02377181287 
0.37649358068 	 9.39664831495 	 0.02486386993 
0.37649358068 	 9.73681656828 	 0.02598662616 
0.37649358068 	 10.08929925933 	 0.02714755331 
0.37649358068 	 10.45454218333 	 0.02835243668 
0.37649358068 	 10.83300727371 	 0.02959608827 
0.37649358068 	 11.22517318638 	 0.03088180772 
0.37649358068 	 11.63153590510 	 0.03220251964 
0.37649358068 	 12.05260936871 	 0.03357095986 
0.37649358068 	 12.48892612118 	 0.03496643796 
0.37649358068 	 12.94103798513 	 0.03642088600 
0.37649358068 	 13.40951675969 	 0.03790543332 
0.37649358068 	 13.89495494373 	 0.03943126975 
0.37649358068 	 14.39796648516 	 0.04099741125 
0.37649358068 	 14.91918755746 	 0.04259954912 
0.37649358068 	 15.45927736419 	 0.04424303796 
0.37649358068 	 16.01891897281 	 0.04592718849 
0.37649358068 	 16.59882017849 	 0.04764951854 
0.37649358068 	 17.19971439928 	 0.04941003782 
0.37649358068 	 17.82236160377 	 0.05121353794 
0.37649358068 	 18.46754927215 	 0.05303950187 
0.37649358068 	 19.13609339219 	 0.05490929000 
0.37649358068 	 19.82883949127 	 0.05681376727 
0.37649358068 	 20.54666370572 	 0.05876001216 
0.37649358068 	 21.29047388890 	 0.06073173205 
0.37649358068 	 22.06121075937 	 0.06273627611 
0.37649358068 	 22.85984909069 	 0.06476371429 
0.37649358068 	 23.68739894419 	 0.06682865138 
0.37649358068 	 24.54490694646 	 0.06892203438 
0.37649358068 	 25.43345761305 	 0.07104084890 
0.37649358068 	 26.35417472006 	 0.07319104611 
0.37649358068 	 27.30822272546 	 0.07536583635 
0.37649358068 	 28.29680824175 	 0.07756669897 
0.37649358068 	 29.32118156207 	 0.07979167280 
0.37649358068 	 30.38263824141 	 0.08204006956 
0.37649358068 	 31.48252073520 	 0.08431174878 
0.37649358068 	 32.62222009712 	 0.08660609520 
0.37649358068 	 33.80317773840 	 0.08892198586 
0.37649358068 	 35.02688725083 	 0.09126403584 
0.37649358068 	 36.29489629577 	 0.09362265479 
0.37649358068 	 37.60880856147 	 0.09599581469 
0.37649358068 	 38.97028579134 	 0.09839504548 
0.37649358068 	 40.38104988560 	 0.10081428854 
0.37649358068 	 41.84288507902 	 0.10325551482 
0.37649358068 	 43.35764019746 	 0.10571629522 
0.37649358068 	 44.92723099621 	 0.10819951903 
0.37649358068 	 46.55364258280 	 0.11070387008 
0.37649358068 	 48.23893192773 	 0.11323032366 
0.37649358068 	 49.98523046589 	 0.11578017303 
0.37649358068 	 51.79474679231 	 0.11835318533 
0.37649358068 	 53.66976945540 	 0.12095111440 
0.37649358068 	 55.61266985137 	 0.12357421087 
0.37649358068 	 57.62590522338 	 0.12622339838 
0.37649358068 	 59.71202176930 	 0.12889992599 
0.37649358068 	 61.87365786196 	 0.13160423658 
0.37649358068 	 64.11354738598 	 0.13433774945 
0.37649358068 	 66.43452319540 	 0.13710235467 
0.37649358068 	 68.83952069645 	 0.13989859875 
0.37649358068 	 71.33158156008 	 0.14272605265 
0.37649358068 	 73.91385756879 	 0.14558944753 
0.37649358068 	 76.58961460288 	 0.14848677178 
0.37649358068 	 79.36223677079 	 0.15142005324 
0.37649358068 	 82.23523068918 	 0.15439057441 
0.37649358068 	 85.21222991780 	 0.15740013728 
0.37649358068 	 88.29699955494 	 0.16044801148 
0.37649358068 	 91.49344099933 	 0.16353714355 
0.37649358068 	 94.80559688429 	 0.16666836345 
0.37649358068 	 98.23765619059 	 0.16984133103 
0.37649358068 	 101.79395954438 	 0.17305804913 
0.37649358068 	 105.47900470692 	 0.17631966118 
0.37649358068 	 109.29745226298 	 0.17962673013 
0.37649358068 	 113.25413151528 	 0.18297997934 
0.37649358068 	 117.35404659222 	 0.18638121656 
0.37649358068 	 121.60238277674 	 0.18983276829 
0.37649358068 	 126.00451306433 	 0.19333204182 
0.37649358068 	 130.56600495838 	 0.19688124224 
0.37649358068 	 135.29262751160 	 0.20048479490 
0.37649358068 	 140.19035862226 	 0.20414044379 
0.37649358068 	 145.26539259468 	 0.20784869914 
0.37649358068 	 150.52414797329 	 0.21161090224 
0.37649358068 	 155.97327566040 	 0.21542843472 
0.37649358068 	 161.61966732774 	 0.21930299822 
0.37649358068 	 167.47046413260 	 0.22323603005 
0.37649358068 	 173.53306574945 	 0.22722694687 
0.37649358068 	 179.81513972851 	 0.23127400183 
0.37649358068 	 186.32463119316 	 0.23538240370 
0.37649358068 	 193.06977288832 	 0.23955323280 
0.37649358068 	 200.05909559272 	 0.24378627833 
0.37649358068 	 207.30143890792 	 0.24807900515 
0.37649358068 	 214.80596243813 	 0.25243625237 
0.37649358068 	 222.58215737454 	 0.25685858598 
0.37649358068 	 230.63985849915 	 0.26134488878 
0.37649358068 	 238.98925662311 	 0.26589719477 
0.37649358068 	 247.64091147530 	 0.27051540408 
0.37649358068 	 256.60576505760 	 0.27520069699 
0.37649358068 	 265.89515548347 	 0.27995575604 
0.37649358068 	 275.52083131769 	 0.28477947434 
0.37649358068 	 285.49496643503 	 0.28967509639 
0.37649358068 	 295.83017541695 	 0.29463887037 
0.37649358068 	 306.53952950565 	 0.29967437820 
0.37649358068 	 317.63657313561 	 0.30478136407 
0.37649358068 	 329.13534106365 	 0.30996087544 
0.37649358068 	 341.05037611911 	 0.31521311371 
0.37649358068 	 353.39674759658 	 0.32053801459 
0.37649358068 	 366.19007031450 	 0.32593793161 
0.37649358068 	 379.44652436364 	 0.33141553335 
0.37649358068 	 393.18287557058 	 0.33696564829 
0.37649358068 	 407.41649670190 	 0.34259136925 
0.37649358068 	 422.16538943608 	 0.34829531123 
0.37649358068 	 437.44820713071 	 0.35407428774 
0.37649358068 	 453.28427841392 	 0.35992938654 
0.37649358068 	 469.69363162995 	 0.36586145529 
0.37649358068 	 486.69702016948 	 0.37187128904 
0.37649358068 	 504.31594871714 	 0.37795780719 
0.37649358068 	 522.57270044903 	 0.38412250959 
0.37649358068 	 541.49036521501 	 0.39036751387 
0.37649358068 	 561.09286874100 	 0.39668794399 
0.37649358068 	 581.40500288865 	 0.40308740051 
0.37649358068 	 602.45245701027 	 0.40956229545 
0.37649358068 	 624.26185043890 	 0.41611490598 
0.37649358068 	 646.86076615463 	 0.42274360066 
0.37649358068 	 670.27778566954 	 0.42944666956 
0.37649358068 	 694.54252517561 	 0.43623041993 
0.37649358068 	 719.68567300115 	 0.44308902473 
0.37649358068 	 745.73902842330 	 0.45002173309 
0.37649358068 	 772.73554188543 	 0.45702927681 
0.37649358068 	 800.70935667059 	 0.46410842017 
0.37649358068 	 829.69585208349 	 0.47125899224 
0.37649358068 	 859.73168819576 	 0.47848111174 
0.37649358068 	 890.85485221102 	 0.48577317336 
0.37649358068 	 923.10470650840 	 0.49313569449 
0.37649358068 	 956.52203842531 	 0.50056601497 
0.37649358068 	 991.14911184236 	 0.50806004747 
0.37649358068 	 1027.02972063577 	 0.51561813182 
0.37649358068 	 1064.20924406472 	 0.52323835587 
0.37649358068 	 1102.73470416390 	 0.53091921328 
0.37649358068 	 1142.65482521357 	 0.53865867525 
0.37649358068 	 1184.02009536266 	 0.54645434638 
0.37649358068 	 1226.88283048257 	 0.55430376455 
0.37649358068 	 1271.29724033264 	 0.56220501465 
0.37649358068 	 1317.31949712075 	 0.57015341485 
0.37649358068 	 1365.00780654601 	 0.57814739525 
0.37649358068 	 1414.42248141323 	 0.58618397819 
0.37649358068 	 1465.62601791225 	 0.59426015627 
0.37649358068 	 1518.68317465873 	 0.60237300474 
0.37649358068 	 1573.66105459626 	 0.61051899168 
0.37649358068 	 1630.62918986345 	 0.61869313965 
0.37649358068 	 1689.65962973324 	 0.62689279844 
0.37649358068 	 1750.82703173573 	 0.63511389648 
0.37649358068 	 1814.20875607977 	 0.64335260689 
0.37649358068 	 1879.88496349267 	 0.65160396209 
0.37649358068 	 1947.93871660183 	 0.65986358545 
0.37649358068 	 2018.45608498650 	 0.66812676190 
0.37649358068 	 2091.52625403246 	 0.67638915235 
0.37649358068 	 2167.24163772744 	 0.68464620361 
0.37649358068 	 2245.69799553977 	 0.69289249225 
0.37649358068 	 2326.99455352823 	 0.70112299027 
0.37649358068 	 2411.23412983612 	 0.70933078170 
0.37649358068 	 2498.52326472839 	 0.71751189232 
0.37649358068 	 2588.97235533627 	 0.72566118428 
0.37649358068 	 2682.69579527972 	 0.73377275247 
0.37649358068 	 2779.81211934445 	 0.74184069393 
0.37649358068 	 2880.44415339630 	 0.74985865803 
0.37649358068 	 2984.71916972271 	 0.75781980066 
0.37649358068 	 3092.76904799777 	 0.76571978095 
0.37649358068 	 3204.73044207429 	 0.77355290002 
0.37649358068 	 3320.74495281390 	 0.78131219088 
0.37649358068 	 3440.95930717388 	 0.78899107515 
0.37649358068 	 3565.52554377701 	 0.79658430159 
0.37649358068 	 3694.60120519930 	 0.80408642686 
0.37649358068 	 3828.34953721869 	 0.81149113375 
0.37649358068 	 3966.93969527677 	 0.81879328831 
0.37649358068 	 4110.54695841470 	 0.82598279422 
0.37649358068 	 4259.35295095366 	 0.83305809656 
0.37649358068 	 4413.54587220053 	 0.84001289929 
0.37649358068 	 4573.32073446906 	 0.84684530220 
0.37649358068 	 4738.87960971766 	 0.85354560252 
0.37649358068 	 4910.43188511573 	 0.86010626478 
0.37649358068 	 5088.19452786179 	 0.86652536699 
0.37649358068 	 5272.39235958825 	 0.87279932305 
0.37649358068 	 5463.25834069991 	 0.87892362791 
0.37649358068 	 5661.03386500583 	 0.88489290708 
0.37649358068 	 5865.96906501720 	 0.89070353876 
0.37649358068 	 6078.32312829723 	 0.89635112860 
0.37649358068 	 6298.36462526327 	 0.90183370448 
0.37649358068 	 6526.37184885573 	 0.90714839992 
0.37649358068 	 6762.63316650331 	 0.91229271411 
0.37649358068 	 7007.44738482975 	 0.91726389876 
0.37649358068 	 7261.12412756334 	 0.92206206579 
0.37649358068 	 7523.98422712716 	 0.92668258641 
0.37649358068 	 7796.36013040524 	 0.93112668524 
0.37649358068 	 8078.59631919787 	 0.93539381778 
0.37649358068 	 8371.04974589791 	 0.93948326527 
0.37649358068 	 8674.09028493891 	 0.94339443072 
0.37649358068 	 8988.10120058618 	 0.94713405614 
0.37649358068 	 9313.47963166233 	 0.95069483438 
0.37649358068 	 9650.63709382046 	 0.95408201040 
0.37649358068 	 10000.00000000000 	 0.95729727597 
