0.14174741629 	 0.00000000000 	 0.00038971344 
0.14174741629 	 0.01000000000 	 0.00040381185 
0.14174741629 	 0.02000000000 	 0.00041832552 
0.14174741629 	 0.03000000000 	 0.00043310213 
0.14174741629 	 0.04000000000 	 0.00044823472 
0.14174741629 	 0.05000000000 	 0.00046373097 
0.14174741629 	 0.06000000000 	 0.00047958338 
0.14174741629 	 0.07000000000 	 0.00049507934 
0.14174741629 	 0.08000000000 	 0.00051225799 
0.14174741629 	 0.09000000000 	 0.00052909690 
0.14174741629 	 0.10000000000 	 0.00054599709 
0.14174741629 	 0.11000000000 	 0.00056344493 
0.14174741629 	 0.12000000000 	 0.00058134659 
0.14174741629 	 0.13000000000 	 0.00059952170 
0.14174741629 	 0.14000000000 	 0.00061780303 
0.14174741629 	 0.15000000000 	 0.00063699903 
0.14174741629 	 0.16000000000 	 0.00065626268 
0.14174741629 	 0.17000000000 	 0.00067541881 
0.14174741629 	 0.18000000000 	 0.00069514462 
0.14174741629 	 0.19000000000 	 0.00071544309 
0.14174741629 	 0.20000000000 	 0.00073662585 
0.14174741629 	 0.21000000000 	 0.00075758735 
0.14174741629 	 0.22000000000 	 0.00077914410 
0.14174741629 	 0.23000000000 	 0.00080068876 
0.14174741629 	 0.24000000000 	 0.00082282827 
0.14174741629 	 0.25000000000 	 0.00084562106 
0.14174741629 	 0.26000000000 	 0.00086856564 
0.14174741629 	 0.27000000000 	 0.00089189335 
0.14174741629 	 0.28000000000 	 0.00091557384 
0.14174741629 	 0.29000000000 	 0.00093993207 
0.14174741629 	 0.30000000000 	 0.00096434491 
0.14174741629 	 0.31000000000 	 0.00098882604 
0.14174741629 	 0.32000000000 	 0.00101401903 
0.14174741629 	 0.33000000000 	 0.00103982424 
0.14174741629 	 0.34000000000 	 0.00106587897 
0.14174741629 	 0.35000000000 	 0.00108938561 
0.14174741629 	 0.36000000000 	 0.00111860830 
0.14174741629 	 0.37000000000 	 0.00114689074 
0.14174741629 	 0.38000000000 	 0.00117374286 
0.14174741629 	 0.39000000000 	 0.00120157189 
0.14174741629 	 0.40000000000 	 0.00122906970 
0.14174741629 	 0.41000000000 	 0.00125868079 
0.14174741629 	 0.42000000000 	 0.00128805887 
0.14174741629 	 0.43000000000 	 0.00131756955 
0.14174741629 	 0.44000000000 	 0.00134738566 
0.14174741629 	 0.45000000000 	 0.00137741217 
0.14174741629 	 0.46000000000 	 0.00140806919 
0.14174741629 	 0.47000000000 	 0.00143902021 
0.14174741629 	 0.48000000000 	 0.00147029234 
0.14174741629 	 0.49000000000 	 0.00150200324 
0.14174741629 	 0.50000000000 	 0.00153410046 
0.14174741629 	 0.51000000000 	 0.00156743998 
0.14174741629 	 0.52000000000 	 0.00159943683 
0.14174741629 	 0.53000000000 	 0.00163173220 
0.14174741629 	 0.54000000000 	 0.00166755989 
0.14174741629 	 0.55000000000 	 0.00170169114 
0.14174741629 	 0.56000000000 	 0.00173631958 
0.14174741629 	 0.57000000000 	 0.00176960684 
0.14174741629 	 0.58000000000 	 0.00180475412 
0.14174741629 	 0.59000000000 	 0.00184225420 
0.14174741629 	 0.60000000000 	 0.00187819799 
0.14174741629 	 0.61000000000 	 0.00191457222 
0.14174741629 	 0.62000000000 	 0.00195136650 
0.14174741629 	 0.63000000000 	 0.00198856510 
0.14174741629 	 0.64000000000 	 0.00202654402 
0.14174741629 	 0.65000000000 	 0.00206410261 
0.14174741629 	 0.66000000000 	 0.00210243999 
0.14174741629 	 0.67000000000 	 0.00214080068 
0.14174741629 	 0.68000000000 	 0.00217409775 
0.14174741629 	 0.69000000000 	 0.00221451387 
0.14174741629 	 0.70000000000 	 0.00225653862 
0.14174741629 	 0.71000000000 	 0.00229663290 
0.14174741629 	 0.72000000000 	 0.00233714008 
0.14174741629 	 0.73000000000 	 0.00237804793 
0.14174741629 	 0.74000000000 	 0.00241933596 
0.14174741629 	 0.75000000000 	 0.00246118202 
0.14174741629 	 0.76000000000 	 0.00250230573 
0.14174741629 	 0.77000000000 	 0.00254465898 
0.14174741629 	 0.78000000000 	 0.00258742836 
0.14174741629 	 0.79000000000 	 0.00263059519 
0.14174741629 	 0.80000000000 	 0.00266931392 
0.14174741629 	 0.81000000000 	 0.00271381342 
0.14174741629 	 0.82000000000 	 0.00276212385 
0.14174741629 	 0.83000000000 	 0.00280587233 
0.14174741629 	 0.84000000000 	 0.00285092426 
0.14174741629 	 0.85000000000 	 0.00289607709 
0.14174741629 	 0.86000000000 	 0.00294126868 
0.14174741629 	 0.87000000000 	 0.00298730040 
0.14174741629 	 0.88000000000 	 0.00303385040 
0.14174741629 	 0.89000000000 	 0.00308119079 
0.14174741629 	 0.90000000000 	 0.00312868437 
0.14174741629 	 0.91000000000 	 0.00317572545 
0.14174741629 	 0.92000000000 	 0.00322323502 
0.14174741629 	 0.93000000000 	 0.00327067154 
0.14174741629 	 0.94000000000 	 0.00331895361 
0.14174741629 	 0.95000000000 	 0.00336567449 
0.14174741629 	 0.96000000000 	 0.00341474967 
0.14174741629 	 0.97000000000 	 0.00346421626 
0.14174741629 	 0.98000000000 	 0.00351401595 
0.14174741629 	 0.99000000000 	 0.00356723871 
0.14174741629 	 1.00000000000 	 0.00361718339 
0.14174741629 	 1.03620101997 	 0.00380306955 
0.14174741629 	 1.07371255379 	 0.00399914972 
0.14174741629 	 1.11258204340 	 0.00420930348 
0.14174741629 	 1.15285864817 	 0.00443130004 
0.14174741629 	 1.19459330712 	 0.00466526034 
0.14174741629 	 1.23783880329 	 0.00492178438 
0.14174741629 	 1.28264983053 	 0.00518036707 
0.14174741629 	 1.32908306266 	 0.00546132922 
0.14174741629 	 1.37719722516 	 0.00575941945 
0.14174741629 	 1.42705316941 	 0.00607500688 
0.14174741629 	 1.47871394970 	 0.00640900609 
0.14174741629 	 1.53224490292 	 0.00676116970 
0.14174741629 	 1.58771373126 	 0.00713490317 
0.14174741629 	 1.64519058775 	 0.00753054861 
0.14174741629 	 1.70474816508 	 0.00794823095 
0.14174741629 	 1.76646178745 	 0.00839038683 
0.14174741629 	 1.83040950590 	 0.00885745021 
0.14174741629 	 1.89667219698 	 0.00935035003 
0.14174741629 	 1.96533366506 	 0.00987020863 
0.14174741629 	 2.03648074833 	 0.01041832309 
0.14174741629 	 2.11020342857 	 0.01099557684 
0.14174741629 	 2.18659494503 	 0.01160545931 
0.14174741629 	 2.26575191231 	 0.01224439800 
0.14174741629 	 2.34777444254 	 0.01291606895 
0.14174741629 	 2.43276627202 	 0.01362093384 
0.14174741629 	 2.52083489243 	 0.01436225077 
0.14174741629 	 2.61209168671 	 0.01514139235 
0.14174741629 	 2.70665207003 	 0.01595264554 
0.14174741629 	 2.80463563568 	 0.01680476060 
0.14174741629 	 2.90616630634 	 0.01769521826 
0.14174741629 	 3.01137249084 	 0.01862576545 
0.14174741629 	 3.12038724653 	 0.01959693242 
0.14174741629 	 3.23334844756 	 0.02060977832 
0.14174741629 	 3.35039895929 	 0.02166475685 
0.14174741629 	 3.47168681893 	 0.02276267609 
0.14174741629 	 3.59736542280 	 0.02390372507 
0.14174741629 	 3.72759372031 	 0.02508859647 
0.14174741629 	 3.86253641503 	 0.02631743421 
0.14174741629 	 4.00236417294 	 0.02759167396 
0.14174741629 	 4.14725383830 	 0.02890955503 
0.14174741629 	 4.29738865733 	 0.03027282179 
0.14174741629 	 4.45295850994 	 0.03168040899 
0.14174741629 	 4.61416014990 	 0.03313250657 
0.14174741629 	 4.78119745364 	 0.03462909710 
0.14174741629 	 4.95428167815 	 0.03616969239 
0.14174741629 	 5.13363172813 	 0.03775426406 
0.14174741629 	 5.31947443285 	 0.03938130991 
0.14174741629 	 5.51204483304 	 0.04105167801 
0.14174741629 	 5.71158647813 	 0.04276297505 
0.14174741629 	 5.91835173430 	 0.04451478065 
0.14174741629 	 6.13260210363 	 0.04630744983 
0.14174741629 	 6.35460855487 	 0.04813948008 
0.14174741629 	 6.58465186608 	 0.05000980968 
0.14174741629 	 6.82302297979 	 0.05191728551 
0.14174741629 	 7.07002337096 	 0.05386165473 
0.14174741629 	 7.32596542822 	 0.05584055650 
0.14174741629 	 7.59117284900 	 0.05785356011 
0.14174741629 	 7.86598104892 	 0.05990014303 
0.14174741629 	 8.15073758597 	 0.06197988437 
0.14174741629 	 8.44580260011 	 0.06409068554 
0.14174741629 	 8.75154926872 	 0.06623161242 
0.14174741629 	 9.06836427859 	 0.06840222350 
0.14174741629 	 9.39664831495 	 0.07060202732 
0.14174741629 	 9.73681656828 	 0.07283107231 
0.14174741629 	 10.08929925933 	 0.07508702380 
0.14174741629 	 10.45454218333 	 0.07737117139 
0.14174741629 	 10.83300727371 	 0.07968247639 
0.14174741629 	 11.22517318638 	 0.08202234635 
0.14174741629 	 11.63153590510 	 0.08438805209 
0.14174741629 	 12.05260936871 	 0.08678156848 
0.14174741629 	 12.48892612118 	 0.08920167456 
0.14174741629 	 12.94103798513 	 0.09164974859 
0.14174741629 	 13.40951675969 	 0.09412692710 
0.14174741629 	 13.89495494373 	 0.09663279077 
0.14174741629 	 14.39796648516 	 0.09916773695 
0.14174741629 	 14.91918755746 	 0.10173168514 
0.14174741629 	 15.45927736419 	 0.10432824027 
0.14174741629 	 16.01891897281 	 0.10695651506 
0.14174741629 	 16.59882017849 	 0.10961732252 
0.14174741629 	 17.19971439928 	 0.11231096934 
0.14174741629 	 17.82236160377 	 0.11504115930 
0.14174741629 	 18.46754927215 	 0.11780741295 
0.14174741629 	 19.13609339219 	 0.12060915017 
0.14174741629 	 19.82883949127 	 0.12345123526 
0.14174741629 	 20.54666370572 	 0.12633074951 
0.14174741629 	 21.29047388890 	 0.12925040198 
0.14174741629 	 22.06121075937 	 0.13221056916 
0.14174741629 	 22.85984909069 	 0.13521671348 
0.14174741629 	 23.68739894419 	 0.13826539235 
0.14174741629 	 24.54490694646 	 0.14135694737 
0.14174741629 	 25.43345761305 	 0.14449475774 
0.14174741629 	 26.35417472006 	 0.14768121135 
0.14174741629 	 27.30822272546 	 0.15091495209 
0.14174741629 	 28.29680824175 	 0.15419733072 
0.14174741629 	 29.32118156207 	 0.15752855031 
0.14174741629 	 30.38263824141 	 0.16091200573 
0.14174741629 	 31.48252073520 	 0.16434491825 
0.14174741629 	 32.62222009712 	 0.16783295570 
0.14174741629 	 33.80317773840 	 0.17137474171 
0.14174741629 	 35.02688725083 	 0.17497202006 
0.14174741629 	 36.29489629577 	 0.17862362880 
0.14174741629 	 37.60880856147 	 0.18233222284 
0.14174741629 	 38.97028579134 	 0.18609726572 
0.14174741629 	 40.38104988560 	 0.18992136163 
0.14174741629 	 41.84288507902 	 0.19380554991 
0.14174741629 	 43.35764019746 	 0.19774992433 
0.14174741629 	 44.92723099621 	 0.20175613141 
0.14174741629 	 46.55364258280 	 0.20582407980 
0.14174741629 	 48.23893192773 	 0.20995280239 
0.14174741629 	 49.98523046589 	 0.21414817441 
0.14174741629 	 51.79474679231 	 0.21840670449 
0.14174741629 	 53.66976945540 	 0.22273300726 
0.14174741629 	 55.61266985137 	 0.22712419252 
0.14174741629 	 57.62590522338 	 0.23158212160 
0.14174741629 	 59.71202176930 	 0.23610749512 
0.14174741629 	 61.87365786196 	 0.24070558701 
0.14174741629 	 64.11354738598 	 0.24537187349 
0.14174741629 	 66.43452319540 	 0.25010694843 
0.14174741629 	 68.83952069645 	 0.25491379432 
0.14174741629 	 71.33158156008 	 0.25979333222 
0.14174741629 	 73.91385756879 	 0.26474504863 
0.14174741629 	 76.58961460288 	 0.26977173126 
0.14174741629 	 79.36223677079 	 0.27487318993 
0.14174741629 	 82.23523068918 	 0.28004902298 
0.14174741629 	 85.21222991780 	 0.28530197391 
0.14174741629 	 88.29699955494 	 0.29062958641 
0.14174741629 	 91.49344099933 	 0.29603401902 
0.14174741629 	 94.80559688429 	 0.30151533848 
0.14174741629 	 98.23765619059 	 0.30707581696 
0.14174741629 	 101.79395954438 	 0.31271501094 
0.14174741629 	 105.47900470692 	 0.31843477889 
0.14174741629 	 109.29745226298 	 0.32422957063 
0.14174741629 	 113.25413151528 	 0.33010631217 
0.14174741629 	 117.35404659222 	 0.33606323607 
0.14174741629 	 121.60238277674 	 0.34210017607 
0.14174741629 	 126.00451306433 	 0.34821844464 
0.14174741629 	 130.56600495838 	 0.35441808677 
0.14174741629 	 135.29262751160 	 0.36069457913 
0.14174741629 	 140.19035862226 	 0.36705824985 
0.14174741629 	 145.26539259468 	 0.37350097003 
0.14174741629 	 150.52414797329 	 0.38002221107 
0.14174741629 	 155.97327566040 	 0.38662816084 
0.14174741629 	 161.61966732774 	 0.39331274361 
0.14174741629 	 167.47046413260 	 0.40008288239 
0.14174741629 	 173.53306574945 	 0.40692317808 
0.14174741629 	 179.81513972851 	 0.41384832244 
0.14174741629 	 186.32463119316 	 0.42085434768 
0.14174741629 	 193.06977288832 	 0.42793454052 
0.14174741629 	 200.05909559272 	 0.43509662030 
0.14174741629 	 207.30143890792 	 0.44233199578 
0.14174741629 	 214.80596243813 	 0.44964571213 
0.14174741629 	 222.58215737454 	 0.45703522739 
0.14174741629 	 230.63985849915 	 0.46449766679 
0.14174741629 	 238.98925662311 	 0.47203172365 
0.14174741629 	 247.64091147530 	 0.47963822996 
0.14174741629 	 256.60576505760 	 0.48731338998 
0.14174741629 	 265.89515548347 	 0.49505634560 
0.14174741629 	 275.52083131769 	 0.50286502877 
0.14174741629 	 285.49496643503 	 0.51073947177 
0.14174741629 	 295.83017541695 	 0.51867514634 
0.14174741629 	 306.53952950565 	 0.52667003962 
0.14174741629 	 317.63657313561 	 0.53472383674 
0.14174741629 	 329.13534106365 	 0.54283207420 
0.14174741629 	 341.05037611911 	 0.55099246483 
0.14174741629 	 353.39674759658 	 0.55920299523 
0.14174741629 	 366.19007031450 	 0.56746130903 
0.14174741629 	 379.44652436364 	 0.57576162086 
0.14174741629 	 393.18287557058 	 0.58410217526 
0.14174741629 	 407.41649670190 	 0.59247937441 
0.14174741629 	 422.16538943608 	 0.60088959887 
0.14174741629 	 437.44820713071 	 0.60932942715 
0.14174741629 	 453.28427841392 	 0.61779432205 
0.14174741629 	 469.69363162995 	 0.62628005599 
0.14174741629 	 486.69702016948 	 0.63478234991 
0.14174741629 	 504.31594871714 	 0.64329719615 
0.14174741629 	 522.57270044903 	 0.65181946431 
0.14174741629 	 541.49036521501 	 0.66034417975 
0.14174741629 	 561.09286874100 	 0.66886703748 
0.14174741629 	 581.40500288865 	 0.67738218182 
0.14174741629 	 602.45245701027 	 0.68588471001 
0.14174741629 	 624.26185043890 	 0.69436898973 
0.14174741629 	 646.86076615463 	 0.70282975239 
0.14174741629 	 670.27778566954 	 0.71126134903 
0.14174741629 	 694.54252517561 	 0.71965818481 
0.14174741629 	 719.68567300115 	 0.72801384906 
0.14174741629 	 745.73902842330 	 0.73632241640 
0.14174741629 	 772.73554188543 	 0.74457772505 
0.14174741629 	 800.70935667059 	 0.75277342530 
0.14174741629 	 829.69585208349 	 0.76090487130 
0.14174741629 	 859.73168819576 	 0.76896441760 
0.14174741629 	 890.85485221102 	 0.77694540379 
0.14174741629 	 923.10470650840 	 0.78484310550 
0.14174741629 	 956.52203842531 	 0.79265035829 
0.14174741629 	 991.14911184236 	 0.80036111470 
0.14174741629 	 1027.02972063577 	 0.80796951134 
0.14174741629 	 1064.20924406472 	 0.81546788767 
0.14174741629 	 1102.73470416390 	 0.82285354750 
0.14174741629 	 1142.65482521357 	 0.83011675882 
0.14174741629 	 1184.02009536266 	 0.83725365652 
0.14174741629 	 1226.88283048257 	 0.84425927184 
0.14174741629 	 1271.29724033264 	 0.85112740660 
0.14174741629 	 1317.31949712075 	 0.85785303273 
0.14174741629 	 1365.00780654601 	 0.86443140007 
0.14174741629 	 1414.42248141323 	 0.87085691586 
0.14174741629 	 1465.62601791225 	 0.87712560919 
0.14174741629 	 1518.68317465873 	 0.88323388242 
0.14174741629 	 1573.66105459626 	 0.88917595133 
0.14174741629 	 1630.62918986345 	 0.89495078165 
0.14174741629 	 1689.65962973324 	 0.90055400272 
0.14174741629 	 1750.82703173573 	 0.90598282757 
0.14174741629 	 1814.20875607977 	 0.91123476585 
0.14174741629 	 1879.88496349267 	 0.91630781828 
0.14174741629 	 1947.93871660183 	 0.92120027256 
0.14174741629 	 2018.45608498650 	 0.92591101651 
0.14174741629 	 2091.52625403246 	 0.93043891569 
0.14174741629 	 2167.24163772744 	 0.93478391010 
0.14174741629 	 2245.69799553977 	 0.93894613607 
0.14174741629 	 2326.99455352823 	 0.94292586354 
0.14174741629 	 2411.23412983612 	 0.94672393771 
0.14174741629 	 2498.52326472839 	 0.95034179971 
0.14174741629 	 2588.97235533627 	 0.95378124793 
0.14174741629 	 2682.69579527972 	 0.95704443539 
0.14174741629 	 2779.81211934445 	 0.96013394515 
0.14174741629 	 2880.44415339630 	 0.96305268752 
0.14174741629 	 2984.71916972271 	 0.96580400195 
0.14174741629 	 3092.76904799777 	 0.96839157663 
0.14174741629 	 3204.73044207429 	 0.97081943787 
0.14174741629 	 3320.74495281390 	 0.97309197503 
0.14174741629 	 3440.95930717388 	 0.97521389810 
0.14174741629 	 3565.52554377701 	 0.97718978592 
0.14174741629 	 3694.60120519930 	 0.97902503873 
0.14174741629 	 3828.34953721869 	 0.98072466225 
0.14174741629 	 3966.93969527677 	 0.98229420341 
0.14174741629 	 4110.54695841470 	 0.98373936837 
0.14174741629 	 4259.35295095366 	 0.98506601779 
0.14174741629 	 4413.54587220053 	 0.98627976244 
0.14174741629 	 4573.32073446906 	 0.98738638223 
0.14174741629 	 4738.87960971766 	 0.98839184999 
0.14174741629 	 4910.43188511573 	 0.98930204123 
0.14174741629 	 5088.19452786179 	 0.99012271211 
0.14174741629 	 5272.39235958825 	 0.99085970743 
0.14174741629 	 5463.25834069991 	 0.99151859184 
0.14174741629 	 5661.03386500583 	 0.99210498343 
0.14174741629 	 5865.96906501720 	 0.99262412018 
0.14174741629 	 6078.32312829723 	 0.99308135298 
0.14174741629 	 6298.36462526327 	 0.99348174990 
0.14174741629 	 6526.37184885573 	 0.99383011521 
0.14174741629 	 6762.63316650331 	 0.99413114252 
0.14174741629 	 7007.44738482975 	 0.99438925822 
0.14174741629 	 7261.12412756334 	 0.99460863085 
0.14174741629 	 7523.98422712716 	 0.99479383871 
0.14174741629 	 7796.36013040524 	 0.99494744009 
0.14174741629 	 8078.59631919787 	 0.99507349463 
0.14174741629 	 8371.04974589791 	 0.99517525723 
0.14174741629 	 8674.09028493891 	 0.99525575235 
0.14174741629 	 8988.10120058618 	 0.99531759420 
0.14174741629 	 9313.47963166233 	 0.99536356739 
0.14174741629 	 9650.63709382046 	 0.99539585660 
0.14174741629 	 10000.00000000000 	 0.99541656384 
