0.00123284674 	 0.00000000000 	 0.00000000000 
0.00123284674 	 0.01000000000 	 0.00000000000 
0.00123284674 	 0.02000000000 	 0.00000000000 
0.00123284674 	 0.03000000000 	 0.00000000000 
0.00123284674 	 0.04000000000 	 0.00000000000 
0.00123284674 	 0.05000000000 	 0.00000000000 
0.00123284674 	 0.06000000000 	 0.00000000000 
0.00123284674 	 0.07000000000 	 0.00000000000 
0.00123284674 	 0.08000000000 	 0.00000000000 
0.00123284674 	 0.09000000000 	 0.00000000000 
0.00123284674 	 0.10000000000 	 0.00000000000 
0.00123284674 	 0.11000000000 	 0.00000000000 
0.00123284674 	 0.12000000000 	 0.00000000000 
0.00123284674 	 0.13000000000 	 0.00000000000 
0.00123284674 	 0.14000000000 	 0.00000000000 
0.00123284674 	 0.15000000000 	 0.00000000000 
0.00123284674 	 0.16000000000 	 0.00000000000 
0.00123284674 	 0.17000000000 	 0.00000000000 
0.00123284674 	 0.18000000000 	 0.00000000000 
0.00123284674 	 0.19000000000 	 0.00000000000 
0.00123284674 	 0.20000000000 	 0.00000000000 
0.00123284674 	 0.21000000000 	 0.00000000000 
0.00123284674 	 0.22000000000 	 0.00000000000 
0.00123284674 	 0.23000000000 	 0.00000000000 
0.00123284674 	 0.24000000000 	 0.00000000000 
0.00123284674 	 0.25000000000 	 0.00000000000 
0.00123284674 	 0.26000000000 	 0.00000000000 
0.00123284674 	 0.27000000000 	 0.00000000000 
0.00123284674 	 0.28000000000 	 0.00000000000 
0.00123284674 	 0.29000000000 	 0.00000000000 
0.00123284674 	 0.30000000000 	 0.00000000000 
0.00123284674 	 0.31000000000 	 0.00000000000 
0.00123284674 	 0.32000000000 	 0.00000000000 
0.00123284674 	 0.33000000000 	 0.00000000000 
0.00123284674 	 0.34000000000 	 0.00000000000 
0.00123284674 	 0.35000000000 	 0.00000000000 
0.00123284674 	 0.36000000000 	 0.00000000000 
0.00123284674 	 0.37000000000 	 0.00000000000 
0.00123284674 	 0.38000000000 	 0.00000000000 
0.00123284674 	 0.39000000000 	 0.00000000000 
0.00123284674 	 0.40000000000 	 0.00000000000 
0.00123284674 	 0.41000000000 	 0.00000000000 
0.00123284674 	 0.42000000000 	 0.00000000000 
0.00123284674 	 0.43000000000 	 0.00000000000 
0.00123284674 	 0.44000000000 	 0.00000000000 
0.00123284674 	 0.45000000000 	 0.00000000000 
0.00123284674 	 0.46000000000 	 0.00000000004 
0.00123284674 	 0.47000000000 	 0.00000000004 
0.00123284674 	 0.48000000000 	 0.00000000004 
0.00123284674 	 0.49000000000 	 0.00000000005 
0.00123284674 	 0.50000000000 	 0.00000000005 
0.00123284674 	 0.51000000000 	 0.00000000005 
0.00123284674 	 0.52000000000 	 0.00000000005 
0.00123284674 	 0.53000000000 	 0.00000000005 
0.00123284674 	 0.54000000000 	 0.00000000005 
0.00123284674 	 0.55000000000 	 0.00000000005 
0.00123284674 	 0.56000000000 	 0.00000000005 
0.00123284674 	 0.57000000000 	 0.00000000005 
0.00123284674 	 0.58000000000 	 0.00000000005 
0.00123284674 	 0.59000000000 	 0.00000000005 
0.00123284674 	 0.60000000000 	 0.00000000005 
0.00123284674 	 0.61000000000 	 0.00000000005 
0.00123284674 	 0.62000000000 	 0.00000000005 
0.00123284674 	 0.63000000000 	 0.00000000005 
0.00123284674 	 0.64000000000 	 0.00000000005 
0.00123284674 	 0.65000000000 	 0.00000000005 
0.00123284674 	 0.66000000000 	 0.00000000005 
0.00123284674 	 0.67000000000 	 0.00000000005 
0.00123284674 	 0.68000000000 	 0.00000000005 
0.00123284674 	 0.69000000000 	 0.00000000005 
0.00123284674 	 0.70000000000 	 0.00000000005 
0.00123284674 	 0.71000000000 	 0.00000000005 
0.00123284674 	 0.72000000000 	 0.00000000005 
0.00123284674 	 0.73000000000 	 0.00000000005 
0.00123284674 	 0.74000000000 	 0.00000000005 
0.00123284674 	 0.75000000000 	 0.00000000005 
0.00123284674 	 0.76000000000 	 0.00000000005 
0.00123284674 	 0.77000000000 	 0.00000000005 
0.00123284674 	 0.78000000000 	 0.00000000005 
0.00123284674 	 0.79000000000 	 0.00000000005 
0.00123284674 	 0.80000000000 	 0.00000000005 
0.00123284674 	 0.81000000000 	 0.00000000005 
0.00123284674 	 0.82000000000 	 0.00000000005 
0.00123284674 	 0.83000000000 	 0.00000000005 
0.00123284674 	 0.84000000000 	 0.00000000005 
0.00123284674 	 0.85000000000 	 0.00000000005 
0.00123284674 	 0.86000000000 	 0.00000000005 
0.00123284674 	 0.87000000000 	 0.00000000005 
0.00123284674 	 0.88000000000 	 0.00000000005 
0.00123284674 	 0.89000000000 	 0.00000000005 
0.00123284674 	 0.90000000000 	 0.00000000005 
0.00123284674 	 0.91000000000 	 0.00000000005 
0.00123284674 	 0.92000000000 	 0.00000000005 
0.00123284674 	 0.93000000000 	 0.00000000005 
0.00123284674 	 0.94000000000 	 0.00000000097 
0.00123284674 	 0.95000000000 	 0.00000000097 
0.00123284674 	 0.96000000000 	 0.00000000097 
0.00123284674 	 0.97000000000 	 0.00000000097 
0.00123284674 	 0.98000000000 	 0.00000000097 
0.00123284674 	 0.99000000000 	 0.00000000098 
0.00123284674 	 1.00000000000 	 0.00000000098 
0.00123284674 	 1.03620101997 	 0.00000000098 
0.00123284674 	 1.07371255379 	 0.00000000099 
0.00123284674 	 1.11258204340 	 0.00000000100 
0.00123284674 	 1.15285864817 	 0.00000000100 
0.00123284674 	 1.19459330712 	 0.00000000101 
0.00123284674 	 1.23783880329 	 0.00000000102 
0.00123284674 	 1.28264983053 	 0.00000000102 
0.00123284674 	 1.32908306266 	 0.00000000103 
0.00123284674 	 1.37719722516 	 0.00000000000 
0.00123284674 	 1.42705316941 	 0.00000000000 
0.00123284674 	 1.47871394970 	 -0.00000000009 
0.00123284674 	 1.53224490292 	 -0.00000000008 
0.00123284674 	 1.58771373126 	 -0.00000000008 
0.00123284674 	 1.64519058775 	 -0.00000000008 
0.00123284674 	 1.70474816508 	 -0.00000000008 
0.00123284674 	 1.76646178745 	 -0.00000000008 
0.00123284674 	 1.83040950590 	 -0.00000000008 
0.00123284674 	 1.89667219698 	 -0.00000000008 
0.00123284674 	 1.96533366506 	 -0.00000000008 
0.00123284674 	 2.03648074833 	 -0.00000000008 
0.00123284674 	 2.11020342857 	 -0.00000000008 
0.00123284674 	 2.18659494503 	 0.00000000020 
0.00123284674 	 2.26575191231 	 0.00000000020 
0.00123284674 	 2.34777444254 	 0.00000000020 
0.00123284674 	 2.43276627202 	 0.00000000020 
0.00123284674 	 2.52083489243 	 0.00000000020 
0.00123284674 	 2.61209168671 	 0.00000000020 
0.00123284674 	 2.70665207003 	 0.00000000020 
0.00123284674 	 2.80463563568 	 0.00000000021 
0.00123284674 	 2.90616630634 	 0.00000000014 
0.00123284674 	 3.01137249084 	 0.00000000014 
0.00123284674 	 3.12038724653 	 0.00000000006 
0.00123284674 	 3.23334844756 	 0.00000000016 
0.00123284674 	 3.35039895929 	 0.00000000016 
0.00123284674 	 3.47168681893 	 0.00000000005 
0.00123284674 	 3.59736542280 	 0.00000000006 
0.00123284674 	 3.72759372031 	 -0.00000000019 
0.00123284674 	 3.86253641503 	 -0.00000000018 
0.00123284674 	 4.00236417294 	 0.00000000001 
0.00123284674 	 4.14725383830 	 -0.00000000016 
0.00123284674 	 4.29738865733 	 -0.00000000016 
0.00123284674 	 4.45295850994 	 -0.00000000015 
0.00123284674 	 4.61416014990 	 -0.00000000002 
0.00123284674 	 4.78119745364 	 0.00000000004 
0.00123284674 	 4.95428167815 	 -0.00000000009 
0.00123284674 	 5.13363172813 	 -0.00000000010 
0.00123284674 	 5.31947443285 	 -0.00000000011 
0.00123284674 	 5.51204483304 	 -0.00000000005 
0.00123284674 	 5.71158647813 	 -0.00000000005 
0.00123284674 	 5.91835173430 	 0.00000000000 
0.00123284674 	 6.13260210363 	 0.00000000000 
0.00123284674 	 6.35460855487 	 0.00000000000 
0.00123284674 	 6.58465186608 	 0.00000000000 
0.00123284674 	 6.82302297979 	 0.00000000000 
0.00123284674 	 7.07002337096 	 0.00000000000 
0.00123284674 	 7.32596542822 	 0.00000000000 
0.00123284674 	 7.59117284900 	 0.00000000000 
0.00123284674 	 7.86598104892 	 0.00000000000 
0.00123284674 	 8.15073758597 	 0.00000000000 
0.00123284674 	 8.44580260011 	 0.00000000000 
0.00123284674 	 8.75154926872 	 0.00000000000 
0.00123284674 	 9.06836427859 	 0.00000000000 
0.00123284674 	 9.39664831495 	 0.00000000000 
0.00123284674 	 9.73681656828 	 0.00000000000 
0.00123284674 	 10.08929925933 	 0.00000000000 
0.00123284674 	 10.45454218333 	 0.00000000000 
0.00123284674 	 10.83300727371 	 0.00000000000 
0.00123284674 	 11.22517318638 	 0.00000000000 
0.00123284674 	 11.63153590510 	 0.00000000000 
0.00123284674 	 12.05260936871 	 -0.00000000032 
0.00123284674 	 12.48892612118 	 -0.00000000031 
0.00123284674 	 12.94103798513 	 -0.00000000030 
0.00123284674 	 13.40951675969 	 -0.00000000028 
0.00123284674 	 13.89495494373 	 -0.00000000089 
0.00123284674 	 14.39796648516 	 -0.00000000091 
0.00123284674 	 14.91918755746 	 -0.00000000097 
0.00123284674 	 15.45927736419 	 -0.00000000102 
0.00123284674 	 16.01891897281 	 -0.00000000109 
0.00123284674 	 16.59882017849 	 -0.00000000124 
0.00123284674 	 17.19971439928 	 -0.00000000023 
0.00123284674 	 17.82236160377 	 -0.00000000022 
0.00123284674 	 18.46754927215 	 -0.00000000101 
0.00123284674 	 19.13609339219 	 -0.00000000020 
0.00123284674 	 19.82883949127 	 -0.00000000019 
0.00123284674 	 20.54666370572 	 -0.00000000101 
0.00123284674 	 21.29047388890 	 -0.00000000019 
0.00123284674 	 22.06121075937 	 -0.00000000022 
0.00123284674 	 22.85984909069 	 0.00000000001 
0.00123284674 	 23.68739894419 	 -0.00000000001 
0.00123284674 	 24.54490694646 	 -0.00000000002 
0.00123284674 	 25.43345761305 	 -0.00000000001 
0.00123284674 	 26.35417472006 	 0.00000000002 
0.00123284674 	 27.30822272546 	 0.00000000014 
0.00123284674 	 28.29680824175 	 0.00000000029 
0.00123284674 	 29.32118156207 	 0.00000000028 
0.00123284674 	 30.38263824141 	 0.00000000030 
0.00123284674 	 31.48252073520 	 0.00000000039 
0.00123284674 	 32.62222009712 	 0.00000000040 
0.00123284674 	 33.80317773840 	 0.00000000044 
0.00123284674 	 35.02688725083 	 0.00000000017 
0.00123284674 	 36.29489629577 	 0.00000000025 
0.00123284674 	 37.60880856147 	 0.00000000031 
0.00123284674 	 38.97028579134 	 -0.00000000097 
0.00123284674 	 40.38104988560 	 -0.00000000077 
0.00123284674 	 41.84288507902 	 -0.00000000081 
0.00123284674 	 43.35764019746 	 -0.00000000069 
0.00123284674 	 44.92723099621 	 -0.00000000080 
0.00123284674 	 46.55364258280 	 -0.00000000077 
0.00123284674 	 48.23893192773 	 -0.00000000090 
0.00123284674 	 49.98523046589 	 -0.00000000002 
0.00123284674 	 51.79474679231 	 0.00000000050 
0.00123284674 	 53.66976945540 	 -0.00000000000 
0.00123284674 	 55.61266985137 	 0.00000000000 
0.00123284674 	 57.62590522338 	 0.00000000000 
0.00123284674 	 59.71202176930 	 -0.00000000000 
0.00123284674 	 61.87365786196 	 -0.00000000000 
0.00123284674 	 64.11354738598 	 -0.00000000000 
0.00123284674 	 66.43452319540 	 0.00000000076 
0.00123284674 	 68.83952069645 	 0.00000000067 
0.00123284674 	 71.33158156008 	 0.00000000060 
0.00123284674 	 73.91385756879 	 0.00000000060 
0.00123284674 	 76.58961460288 	 0.00000000121 
0.00123284674 	 79.36223677079 	 0.00000000030 
0.00123284674 	 82.23523068918 	 0.00000000032 
0.00123284674 	 85.21222991780 	 -0.00000000128 
0.00123284674 	 88.29699955494 	 -0.00000000146 
0.00123284674 	 91.49344099933 	 -0.00000000147 
0.00123284674 	 94.80559688429 	 -0.00000000176 
0.00123284674 	 98.23765619059 	 -0.00000000102 
0.00123284674 	 101.79395954438 	 0.00000000152 
0.00123284674 	 105.47900470692 	 -0.00000000202 
0.00123284674 	 109.29745226298 	 -0.00000000246 
0.00123284674 	 113.25413151528 	 0.00000000096 
0.00123284674 	 117.35404659222 	 -0.00000000140 
0.00123284674 	 121.60238277674 	 -0.00000000001 
0.00123284674 	 126.00451306433 	 0.00000000032 
0.00123284674 	 130.56600495838 	 0.00000000029 
0.00123284674 	 135.29262751160 	 -0.00000000127 
0.00123284674 	 140.19035862226 	 0.00000000286 
0.00123284674 	 145.26539259468 	 0.00000000083 
0.00123284674 	 150.52414797329 	 0.00000000039 
0.00123284674 	 155.97327566040 	 0.00000000186 
0.00123284674 	 161.61966732774 	 0.00000000008 
0.00123284674 	 167.47046413260 	 -0.00000000263 
0.00123284674 	 173.53306574945 	 0.00000000747 
0.00123284674 	 179.81513972851 	 -0.00000000690 
0.00123284674 	 186.32463119316 	 -0.00000000376 
0.00123284674 	 193.06977288832 	 -0.00000000320 
0.00123284674 	 200.05909559272 	 -0.00000000238 
0.00123284674 	 207.30143890792 	 0.00000001274 
0.00123284674 	 214.80596243813 	 0.00000000035 
0.00123284674 	 222.58215737454 	 0.00000000854 
0.00123284674 	 230.63985849915 	 0.00000001256 
0.00123284674 	 238.98925662311 	 0.00000001056 
0.00123284674 	 247.64091147530 	 0.00000001840 
0.00123284674 	 256.60576505760 	 0.00000000045 
0.00123284674 	 265.89515548347 	 0.00000001162 
0.00123284674 	 275.52083131769 	 -0.00000000351 
0.00123284674 	 285.49496643503 	 -0.00000000280 
0.00123284674 	 295.83017541695 	 -0.00000000256 
0.00123284674 	 306.53952950565 	 0.00000001345 
0.00123284674 	 317.63657313561 	 -0.00000001077 
0.00123284674 	 329.13534106365 	 -0.00000000807 
0.00123284674 	 341.05037611911 	 -0.00000000287 
0.00123284674 	 353.39674759658 	 0.00000002587 
0.00123284674 	 366.19007031450 	 -0.00000001355 
0.00123284674 	 379.44652436364 	 -0.00000004408 
0.00123284674 	 393.18287557058 	 -0.00000000076 
0.00123284674 	 407.41649670190 	 0.00000001773 
0.00123284674 	 422.16538943608 	 0.00000004647 
0.00123284674 	 437.44820713071 	 0.00000002476 
0.00123284674 	 453.28427841392 	 0.00000003524 
0.00123284674 	 469.69363162995 	 0.00000002430 
0.00123284674 	 486.69702016948 	 0.00000000242 
0.00123284674 	 504.31594871714 	 -0.00000004146 
0.00123284674 	 522.57270044903 	 -0.00000000712 
0.00123284674 	 541.49036521501 	 -0.00000000177 
0.00123284674 	 561.09286874100 	 0.00000001245 
0.00123284674 	 581.40500288865 	 -0.00000008164 
0.00123284674 	 602.45245701027 	 -0.00000003686 
0.00123284674 	 624.26185043890 	 -0.00000005906 
0.00123284674 	 646.86076615463 	 -0.00000001047 
0.00123284674 	 670.27778566954 	 -0.00000000319 
0.00123284674 	 694.54252517561 	 0.00000001994 
0.00123284674 	 719.68567300115 	 0.00000002469 
0.00123284674 	 745.73902842330 	 -0.00000004198 
0.00123284674 	 772.73554188543 	 -0.00000005703 
0.00123284674 	 800.70935667059 	 -0.00000006674 
0.00123284674 	 829.69585208349 	 -0.00000002971 
0.00123284674 	 859.73168819576 	 0.00000000886 
0.00123284674 	 890.85485221102 	 0.00000008070 
0.00123284674 	 923.10470650840 	 0.00000015488 
0.00123284674 	 956.52203842531 	 0.00000017325 
0.00123284674 	 991.14911184236 	 0.00000031509 
0.00123284674 	 1027.02972063577 	 0.00000054174 
0.00123284674 	 1064.20924406472 	 0.00000081222 
0.00123284674 	 1102.73470416390 	 0.00000118141 
0.00123284674 	 1142.65482521357 	 0.00000174910 
0.00123284674 	 1184.02009536266 	 0.00000248177 
0.00123284674 	 1226.88283048257 	 0.00000350227 
0.00123284674 	 1271.29724033264 	 0.00000502171 
0.00123284674 	 1317.31949712075 	 0.00000715339 
0.00123284674 	 1365.00780654601 	 0.00000989358 
0.00123284674 	 1414.42248141323 	 0.00001353312 
0.00123284674 	 1465.62601791225 	 0.00001828992 
0.00123284674 	 1518.68317465873 	 0.00002470458 
0.00123284674 	 1573.66105459626 	 0.00003306651 
0.00123284674 	 1630.62918986345 	 0.00004379248 
0.00123284674 	 1689.65962973324 	 0.00005736200 
0.00123284674 	 1750.82703173573 	 0.00007465557 
0.00123284674 	 1814.20875607977 	 0.00009640267 
0.00123284674 	 1879.88496349267 	 0.00012346842 
0.00123284674 	 1947.93871660183 	 0.00015662102 
0.00123284674 	 2018.45608498650 	 0.00019774154 
0.00123284674 	 2091.52625403246 	 0.00024801137 
0.00123284674 	 2167.24163772744 	 0.00030842459 
0.00123284674 	 2245.69799553977 	 0.00038097903 
0.00123284674 	 2326.99455352823 	 0.00046747410 
0.00123284674 	 2411.23412983612 	 0.00057021974 
0.00123284674 	 2498.52326472839 	 0.00069102402 
0.00123284674 	 2588.97235533627 	 0.00083242856 
0.00123284674 	 2682.69579527972 	 0.00099674213 
0.00123284674 	 2779.81211934445 	 0.00118667042 
0.00123284674 	 2880.44415339630 	 0.00140524012 
0.00123284674 	 2984.71916972271 	 0.00165477476 
0.00123284674 	 3092.76904799777 	 0.00193855893 
0.00123284674 	 3204.73044207429 	 0.00225949509 
0.00123284674 	 3320.74495281390 	 0.00262057053 
0.00123284674 	 3440.95930717388 	 0.00302497971 
0.00123284674 	 3565.52554377701 	 0.00347569078 
0.00123284674 	 3694.60120519930 	 0.00397511593 
0.00123284674 	 3828.34953721869 	 0.00452663057 
0.00123284674 	 3966.93969527677 	 0.00513288439 
0.00123284674 	 4110.54695841470 	 0.00579648466 
0.00123284674 	 4259.35295095366 	 0.00651968973 
0.00123284674 	 4413.54587220053 	 0.00730510168 
0.00123284674 	 4573.32073446906 	 0.00815435689 
0.00123284674 	 4738.87960971766 	 0.00906939349 
0.00123284674 	 4910.43188511573 	 0.01005159708 
0.00123284674 	 5088.19452786179 	 0.01110228144 
0.00123284674 	 5272.39235958825 	 0.01222257839 
0.00123284674 	 5463.25834069991 	 0.01341303641 
0.00123284674 	 5661.03386500583 	 0.01467369185 
0.00123284674 	 5865.96906501720 	 0.01600488143 
0.00123284674 	 6078.32312829723 	 0.01740649584 
0.00123284674 	 6298.36462526327 	 0.01887756360 
0.00123284674 	 6526.37184885573 	 0.02041792002 
0.00123284674 	 6762.63316650331 	 0.02202591248 
0.00123284674 	 7007.44738482975 	 0.02369997574 
0.00123284674 	 7261.12412756334 	 0.02543916094 
0.00123284674 	 7523.98422712716 	 0.02724103843 
0.00123284674 	 7796.36013040524 	 0.02910451619 
0.00123284674 	 8078.59631919787 	 0.03102635822 
0.00123284674 	 8371.04974589791 	 0.03300467529 
0.00123284674 	 8674.09028493891 	 0.03503692719 
0.00123284674 	 8988.10120058618 	 0.03712097969 
0.00123284674 	 9313.47963166233 	 0.03925424940 
0.00123284674 	 9650.63709382046 	 0.04143424492 
0.00123284674 	 10000.00000000000 	 0.04365827970 
