0.43287612811 	 0.00000000000 	 0.00029200549 
0.43287612811 	 0.01000000000 	 0.00030526952 
0.43287612811 	 0.02000000000 	 0.00031727675 
0.43287612811 	 0.03000000000 	 0.00033202007 
0.43287612811 	 0.04000000000 	 0.00034592937 
0.43287612811 	 0.05000000000 	 0.00036094537 
0.43287612811 	 0.06000000000 	 0.00037548186 
0.43287612811 	 0.07000000000 	 0.00038990448 
0.43287612811 	 0.08000000000 	 0.00040293134 
0.43287612811 	 0.09000000000 	 0.00041998797 
0.43287612811 	 0.10000000000 	 0.00043466596 
0.43287612811 	 0.11000000000 	 0.00044909549 
0.43287612811 	 0.12000000000 	 0.00046408034 
0.43287612811 	 0.13000000000 	 0.00048059615 
0.43287612811 	 0.14000000000 	 0.00049775297 
0.43287612811 	 0.15000000000 	 0.00051292245 
0.43287612811 	 0.16000000000 	 0.00053086969 
0.43287612811 	 0.17000000000 	 0.00054732870 
0.43287612811 	 0.18000000000 	 0.00056388263 
0.43287612811 	 0.19000000000 	 0.00058086991 
0.43287612811 	 0.20000000000 	 0.00059816106 
0.43287612811 	 0.21000000000 	 0.00061525187 
0.43287612811 	 0.22000000000 	 0.00063328150 
0.43287612811 	 0.23000000000 	 0.00065087970 
0.43287612811 	 0.24000000000 	 0.00066870740 
0.43287612811 	 0.25000000000 	 0.00068699557 
0.43287612811 	 0.26000000000 	 0.00070478771 
0.43287612811 	 0.27000000000 	 0.00072333196 
0.43287612811 	 0.28000000000 	 0.00074187678 
0.43287612811 	 0.29000000000 	 0.00076039510 
0.43287612811 	 0.30000000000 	 0.00077890507 
0.43287612811 	 0.31000000000 	 0.00079797280 
0.43287612811 	 0.32000000000 	 0.00081731287 
0.43287612811 	 0.33000000000 	 0.00083547057 
0.43287612811 	 0.34000000000 	 0.00085596683 
0.43287612811 	 0.35000000000 	 0.00087488988 
0.43287612811 	 0.36000000000 	 0.00089464984 
0.43287612811 	 0.37000000000 	 0.00091389550 
0.43287612811 	 0.38000000000 	 0.00093451535 
0.43287612811 	 0.39000000000 	 0.00095545119 
0.43287612811 	 0.40000000000 	 0.00097497549 
0.43287612811 	 0.41000000000 	 0.00099638998 
0.43287612811 	 0.42000000000 	 0.00101710593 
0.43287612811 	 0.43000000000 	 0.00103788072 
0.43287612811 	 0.44000000000 	 0.00105849887 
0.43287612811 	 0.45000000000 	 0.00107952333 
0.43287612811 	 0.46000000000 	 0.00110131169 
0.43287612811 	 0.47000000000 	 0.00112242653 
0.43287612811 	 0.48000000000 	 0.00114373949 
0.43287612811 	 0.49000000000 	 0.00116434195 
0.43287612811 	 0.50000000000 	 0.00118602647 
0.43287612811 	 0.51000000000 	 0.00120922681 
0.43287612811 	 0.52000000000 	 0.00123027377 
0.43287612811 	 0.53000000000 	 0.00125213999 
0.43287612811 	 0.54000000000 	 0.00127445761 
0.43287612811 	 0.55000000000 	 0.00129699060 
0.43287612811 	 0.56000000000 	 0.00131997384 
0.43287612811 	 0.57000000000 	 0.00134294221 
0.43287612811 	 0.58000000000 	 0.00136569618 
0.43287612811 	 0.59000000000 	 0.00138878007 
0.43287612811 	 0.60000000000 	 0.00140995026 
0.43287612811 	 0.61000000000 	 0.00143530459 
0.43287612811 	 0.62000000000 	 0.00145859197 
0.43287612811 	 0.63000000000 	 0.00148204082 
0.43287612811 	 0.64000000000 	 0.00150555460 
0.43287612811 	 0.65000000000 	 0.00152877703 
0.43287612811 	 0.66000000000 	 0.00155269337 
0.43287612811 	 0.67000000000 	 0.00157675914 
0.43287612811 	 0.68000000000 	 0.00160057139 
0.43287612811 	 0.69000000000 	 0.00162294292 
0.43287612811 	 0.70000000000 	 0.00164722141 
0.43287612811 	 0.71000000000 	 0.00167121718 
0.43287612811 	 0.72000000000 	 0.00169678341 
0.43287612811 	 0.73000000000 	 0.00172209745 
0.43287612811 	 0.74000000000 	 0.00174686053 
0.43287612811 	 0.75000000000 	 0.00177187507 
0.43287612811 	 0.76000000000 	 0.00179667001 
0.43287612811 	 0.77000000000 	 0.00182170761 
0.43287612811 	 0.78000000000 	 0.00184726920 
0.43287612811 	 0.79000000000 	 0.00187287543 
0.43287612811 	 0.80000000000 	 0.00189870417 
0.43287612811 	 0.81000000000 	 0.00192425380 
0.43287612811 	 0.82000000000 	 0.00194998778 
0.43287612811 	 0.83000000000 	 0.00197445548 
0.43287612811 	 0.84000000000 	 0.00200056144 
0.43287612811 	 0.85000000000 	 0.00202695807 
0.43287612811 	 0.86000000000 	 0.00205245452 
0.43287612811 	 0.87000000000 	 0.00207896747 
0.43287612811 	 0.88000000000 	 0.00210379077 
0.43287612811 	 0.89000000000 	 0.00213084224 
0.43287612811 	 0.90000000000 	 0.00215698459 
0.43287612811 	 0.91000000000 	 0.00218421297 
0.43287612811 	 0.92000000000 	 0.00221125211 
0.43287612811 	 0.93000000000 	 0.00223654834 
0.43287612811 	 0.94000000000 	 0.00226350410 
0.43287612811 	 0.95000000000 	 0.00229053096 
0.43287612811 	 0.96000000000 	 0.00231791269 
0.43287612811 	 0.97000000000 	 0.00234503024 
0.43287612811 	 0.98000000000 	 0.00237243694 
0.43287612811 	 0.99000000000 	 0.00240009926 
0.43287612811 	 1.00000000000 	 0.00242368358 
0.43287612811 	 1.03620101997 	 0.00252872601 
0.43287612811 	 1.07371255379 	 0.00263196501 
0.43287612811 	 1.11258204340 	 0.00274317786 
0.43287612811 	 1.15285864817 	 0.00285779922 
0.43287612811 	 1.19459330712 	 0.00297900994 
0.43287612811 	 1.23783880329 	 0.00310674314 
0.43287612811 	 1.28264983053 	 0.00324052702 
0.43287612811 	 1.32908306266 	 0.00338032231 
0.43287612811 	 1.37719722516 	 0.00352733236 
0.43287612811 	 1.42705316941 	 0.00368054647 
0.43287612811 	 1.47871394970 	 0.00384001172 
0.43287612811 	 1.53224490292 	 0.00401106482 
0.43287612811 	 1.58771373126 	 0.00418908512 
0.43287612811 	 1.64519058775 	 0.00437489824 
0.43287612811 	 1.70474816508 	 0.00456929520 
0.43287612811 	 1.76646178745 	 0.00477410939 
0.43287612811 	 1.83040950590 	 0.00498780569 
0.43287612811 	 1.89667219698 	 0.00520933865 
0.43287612811 	 1.96533366506 	 0.00544476739 
0.43287612811 	 2.03648074833 	 0.00569167718 
0.43287612811 	 2.11020342857 	 0.00595086677 
0.43287612811 	 2.18659494503 	 0.00622101235 
0.43287612811 	 2.26575191231 	 0.00650176646 
0.43287612811 	 2.34777444254 	 0.00680075011 
0.43287612811 	 2.43276627202 	 0.00711001087 
0.43287612811 	 2.52083489243 	 0.00743374509 
0.43287612811 	 2.61209168671 	 0.00776825052 
0.43287612811 	 2.70665207003 	 0.00812691587 
0.43287612811 	 2.80463563568 	 0.00849852092 
0.43287612811 	 2.90616630634 	 0.00888529560 
0.43287612811 	 3.01137249084 	 0.00928965278 
0.43287612811 	 3.12038724653 	 0.00971405884 
0.43287612811 	 3.23334844756 	 0.01015382386 
0.43287612811 	 3.35039895929 	 0.01061819029 
0.43287612811 	 3.47168681893 	 0.01109593946 
0.43287612811 	 3.59736542280 	 0.01159707668 
0.43287612811 	 3.72759372031 	 0.01212078850 
0.43287612811 	 3.86253641503 	 0.01266656295 
0.43287612811 	 4.00236417294 	 0.01323474816 
0.43287612811 	 4.14725383830 	 0.01382742132 
0.43287612811 	 4.29738865733 	 0.01444698969 
0.43287612811 	 4.45295850994 	 0.01508863327 
0.43287612811 	 4.61416014990 	 0.01575231323 
0.43287612811 	 4.78119745364 	 0.01644901645 
0.43287612811 	 4.95428167815 	 0.01717121721 
0.43287612811 	 5.13363172813 	 0.01791893347 
0.43287612811 	 5.31947443285 	 0.01870075248 
0.43287612811 	 5.51204483304 	 0.01950595307 
0.43287612811 	 5.71158647813 	 0.02034827915 
0.43287612811 	 5.91835173430 	 0.02121976477 
0.43287612811 	 6.13260210363 	 0.02212278383 
0.43287612811 	 6.35460855487 	 0.02305629719 
0.43287612811 	 6.58465186608 	 0.02402415867 
0.43287612811 	 6.82302297979 	 0.02502171889 
0.43287612811 	 7.07002337096 	 0.02605854116 
0.43287612811 	 7.32596542822 	 0.02712616222 
0.43287612811 	 7.59117284900 	 0.02822796740 
0.43287612811 	 7.86598104892 	 0.02937196192 
0.43287612811 	 8.15073758597 	 0.03054924765 
0.43287612811 	 8.44580260011 	 0.03176271407 
0.43287612811 	 8.75154926872 	 0.03299853125 
0.43287612811 	 9.06836427859 	 0.03429741292 
0.43287612811 	 9.39664831495 	 0.03560985752 
0.43287612811 	 9.73681656828 	 0.03697954136 
0.43287612811 	 10.08929925933 	 0.03838161028 
0.43287612811 	 10.45454218333 	 0.03981061345 
0.43287612811 	 10.83300727371 	 0.04128519643 
0.43287612811 	 11.22517318638 	 0.04279582803 
0.43287612811 	 11.63153590510 	 0.04434331317 
0.43287612811 	 12.05260936871 	 0.04593165418 
0.43287612811 	 12.48892612118 	 0.04755345721 
0.43287612811 	 12.94103798513 	 0.04920693958 
0.43287612811 	 13.40951675969 	 0.05090837584 
0.43287612811 	 13.89495494373 	 0.05263736704 
0.43287612811 	 14.39796648516 	 0.05440400224 
0.43287612811 	 14.91918755746 	 0.05619375431 
0.43287612811 	 15.45927736419 	 0.05802394842 
0.43287612811 	 16.01891897281 	 0.05989177871 
0.43287612811 	 16.59882017849 	 0.06178927225 
0.43287612811 	 17.19971439928 	 0.06371230022 
0.43287612811 	 17.82236160377 	 0.06567426519 
0.43287612811 	 18.46754927215 	 0.06766224251 
0.43287612811 	 19.13609339219 	 0.06968006788 
0.43287612811 	 19.82883949127 	 0.07172315006 
0.43287612811 	 20.54666370572 	 0.07379562983 
0.43287612811 	 21.29047388890 	 0.07589438698 
0.43287612811 	 22.06121075937 	 0.07802689354 
0.43287612811 	 22.85984909069 	 0.08017582106 
0.43287612811 	 23.68739894419 	 0.08234815170 
0.43287612811 	 24.54490694646 	 0.08454478618 
0.43287612811 	 25.43345761305 	 0.08676132816 
0.43287612811 	 26.35417472006 	 0.08900154428 
0.43287612811 	 27.30822272546 	 0.09125771945 
0.43287612811 	 28.29680824175 	 0.09354002221 
0.43287612811 	 29.32118156207 	 0.09584083633 
0.43287612811 	 30.38263824141 	 0.09816244649 
0.43287612811 	 31.48252073520 	 0.10050521043 
0.43287612811 	 32.62222009712 	 0.10286775187 
0.43287612811 	 33.80317773840 	 0.10524940423 
0.43287612811 	 35.02688725083 	 0.10765130590 
0.43287612811 	 36.29489629577 	 0.11007330167 
0.43287612811 	 37.60880856147 	 0.11251596010 
0.43287612811 	 38.97028579134 	 0.11497928903 
0.43287612811 	 40.38104988560 	 0.11746370874 
0.43287612811 	 41.84288507902 	 0.11997061400 
0.43287612811 	 43.35764019746 	 0.12249938848 
0.43287612811 	 44.92723099621 	 0.12505281640 
0.43287612811 	 46.55364258280 	 0.12763000282 
0.43287612811 	 48.23893192773 	 0.13023202202 
0.43287612811 	 49.98523046589 	 0.13286034489 
0.43287612811 	 51.79474679231 	 0.13551580835 
0.43287612811 	 53.66976945540 	 0.13819937375 
0.43287612811 	 55.61266985137 	 0.14091118033 
0.43287612811 	 57.62590522338 	 0.14365360874 
0.43287612811 	 59.71202176930 	 0.14642758973 
0.43287612811 	 61.87365786196 	 0.14923360061 
0.43287612811 	 64.11354738598 	 0.15207389561 
0.43287612811 	 66.43452319540 	 0.15494883877 
0.43287612811 	 68.83952069645 	 0.15785733145 
0.43287612811 	 71.33158156008 	 0.16080443577 
0.43287612811 	 73.91385756879 	 0.16378956548 
0.43287612811 	 76.58961460288 	 0.16681348500 
0.43287612811 	 79.36223677079 	 0.16987775097 
0.43287612811 	 82.23523068918 	 0.17298380526 
0.43287612811 	 85.21222991780 	 0.17613028137 
0.43287612811 	 88.29699955494 	 0.17932236230 
0.43287612811 	 91.49344099933 	 0.18255722618 
0.43287612811 	 94.80559688429 	 0.18583533720 
0.43287612811 	 98.23765619059 	 0.18916250897 
0.43287612811 	 101.79395954438 	 0.19253303223 
0.43287612811 	 105.47900470692 	 0.19595772985 
0.43287612811 	 109.29745226298 	 0.19942748338 
0.43287612811 	 113.25413151528 	 0.20294699958 
0.43287612811 	 117.35404659222 	 0.20651904548 
0.43287612811 	 121.60238277674 	 0.21014421154 
0.43287612811 	 126.00451306433 	 0.21382069158 
0.43287612811 	 130.56600495838 	 0.21754997711 
0.43287612811 	 135.29262751160 	 0.22133368872 
0.43287612811 	 140.19035862226 	 0.22517441928 
0.43287612811 	 145.26539259468 	 0.22907207537 
0.43287612811 	 150.52414797329 	 0.23302753480 
0.43287612811 	 155.97327566040 	 0.23703957843 
0.43287612811 	 161.61966732774 	 0.24111179076 
0.43287612811 	 167.47046413260 	 0.24524493752 
0.43287612811 	 173.53306574945 	 0.24943950786 
0.43287612811 	 179.81513972851 	 0.25369326820 
0.43287612811 	 186.32463119316 	 0.25801135073 
0.43287612811 	 193.06977288832 	 0.26239412217 
0.43287612811 	 200.05909559272 	 0.26683988428 
0.43287612811 	 207.30143890792 	 0.27135045902 
0.43287612811 	 214.80596243813 	 0.27592651533 
0.43287612811 	 222.58215737454 	 0.28056880759 
0.43287612811 	 230.63985849915 	 0.28528114744 
0.43287612811 	 238.98925662311 	 0.29006176170 
0.43287612811 	 247.64091147530 	 0.29491264746 
0.43287612811 	 256.60576505760 	 0.29983109542 
0.43287612811 	 265.89515548347 	 0.30482032035 
0.43287612811 	 275.52083131769 	 0.30988052835 
0.43287612811 	 285.49496643503 	 0.31501250259 
0.43287612811 	 295.83017541695 	 0.32021647907 
0.43287612811 	 306.53952950565 	 0.32549198687 
0.43287612811 	 317.63657313561 	 0.33084311777 
0.43287612811 	 329.13534106365 	 0.33627019778 
0.43287612811 	 341.05037611911 	 0.34176904582 
0.43287612811 	 353.39674759658 	 0.34734248080 
0.43287612811 	 366.19007031450 	 0.35299485514 
0.43287612811 	 379.44652436364 	 0.35872067909 
0.43287612811 	 393.18287557058 	 0.36452214402 
0.43287612811 	 407.41649670190 	 0.37039995246 
0.43287612811 	 422.16538943608 	 0.37635449999 
0.43287612811 	 437.44820713071 	 0.38238484897 
0.43287612811 	 453.28427841392 	 0.38849342124 
0.43287612811 	 469.69363162995 	 0.39468119044 
0.43287612811 	 486.69702016948 	 0.40094365019 
0.43287612811 	 504.31594871714 	 0.40728539924 
0.43287612811 	 522.57270044903 	 0.41370126033 
0.43287612811 	 541.49036521501 	 0.42019420526 
0.43287612811 	 561.09286874100 	 0.42676261790 
0.43287612811 	 581.40500288865 	 0.43340449591 
0.43287612811 	 602.45245701027 	 0.44012734973 
0.43287612811 	 624.26185043890 	 0.44692374030 
0.43287612811 	 646.86076615463 	 0.45379362175 
0.43287612811 	 670.27778566954 	 0.46073873067 
0.43287612811 	 694.54252517561 	 0.46775432581 
0.43287612811 	 719.68567300115 	 0.47484102126 
0.43287612811 	 745.73902842330 	 0.48199858785 
0.43287612811 	 772.73554188543 	 0.48922576864 
0.43287612811 	 800.70935667059 	 0.49652277983 
0.43287612811 	 829.69585208349 	 0.50388719694 
0.43287612811 	 859.73168819576 	 0.51131504988 
0.43287612811 	 890.85485221102 	 0.51880676941 
0.43287612811 	 923.10470650840 	 0.52636017318 
0.43287612811 	 956.52203842531 	 0.53397385570 
0.43287612811 	 991.14911184236 	 0.54164576188 
0.43287612811 	 1027.02972063577 	 0.54937355594 
0.43287612811 	 1064.20924406472 	 0.55715544437 
0.43287612811 	 1102.73470416390 	 0.56498853109 
0.43287612811 	 1142.65482521357 	 0.57286888907 
0.43287612811 	 1184.02009536266 	 0.58079460818 
0.43287612811 	 1226.88283048257 	 0.58876288803 
0.43287612811 	 1271.29724033264 	 0.59677076383 
0.43287612811 	 1317.31949712075 	 0.60481528154 
0.43287612811 	 1365.00780654601 	 0.61289299059 
0.43287612811 	 1414.42248141323 	 0.62099900341 
0.43287612811 	 1465.62601791225 	 0.62913065475 
0.43287612811 	 1518.68317465873 	 0.63728398324 
0.43287612811 	 1573.66105459626 	 0.64545529682 
0.43287612811 	 1630.62918986345 	 0.65363948315 
0.43287612811 	 1689.65962973324 	 0.66183229362 
0.43287612811 	 1750.82703173573 	 0.67002903261 
0.43287612811 	 1814.20875607977 	 0.67822540081 
0.43287612811 	 1879.88496349267 	 0.68641698858 
0.43287612811 	 1947.93871660183 	 0.69459845437 
0.43287612811 	 2018.45608498650 	 0.70276482385 
0.43287612811 	 2091.52625403246 	 0.71090897771 
0.43287612811 	 2167.24163772744 	 0.71902707125 
0.43287612811 	 2245.69799553977 	 0.72711424399 
0.43287612811 	 2326.99455352823 	 0.73516449450 
0.43287612811 	 2411.23412983612 	 0.74317204568 
0.43287612811 	 2498.52326472839 	 0.75113085387 
0.43287612811 	 2588.97235533627 	 0.75903345218 
0.43287612811 	 2682.69579527972 	 0.76687580794 
0.43287612811 	 2779.81211934445 	 0.77465261460 
0.43287612811 	 2880.44415339630 	 0.78235687402 
0.43287612811 	 2984.71916972271 	 0.78998178234 
0.43287612811 	 3092.76904799777 	 0.79752213695 
0.43287612811 	 3204.73044207429 	 0.80497250526 
0.43287612811 	 3320.74495281390 	 0.81232688303 
0.43287612811 	 3440.95930717388 	 0.81958122049 
0.43287612811 	 3565.52554377701 	 0.82672430485 
0.43287612811 	 3694.60120519930 	 0.83375349207 
0.43287612811 	 3828.34953721869 	 0.84066444000 
0.43287612811 	 3966.93969527677 	 0.84745245706 
0.43287612811 	 4110.54695841470 	 0.85411100206 
0.43287612811 	 4259.35295095366 	 0.86063181551 
0.43287612811 	 4413.54587220053 	 0.86701254157 
0.43287612811 	 4573.32073446906 	 0.87324953230 
0.43287612811 	 4738.87960971766 	 0.87933829008 
0.43287612811 	 4910.43188511573 	 0.88527349708 
0.43287612811 	 5088.19452786179 	 0.89105272323 
0.43287612811 	 5272.39235958825 	 0.89666983803 
0.43287612811 	 5463.25834069991 	 0.90212339426 
0.43287612811 	 5661.03386500583 	 0.90741046600 
0.43287612811 	 5865.96906501720 	 0.91252852683 
0.43287612811 	 6078.32312829723 	 0.91747497952 
0.43287612811 	 6298.36462526327 	 0.92225143636 
0.43287612811 	 6526.37184885573 	 0.92685067837 
0.43287612811 	 6762.63316650331 	 0.93127484200 
0.43287612811 	 7007.44738482975 	 0.93552333255 
0.43287612811 	 7261.12412756334 	 0.93959537322 
0.43287612811 	 7523.98422712716 	 0.94349268233 
0.43287612811 	 7796.36013040524 	 0.94721640867 
0.43287612811 	 8078.59631919787 	 0.95076391688 
0.43287612811 	 8371.04974589791 	 0.95413898271 
0.43287612811 	 8674.09028493891 	 0.95734322643 
0.43287612811 	 8988.10120058618 	 0.96038120360 
0.43287612811 	 9313.47963166233 	 0.96325339193 
0.43287612811 	 9650.63709382046 	 0.96596287157 
0.43287612811 	 10000.00000000000 	 0.96851274417 
