0.00132194115 	 0.00000000000 	 0.00000132410 
0.00132194115 	 0.01000000000 	 0.00000132543 
0.00132194115 	 0.02000000000 	 0.00000132676 
0.00132194115 	 0.03000000000 	 0.00000132809 
0.00132194115 	 0.04000000000 	 0.00000132943 
0.00132194115 	 0.05000000000 	 0.00000133076 
0.00132194115 	 0.06000000000 	 0.00000133210 
0.00132194115 	 0.07000000000 	 0.00000133344 
0.00132194115 	 0.08000000000 	 0.00000133478 
0.00132194115 	 0.09000000000 	 0.00000133612 
0.00132194115 	 0.10000000000 	 0.00000133746 
0.00132194115 	 0.11000000000 	 0.00000133880 
0.00132194115 	 0.12000000000 	 0.00000134014 
0.00132194115 	 0.13000000000 	 0.00000134148 
0.00132194115 	 0.14000000000 	 0.00000134283 
0.00132194115 	 0.15000000000 	 0.00000134418 
0.00132194115 	 0.16000000000 	 0.00000134552 
0.00132194115 	 0.17000000000 	 0.00000134687 
0.00132194115 	 0.18000000000 	 0.00000134822 
0.00132194115 	 0.19000000000 	 0.00000134957 
0.00132194115 	 0.20000000000 	 0.00000135092 
0.00132194115 	 0.21000000000 	 0.00000135228 
0.00132194115 	 0.22000000000 	 0.00000135363 
0.00132194115 	 0.23000000000 	 0.00000135498 
0.00132194115 	 0.24000000000 	 0.00000135634 
0.00132194115 	 0.25000000000 	 0.00000135770 
0.00132194115 	 0.26000000000 	 0.00000135906 
0.00132194115 	 0.27000000000 	 0.00000136042 
0.00132194115 	 0.28000000000 	 0.00000136178 
0.00132194115 	 0.29000000000 	 0.00000136315 
0.00132194115 	 0.30000000000 	 0.00000136451 
0.00132194115 	 0.31000000000 	 0.00000136588 
0.00132194115 	 0.32000000000 	 0.00000136724 
0.00132194115 	 0.33000000000 	 0.00000136861 
0.00132194115 	 0.34000000000 	 0.00000136998 
0.00132194115 	 0.35000000000 	 0.00000137135 
0.00132194115 	 0.36000000000 	 0.00000137272 
0.00132194115 	 0.37000000000 	 0.00000137409 
0.00132194115 	 0.38000000000 	 0.00000137546 
0.00132194115 	 0.39000000000 	 0.00000137683 
0.00132194115 	 0.40000000000 	 0.00000137821 
0.00132194115 	 0.41000000000 	 0.00000137959 
0.00132194115 	 0.42000000000 	 0.00000138096 
0.00132194115 	 0.43000000000 	 0.00000138234 
0.00132194115 	 0.44000000000 	 0.00000138372 
0.00132194115 	 0.45000000000 	 0.00000138510 
0.00132194115 	 0.46000000000 	 0.00000138648 
0.00132194115 	 0.47000000000 	 0.00000138786 
0.00132194115 	 0.48000000000 	 0.00000138925 
0.00132194115 	 0.49000000000 	 0.00000139063 
0.00132194115 	 0.50000000000 	 0.00000139202 
0.00132194115 	 0.51000000000 	 0.00000139341 
0.00132194115 	 0.52000000000 	 0.00000139479 
0.00132194115 	 0.53000000000 	 0.00000139618 
0.00132194115 	 0.54000000000 	 0.00000139757 
0.00132194115 	 0.55000000000 	 0.00000139896 
0.00132194115 	 0.56000000000 	 0.00000140036 
0.00132194115 	 0.57000000000 	 0.00000140175 
0.00132194115 	 0.58000000000 	 0.00000140314 
0.00132194115 	 0.59000000000 	 0.00000140454 
0.00132194115 	 0.60000000000 	 0.00000140593 
0.00132194115 	 0.61000000000 	 0.00000140733 
0.00132194115 	 0.62000000000 	 0.00000140873 
0.00132194115 	 0.63000000000 	 0.00000141013 
0.00132194115 	 0.64000000000 	 0.00000141153 
0.00132194115 	 0.65000000000 	 0.00000141293 
0.00132194115 	 0.66000000000 	 0.00000141434 
0.00132194115 	 0.67000000000 	 0.00000141574 
0.00132194115 	 0.68000000000 	 0.00000141715 
0.00132194115 	 0.69000000000 	 0.00000141855 
0.00132194115 	 0.70000000000 	 0.00000141996 
0.00132194115 	 0.71000000000 	 0.00000142137 
0.00132194115 	 0.72000000000 	 0.00000142278 
0.00132194115 	 0.73000000000 	 0.00000142419 
0.00132194115 	 0.74000000000 	 0.00000142560 
0.00132194115 	 0.75000000000 	 0.00000142701 
0.00132194115 	 0.76000000000 	 0.00000142843 
0.00132194115 	 0.77000000000 	 0.00000142984 
0.00132194115 	 0.78000000000 	 0.00000143126 
0.00132194115 	 0.79000000000 	 0.00000143267 
0.00132194115 	 0.80000000000 	 0.00000143409 
0.00132194115 	 0.81000000000 	 0.00000143551 
0.00132194115 	 0.82000000000 	 0.00000143693 
0.00132194115 	 0.83000000000 	 0.00000143835 
0.00132194115 	 0.84000000000 	 0.00000143977 
0.00132194115 	 0.85000000000 	 0.00000144120 
0.00132194115 	 0.86000000000 	 0.00000144262 
0.00132194115 	 0.87000000000 	 0.00000144405 
0.00132194115 	 0.88000000000 	 0.00000144547 
0.00132194115 	 0.89000000000 	 0.00000144689 
0.00132194115 	 0.90000000000 	 0.00000144832 
0.00132194115 	 0.91000000000 	 0.00000144975 
0.00132194115 	 0.92000000000 	 0.00000145118 
0.00132194115 	 0.93000000000 	 0.00000145261 
0.00132194115 	 0.94000000000 	 0.00000145404 
0.00132194115 	 0.95000000000 	 0.00000145547 
0.00132194115 	 0.96000000000 	 0.00000145691 
0.00132194115 	 0.97000000000 	 0.00000145835 
0.00132194115 	 0.98000000000 	 0.00000145979 
0.00132194115 	 0.99000000000 	 0.00000146123 
0.00132194115 	 1.00000000000 	 0.00000146267 
0.00132194115 	 1.03620101997 	 0.00000146790 
0.00132194115 	 1.07371255379 	 0.00000147334 
0.00132194115 	 1.11258204340 	 0.00000147899 
0.00132194115 	 1.15285864817 	 0.00000148487 
0.00132194115 	 1.19459330712 	 0.00000148558 
0.00132194115 	 1.23783880329 	 0.00000149264 
0.00132194115 	 1.28264983053 	 0.00000149995 
0.00132194115 	 1.32908306266 	 0.00000150754 
0.00132194115 	 1.37719722516 	 0.00000152600 
0.00132194115 	 1.42705316941 	 0.00000153354 
0.00132194115 	 1.47871394970 	 0.00000154137 
0.00132194115 	 1.53224490292 	 0.00000154953 
0.00132194115 	 1.58771373126 	 0.00000155800 
0.00132194115 	 1.64519058775 	 0.00000156684 
0.00132194115 	 1.70474816508 	 0.00000157603 
0.00132194115 	 1.76646178745 	 0.00000158559 
0.00132194115 	 1.83040950590 	 0.00000159554 
0.00132194115 	 1.89667219698 	 0.00000160589 
0.00132194115 	 1.96533366506 	 0.00000161667 
0.00132194115 	 2.03648074833 	 0.00000162792 
0.00132194115 	 2.11020342857 	 0.00000163966 
0.00132194115 	 2.18659494503 	 0.00000164910 
0.00132194115 	 2.26575191231 	 0.00000166263 
0.00132194115 	 2.34777444254 	 0.00000167671 
0.00132194115 	 2.43276627202 	 0.00000169134 
0.00132194115 	 2.52083489243 	 0.00000170661 
0.00132194115 	 2.61209168671 	 0.00000172292 
0.00132194115 	 2.70665207003 	 0.00000173940 
0.00132194115 	 2.80463563568 	 0.00000175648 
0.00132194115 	 2.90616630634 	 0.00000177412 
0.00132194115 	 3.01137249084 	 0.00000179226 
0.00132194115 	 3.12038724653 	 0.00000181114 
0.00132194115 	 3.23334844756 	 0.00000183090 
0.00132194115 	 3.35039895929 	 0.00000185157 
0.00132194115 	 3.47168681893 	 0.00000187317 
0.00132194115 	 3.59736542280 	 0.00000189573 
0.00132194115 	 3.72759372031 	 0.00000191927 
0.00132194115 	 3.86253641503 	 0.00000194386 
0.00132194115 	 4.00236417294 	 0.00000196960 
0.00132194115 	 4.14725383830 	 0.00000199654 
0.00132194115 	 4.29738865733 	 0.00000202465 
0.00132194115 	 4.45295850994 	 0.00000205414 
0.00132194115 	 4.61416014990 	 0.00000208122 
0.00132194115 	 4.78119745364 	 0.00000211669 
0.00132194115 	 4.95428167815 	 0.00000215351 
0.00132194115 	 5.13363172813 	 0.00000219203 
0.00132194115 	 5.31947443285 	 0.00000223190 
0.00132194115 	 5.51204483304 	 0.00000226926 
0.00132194115 	 5.71158647813 	 0.00000231399 
0.00132194115 	 5.91835173430 	 0.00000236071 
0.00132194115 	 6.13260210363 	 0.00000240960 
0.00132194115 	 6.35460855487 	 0.00000246076 
0.00132194115 	 6.58465186608 	 0.00000251418 
0.00132194115 	 6.82302297979 	 0.00000257020 
0.00132194115 	 7.07002337096 	 0.00000262903 
0.00132194115 	 7.32596542822 	 0.00000269090 
0.00132194115 	 7.59117284900 	 0.00000275604 
0.00132194115 	 7.86598104892 	 0.00000282467 
0.00132194115 	 8.15073758597 	 0.00000289706 
0.00132194115 	 8.44580260011 	 0.00000297361 
0.00132194115 	 8.75154926872 	 0.00000305471 
0.00132194115 	 9.06836427859 	 0.00000313811 
0.00132194115 	 9.39664831495 	 0.00000323382 
0.00132194115 	 9.73681656828 	 0.00000333447 
0.00132194115 	 10.08929925933 	 0.00000344058 
0.00132194115 	 10.45454218333 	 0.00000355260 
0.00132194115 	 10.83300727371 	 0.00000367103 
0.00132194115 	 11.22517318638 	 0.00000379652 
0.00132194115 	 11.63153590510 	 0.00000392969 
0.00132194115 	 12.05260936871 	 0.00000407122 
0.00132194115 	 12.48892612118 	 0.00000422184 
0.00132194115 	 12.94103798513 	 0.00000437898 
0.00132194115 	 13.40951675969 	 0.00000455316 
0.00132194115 	 13.89495494373 	 0.00000473797 
0.00132194115 	 14.39796648516 	 0.00000493501 
0.00132194115 	 14.91918755746 	 0.00000514583 
0.00132194115 	 15.45927736419 	 0.00000537145 
0.00132194115 	 16.01891897281 	 0.00000561468 
0.00132194115 	 16.59882017849 	 0.00000587846 
0.00132194115 	 17.19971439928 	 0.00000616000 
0.00132194115 	 17.82236160377 	 0.00000646181 
0.00132194115 	 18.46754927215 	 0.00000678645 
0.00132194115 	 19.13609339219 	 0.00000714504 
0.00132194115 	 19.82883949127 	 0.00000752199 
0.00132194115 	 20.54666370572 	 0.00000793531 
0.00132194115 	 21.29047388890 	 0.00000837946 
0.00132194115 	 22.06121075937 	 0.00000885868 
0.00132194115 	 22.85984909069 	 0.00000937779 
0.00132194115 	 23.68739894419 	 0.00000995393 
0.00132194115 	 24.54490694646 	 0.00001057436 
0.00132194115 	 25.43345761305 	 0.00001124494 
0.00132194115 	 26.35417472006 	 0.00001197276 
0.00132194115 	 27.30822272546 	 0.00001276439 
0.00132194115 	 28.29680824175 	 0.00001364227 
0.00132194115 	 29.32118156207 	 0.00001459414 
0.00132194115 	 30.38263824141 	 0.00001563035 
0.00132194115 	 31.48252073520 	 0.00001676204 
0.00132194115 	 32.62222009712 	 0.00001800378 
0.00132194115 	 33.80317773840 	 0.00001936894 
0.00132194115 	 35.02688725083 	 0.00002086220 
0.00132194115 	 36.29489629577 	 0.00002250073 
0.00132194115 	 37.60880856147 	 0.00002431280 
0.00132194115 	 38.97028579134 	 0.00002629771 
0.00132194115 	 40.38104988560 	 0.00002848877 
0.00132194115 	 41.84288507902 	 0.00003090845 
0.00132194115 	 43.35764019746 	 0.00003357228 
0.00132194115 	 44.92723099621 	 0.00003651999 
0.00132194115 	 46.55364258280 	 0.00003977969 
0.00132194115 	 48.23893192773 	 0.00004338480 
0.00132194115 	 49.98523046589 	 0.00004737917 
0.00132194115 	 51.79474679231 	 0.00005178660 
0.00132194115 	 53.66976945540 	 0.00005671961 
0.00132194115 	 55.61266985137 	 0.00006216223 
0.00132194115 	 57.62590522338 	 0.00006821131 
0.00132194115 	 59.71202176930 	 0.00007493921 
0.00132194115 	 61.87365786196 	 0.00008238813 
0.00132194115 	 64.11354738598 	 0.00009072632 
0.00132194115 	 66.43452319540 	 0.00009995964 
0.00132194115 	 68.83952069645 	 0.00011027058 
0.00132194115 	 71.33158156008 	 0.00012174946 
0.00132194115 	 73.91385756879 	 0.00013450687 
0.00132194115 	 76.58961460288 	 0.00014876442 
0.00132194115 	 79.36223677079 	 0.00016459433 
0.00132194115 	 82.23523068918 	 0.00018229475 
0.00132194115 	 85.21222991780 	 0.00020196385 
0.00132194115 	 88.29699955494 	 0.00022392412 
0.00132194115 	 91.49344099933 	 0.00024835099 
0.00132194115 	 94.80559688429 	 0.00027561125 
0.00132194115 	 98.23765619059 	 0.00030594114 
0.00132194115 	 101.79395954438 	 0.00033978564 
0.00132194115 	 105.47900470692 	 0.00037739506 
0.00132194115 	 109.29745226298 	 0.00041915011 
0.00132194115 	 113.25413151528 	 0.00046581359 
0.00132194115 	 117.35404659222 	 0.00051752600 
0.00132194115 	 121.60238277674 	 0.00057498468 
0.00132194115 	 126.00451306433 	 0.00063872075 
0.00132194115 	 130.56600495838 	 0.00070957554 
0.00132194115 	 135.29262751160 	 0.00078799725 
0.00132194115 	 140.19035862226 	 0.00087495230 
0.00132194115 	 145.26539259468 	 0.00097102392 
0.00132194115 	 150.52414797329 	 0.00107713234 
0.00132194115 	 155.97327566040 	 0.00119437218 
0.00132194115 	 161.61966732774 	 0.00132351546 
0.00132194115 	 167.47046413260 	 0.00146592996 
0.00132194115 	 173.53306574945 	 0.00162246968 
0.00132194115 	 179.81513972851 	 0.00179460431 
0.00132194115 	 186.32463119316 	 0.00198302406 
0.00132194115 	 193.06977288832 	 0.00219027261 
0.00132194115 	 200.05909559272 	 0.00241654675 
0.00132194115 	 207.30143890792 	 0.00266360916 
0.00132194115 	 214.80596243813 	 0.00293324617 
0.00132194115 	 222.58215737454 	 0.00322678401 
0.00132194115 	 230.63985849915 	 0.00354588748 
0.00132194115 	 238.98925662311 	 0.00389217737 
0.00132194115 	 247.64091147530 	 0.00426746793 
0.00132194115 	 256.60576505760 	 0.00467350025 
0.00132194115 	 265.89515548347 	 0.00511174111 
0.00132194115 	 275.52083131769 	 0.00558445418 
0.00132194115 	 285.49496643503 	 0.00609325973 
0.00132194115 	 295.83017541695 	 0.00663952053 
0.00132194115 	 306.53952950565 	 0.00722514268 
0.00132194115 	 317.63657313561 	 0.00785187145 
0.00132194115 	 329.13534106365 	 0.00852131596 
0.00132194115 	 341.05037611911 	 0.00923501148 
0.00132194115 	 353.39674759658 	 0.00999467801 
0.00132194115 	 366.19007031450 	 0.01080154894 
0.00132194115 	 379.44652436364 	 0.01165694300 
0.00132194115 	 393.18287557058 	 0.01256214066 
0.00132194115 	 407.41649670190 	 0.01351822608 
0.00132194115 	 422.16538943608 	 0.01452607173 
0.00132194115 	 437.44820713071 	 0.01558694725 
0.00132194115 	 453.28427841392 	 0.01670096380 
0.00132194115 	 469.69363162995 	 0.01786926059 
0.00132194115 	 486.69702016948 	 0.01909163184 
0.00132194115 	 504.31594871714 	 0.02036852845 
0.00132194115 	 522.57270044903 	 0.02169988848 
0.00132194115 	 541.49036521501 	 0.02308595915 
0.00132194115 	 561.09286874100 	 0.02452611460 
0.00132194115 	 581.40500288865 	 0.02601993460 
0.00132194115 	 602.45245701027 	 0.02756682283 
0.00132194115 	 624.26185043890 	 0.02916598131 
0.00132194115 	 646.86076615463 	 0.03081653320 
0.00132194115 	 670.27778566954 	 0.03251757903 
0.00132194115 	 694.54252517561 	 0.03426795080 
0.00132194115 	 719.68567300115 	 0.03606614847 
0.00132194115 	 745.73902842330 	 0.03791156302 
0.00132194115 	 772.73554188543 	 0.03980170663 
0.00132194115 	 800.70935667059 	 0.04173564963 
0.00132194115 	 829.69585208349 	 0.04371188716 
0.00132194115 	 859.73168819576 	 0.04572857987 
0.00132194115 	 890.85485221102 	 0.04778555028 
0.00132194115 	 923.10470650840 	 0.04987982097 
0.00132194115 	 956.52203842531 	 0.05201054212 
0.00132194115 	 991.14911184236 	 0.05417636230 
0.00132194115 	 1027.02972063577 	 0.05637611230 
0.00132194115 	 1064.20924406472 	 0.05860920250 
0.00132194115 	 1102.73470416390 	 0.06087368585 
0.00132194115 	 1142.65482521357 	 0.06316972252 
0.00132194115 	 1184.02009536266 	 0.06549610886 
0.00132194115 	 1226.88283048257 	 0.06785180977 
0.00132194115 	 1271.29724033264 	 0.07023683474 
0.00132194115 	 1317.31949712075 	 0.07265096650 
0.00132194115 	 1365.00780654601 	 0.07509455381 
0.00132194115 	 1414.42248141323 	 0.07756721777 
0.00132194115 	 1465.62601791225 	 0.08006959918 
0.00132194115 	 1518.68317465873 	 0.08260264947 
0.00132194115 	 1573.66105459626 	 0.08516487554 
0.00132194115 	 1630.62918986345 	 0.08775841312 
0.00132194115 	 1689.65962973324 	 0.09038476407 
0.00132194115 	 1750.82703173573 	 0.09304354949 
0.00132194115 	 1814.20875607977 	 0.09573508127 
0.00132194115 	 1879.88496349267 	 0.09846241366 
0.00132194115 	 1947.93871660183 	 0.10122614545 
0.00132194115 	 2018.45608498650 	 0.10402640969 
0.00132194115 	 2091.52625403246 	 0.10686503110 
0.00132194115 	 2167.24163772744 	 0.10974252174 
0.00132194115 	 2245.69799553977 	 0.11266039763 
0.00132194115 	 2326.99455352823 	 0.11562012980 
0.00132194115 	 2411.23412983612 	 0.11862403078 
0.00132194115 	 2498.52326472839 	 0.12167093854 
0.00132194115 	 2588.97235533627 	 0.12476331760 
0.00132194115 	 2682.69579527972 	 0.12790244730 
0.00132194115 	 2779.81211934445 	 0.13108969959 
0.00132194115 	 2880.44415339630 	 0.13432414359 
0.00132194115 	 2984.71916972271 	 0.13761105141 
0.00132194115 	 3092.76904799777 	 0.14094682908 
0.00132194115 	 3204.73044207429 	 0.14433493085 
0.00132194115 	 3320.74495281390 	 0.14777459962 
0.00132194115 	 3440.95930717388 	 0.15126976491 
0.00132194115 	 3565.52554377701 	 0.15482030121 
0.00132194115 	 3694.60120519930 	 0.15842625373 
0.00132194115 	 3828.34953721869 	 0.16208980935 
0.00132194115 	 3966.93969527677 	 0.16581058543 
0.00132194115 	 4110.54695841470 	 0.16958986250 
0.00132194115 	 4259.35295095366 	 0.17342909327 
0.00132194115 	 4413.54587220053 	 0.17732868106 
0.00132194115 	 4573.32073446906 	 0.18129063467 
0.00132194115 	 4738.87960971766 	 0.18531540941 
0.00132194115 	 4910.43188511573 	 0.18940543115 
0.00132194115 	 5088.19452786179 	 0.19355775043 
0.00132194115 	 5272.39235958825 	 0.19777457750 
0.00132194115 	 5463.25834069991 	 0.20206088550 
0.00132194115 	 5661.03386500583 	 0.20641187635 
0.00132194115 	 5865.96906501720 	 0.21083221555 
0.00132194115 	 6078.32312829723 	 0.21532049719 
0.00132194115 	 6298.36462526327 	 0.21987843887 
0.00132194115 	 6526.37184885573 	 0.22450773566 
0.00132194115 	 6762.63316650331 	 0.22920951839 
0.00132194115 	 7007.44738482975 	 0.23398200867 
0.00132194115 	 7261.12412756334 	 0.23882601747 
0.00132194115 	 7523.98422712716 	 0.24374481217 
0.00132194115 	 7796.36013040524 	 0.24873831686 
0.00132194115 	 8078.59631919787 	 0.25380840486 
0.00132194115 	 8371.04974589791 	 0.25895216696 
0.00132194115 	 8674.09028493891 	 0.26417720652 
0.00132194115 	 8988.10120058618 	 0.26947819932 
0.00132194115 	 9313.47963166233 	 0.27485585426 
0.00132194115 	 9650.63709382046 	 0.28031192915 
0.00132194115 	 10000.00000000000 	 0.28584801736 
