0.06579332247 	 0.00000000000 	 0.00004739047 
0.06579332247 	 0.01000000000 	 0.00004867119 
0.06579332247 	 0.02000000000 	 0.00004998227 
0.06579332247 	 0.03000000000 	 0.00005131706 
0.06579332247 	 0.04000000000 	 0.00005267828 
0.06579332247 	 0.05000000000 	 0.00005406697 
0.06579332247 	 0.06000000000 	 0.00005548329 
0.06579332247 	 0.07000000000 	 0.00005693721 
0.06579332247 	 0.08000000000 	 0.00005839366 
0.06579332247 	 0.09000000000 	 0.00005988862 
0.06579332247 	 0.10000000000 	 0.00006141216 
0.06579332247 	 0.11000000000 	 0.00006294653 
0.06579332247 	 0.12000000000 	 0.00006452439 
0.06579332247 	 0.13000000000 	 0.00006613845 
0.06579332247 	 0.14000000000 	 0.00006785629 
0.06579332247 	 0.15000000000 	 0.00006952405 
0.06579332247 	 0.16000000000 	 0.00007128225 
0.06579332247 	 0.17000000000 	 0.00007301873 
0.06579332247 	 0.18000000000 	 0.00007478729 
0.06579332247 	 0.19000000000 	 0.00007658897 
0.06579332247 	 0.20000000000 	 0.00007840545 
0.06579332247 	 0.21000000000 	 0.00008012418 
0.06579332247 	 0.22000000000 	 0.00008196644 
0.06579332247 	 0.23000000000 	 0.00008388396 
0.06579332247 	 0.24000000000 	 0.00008583729 
0.06579332247 	 0.25000000000 	 0.00008782311 
0.06579332247 	 0.26000000000 	 0.00008984192 
0.06579332247 	 0.27000000000 	 0.00009188595 
0.06579332247 	 0.28000000000 	 0.00009398228 
0.06579332247 	 0.29000000000 	 0.00009611004 
0.06579332247 	 0.30000000000 	 0.00009826906 
0.06579332247 	 0.31000000000 	 0.00010046963 
0.06579332247 	 0.32000000000 	 0.00010269940 
0.06579332247 	 0.33000000000 	 0.00010495708 
0.06579332247 	 0.34000000000 	 0.00010725559 
0.06579332247 	 0.35000000000 	 0.00010959243 
0.06579332247 	 0.36000000000 	 0.00011195846 
0.06579332247 	 0.37000000000 	 0.00011437700 
0.06579332247 	 0.38000000000 	 0.00011683004 
0.06579332247 	 0.39000000000 	 0.00011931781 
0.06579332247 	 0.40000000000 	 0.00012184423 
0.06579332247 	 0.41000000000 	 0.00012440492 
0.06579332247 	 0.42000000000 	 0.00012700268 
0.06579332247 	 0.43000000000 	 0.00012963141 
0.06579332247 	 0.44000000000 	 0.00013230417 
0.06579332247 	 0.45000000000 	 0.00013503428 
0.06579332247 	 0.46000000000 	 0.00013779991 
0.06579332247 	 0.47000000000 	 0.00014060266 
0.06579332247 	 0.48000000000 	 0.00014344296 
0.06579332247 	 0.49000000000 	 0.00014632385 
0.06579332247 	 0.50000000000 	 0.00014924669 
0.06579332247 	 0.51000000000 	 0.00015220913 
0.06579332247 	 0.52000000000 	 0.00015521323 
0.06579332247 	 0.53000000000 	 0.00015825864 
0.06579332247 	 0.54000000000 	 0.00016134617 
0.06579332247 	 0.55000000000 	 0.00016446302 
0.06579332247 	 0.56000000000 	 0.00016764539 
0.06579332247 	 0.57000000000 	 0.00017086786 
0.06579332247 	 0.58000000000 	 0.00017413194 
0.06579332247 	 0.59000000000 	 0.00017743733 
0.06579332247 	 0.60000000000 	 0.00018078617 
0.06579332247 	 0.61000000000 	 0.00018418033 
0.06579332247 	 0.62000000000 	 0.00018761924 
0.06579332247 	 0.63000000000 	 0.00019111222 
0.06579332247 	 0.64000000000 	 0.00019463791 
0.06579332247 	 0.65000000000 	 0.00019820885 
0.06579332247 	 0.66000000000 	 0.00020182574 
0.06579332247 	 0.67000000000 	 0.00020549048 
0.06579332247 	 0.68000000000 	 0.00020919252 
0.06579332247 	 0.69000000000 	 0.00021295826 
0.06579332247 	 0.70000000000 	 0.00021676874 
0.06579332247 	 0.71000000000 	 0.00022062408 
0.06579332247 	 0.72000000000 	 0.00022452655 
0.06579332247 	 0.73000000000 	 0.00022847721 
0.06579332247 	 0.74000000000 	 0.00023247354 
0.06579332247 	 0.75000000000 	 0.00023671003 
0.06579332247 	 0.76000000000 	 0.00024079739 
0.06579332247 	 0.77000000000 	 0.00024474877 
0.06579332247 	 0.78000000000 	 0.00024893802 
0.06579332247 	 0.79000000000 	 0.00025317597 
0.06579332247 	 0.80000000000 	 0.00025745832 
0.06579332247 	 0.81000000000 	 0.00026180592 
0.06579332247 	 0.82000000000 	 0.00026620272 
0.06579332247 	 0.83000000000 	 0.00027043960 
0.06579332247 	 0.84000000000 	 0.00027490536 
0.06579332247 	 0.85000000000 	 0.00027946818 
0.06579332247 	 0.86000000000 	 0.00028407553 
0.06579332247 	 0.87000000000 	 0.00028872930 
0.06579332247 	 0.88000000000 	 0.00029343999 
0.06579332247 	 0.89000000000 	 0.00029818435 
0.06579332247 	 0.90000000000 	 0.00030297961 
0.06579332247 	 0.91000000000 	 0.00030782642 
0.06579332247 	 0.92000000000 	 0.00031272425 
0.06579332247 	 0.93000000000 	 0.00031763841 
0.06579332247 	 0.94000000000 	 0.00032270680 
0.06579332247 	 0.95000000000 	 0.00032779790 
0.06579332247 	 0.96000000000 	 0.00033292804 
0.06579332247 	 0.97000000000 	 0.00033810325 
0.06579332247 	 0.98000000000 	 0.00034333001 
0.06579332247 	 0.99000000000 	 0.00034860931 
0.06579332247 	 1.00000000000 	 0.00035386681 
0.06579332247 	 1.03620101997 	 0.00037364283 
0.06579332247 	 1.07371255379 	 0.00039493276 
0.06579332247 	 1.11258204340 	 0.00041779260 
0.06579332247 	 1.15285864817 	 0.00044234314 
0.06579332247 	 1.19459330712 	 0.00046889797 
0.06579332247 	 1.23783880329 	 0.00049741283 
0.06579332247 	 1.28264983053 	 0.00052828103 
0.06579332247 	 1.32908306266 	 0.00056145037 
0.06579332247 	 1.37719722516 	 0.00059718214 
0.06579332247 	 1.42705316941 	 0.00063591473 
0.06579332247 	 1.47871394970 	 0.00067722254 
0.06579332247 	 1.53224490292 	 0.00072240790 
0.06579332247 	 1.58771373126 	 0.00077116215 
0.06579332247 	 1.64519058775 	 0.00082335557 
0.06579332247 	 1.70474816508 	 0.00087997438 
0.06579332247 	 1.76646178745 	 0.00094107703 
0.06579332247 	 1.83040950590 	 0.00100711982 
0.06579332247 	 1.89667219698 	 0.00107859596 
0.06579332247 	 1.96533366506 	 0.00115578830 
0.06579332247 	 2.03648074833 	 0.00123916965 
0.06579332247 	 2.11020342857 	 0.00132932873 
0.06579332247 	 2.18659494503 	 0.00142679791 
0.06579332247 	 2.26575191231 	 0.00153199735 
0.06579332247 	 2.34777444254 	 0.00164549493 
0.06579332247 	 2.43276627202 	 0.00176790612 
0.06579332247 	 2.52083489243 	 0.00190048855 
0.06579332247 	 2.61209168671 	 0.00204310912 
0.06579332247 	 2.70665207003 	 0.00219764949 
0.06579332247 	 2.80463563568 	 0.00236363659 
0.06579332247 	 2.90616630634 	 0.00254304379 
0.06579332247 	 3.01137249084 	 0.00273592183 
0.06579332247 	 3.12038724653 	 0.00294378969 
0.06579332247 	 3.23334844756 	 0.00316741920 
0.06579332247 	 3.35039895929 	 0.00340787217 
0.06579332247 	 3.47168681893 	 0.00366604152 
0.06579332247 	 3.59736542280 	 0.00394404580 
0.06579332247 	 3.72759372031 	 0.00424215208 
0.06579332247 	 3.86253641503 	 0.00456184922 
0.06579332247 	 4.00236417294 	 0.00490415580 
0.06579332247 	 4.14725383830 	 0.00527067320 
0.06579332247 	 4.29738865733 	 0.00566244039 
0.06579332247 	 4.45295850994 	 0.00608132202 
0.06579332247 	 4.61416014990 	 0.00652840987 
0.06579332247 	 4.78119745364 	 0.00700508443 
0.06579332247 	 4.95428167815 	 0.00751259380 
0.06579332247 	 5.13363172813 	 0.00805242548 
0.06579332247 	 5.31947443285 	 0.00862693046 
0.06579332247 	 5.51204483304 	 0.00923582826 
0.06579332247 	 5.71158647813 	 0.00988227738 
0.06579332247 	 5.91835173430 	 0.01056645231 
0.06579332247 	 6.13260210363 	 0.01129002800 
0.06579332247 	 6.35460855487 	 0.01205393535 
0.06579332247 	 6.58465186608 	 0.01285992687 
0.06579332247 	 6.82302297979 	 0.01370907625 
0.06579332247 	 7.07002337096 	 0.01460260962 
0.06579332247 	 7.32596542822 	 0.01554138564 
0.06579332247 	 7.59117284900 	 0.01652591335 
0.06579332247 	 7.86598104892 	 0.01755760825 
0.06579332247 	 8.15073758597 	 0.01863692816 
0.06579332247 	 8.44580260011 	 0.01976465298 
0.06579332247 	 8.75154926872 	 0.02094135670 
0.06579332247 	 9.06836427859 	 0.02216706340 
0.06579332247 	 9.39664831495 	 0.02344301583 
0.06579332247 	 9.73681656828 	 0.02476808709 
0.06579332247 	 10.08929925933 	 0.02614282637 
0.06579332247 	 10.45454218333 	 0.02756688025 
0.06579332247 	 10.83300727371 	 0.02904057434 
0.06579332247 	 11.22517318638 	 0.03056317052 
0.06579332247 	 11.63153590510 	 0.03213389712 
0.06579332247 	 12.05260936871 	 0.03375227513 
0.06579332247 	 12.48892612118 	 0.03541747217 
0.06579332247 	 12.94103798513 	 0.03712862766 
0.06579332247 	 13.40951675969 	 0.03888491001 
0.06579332247 	 13.89495494373 	 0.04068538840 
0.06579332247 	 14.39796648516 	 0.04252929068 
0.06579332247 	 14.91918755746 	 0.04441481327 
0.06579332247 	 15.45927736419 	 0.04634064050 
0.06579332247 	 16.01891897281 	 0.04830568080 
0.06579332247 	 16.59882017849 	 0.05030870719 
0.06579332247 	 17.19971439928 	 0.05234847143 
0.06579332247 	 17.82236160377 	 0.05442438024 
0.06579332247 	 18.46754927215 	 0.05653442421 
0.06579332247 	 19.13609339219 	 0.05867767842 
0.06579332247 	 19.82883949127 	 0.06085332720 
0.06579332247 	 20.54666370572 	 0.06306011322 
0.06579332247 	 21.29047388890 	 0.06529785357 
0.06579332247 	 22.06121075937 	 0.06756457583 
0.06579332247 	 22.85984909069 	 0.06986184810 
0.06579332247 	 23.68739894419 	 0.07218779018 
0.06579332247 	 24.54490694646 	 0.07454155602 
0.06579332247 	 25.43345761305 	 0.07692348895 
0.06579332247 	 26.35417472006 	 0.07933363776 
0.06579332247 	 27.30822272546 	 0.08177213207 
0.06579332247 	 28.29680824175 	 0.08423922115 
0.06579332247 	 29.32118156207 	 0.08673506802 
0.06579332247 	 30.38263824141 	 0.08926184720 
0.06579332247 	 31.48252073520 	 0.09181743674 
0.06579332247 	 32.62222009712 	 0.09440304711 
0.06579332247 	 33.80317773840 	 0.09702150012 
0.06579332247 	 35.02688725083 	 0.09967214219 
0.06579332247 	 36.29489629577 	 0.10235563394 
0.06579332247 	 37.60880856147 	 0.10507408139 
0.06579332247 	 38.97028579134 	 0.10782826052 
0.06579332247 	 40.38104988560 	 0.11061927100 
0.06579332247 	 41.84288507902 	 0.11344833916 
0.06579332247 	 43.35764019746 	 0.11631529144 
0.06579332247 	 44.92723099621 	 0.11922258797 
0.06579332247 	 46.55364258280 	 0.12217131909 
0.06579332247 	 48.23893192773 	 0.12516272956 
0.06579332247 	 49.98523046589 	 0.12819674022 
0.06579332247 	 51.79474679231 	 0.13127694470 
0.06579332247 	 53.66976945540 	 0.13440207972 
0.06579332247 	 55.61266985137 	 0.13757441143 
0.06579332247 	 57.62590522338 	 0.14079442971 
0.06579332247 	 59.71202176930 	 0.14406481279 
0.06579332247 	 61.87365786196 	 0.14738390302 
0.06579332247 	 64.11354738598 	 0.15075428511 
0.06579332247 	 66.43452319540 	 0.15417577465 
0.06579332247 	 68.83952069645 	 0.15765059548 
0.06579332247 	 71.33158156008 	 0.16118120031 
0.06579332247 	 73.91385756879 	 0.16476568085 
0.06579332247 	 76.58961460288 	 0.16840761665 
0.06579332247 	 79.36223677079 	 0.17210532698 
0.06579332247 	 82.23523068918 	 0.17586063966 
0.06579332247 	 85.21222991780 	 0.17967486822 
0.06579332247 	 88.29699955494 	 0.18354859789 
0.06579332247 	 91.49344099933 	 0.18748252692 
0.06579332247 	 94.80559688429 	 0.19148028607 
0.06579332247 	 98.23765619059 	 0.19554143474 
0.06579332247 	 101.79395954438 	 0.19966416420 
0.06579332247 	 105.47900470692 	 0.20384941849 
0.06579332247 	 109.29745226298 	 0.20810418983 
0.06579332247 	 113.25413151528 	 0.21242199055 
0.06579332247 	 117.35404659222 	 0.21680892169 
0.06579332247 	 121.60238277674 	 0.22126205422 
0.06579332247 	 126.00451306433 	 0.22578423146 
0.06579332247 	 130.56600495838 	 0.23037624329 
0.06579332247 	 135.29262751160 	 0.23503983559 
0.06579332247 	 140.19035862226 	 0.23977306845 
0.06579332247 	 145.26539259468 	 0.24457715168 
0.06579332247 	 150.52414797329 	 0.24945459208 
0.06579332247 	 155.97327566040 	 0.25440605215 
0.06579332247 	 161.61966732774 	 0.25943252292 
0.06579332247 	 167.47046413260 	 0.26453122183 
0.06579332247 	 173.53306574945 	 0.26971143146 
0.06579332247 	 179.81513972851 	 0.27496593684 
0.06579332247 	 186.32463119316 	 0.28029595207 
0.06579332247 	 193.06977288832 	 0.28570381470 
0.06579332247 	 200.05909559272 	 0.29118994751 
0.06579332247 	 207.30143890792 	 0.29675493167 
0.06579332247 	 214.80596243813 	 0.30239845944 
0.06579332247 	 222.58215737454 	 0.30812380956 
0.06579332247 	 230.63985849915 	 0.31392769382 
0.06579332247 	 238.98925662311 	 0.31981308182 
0.06579332247 	 247.64091147530 	 0.32577905283 
0.06579332247 	 256.60576505760 	 0.33182664884 
0.06579332247 	 265.89515548347 	 0.33795601601 
0.06579332247 	 275.52083131769 	 0.34416327328 
0.06579332247 	 285.49496643503 	 0.35045835716 
0.06579332247 	 295.83017541695 	 0.35683384087 
0.06579332247 	 306.53952950565 	 0.36329206753 
0.06579332247 	 317.63657313561 	 0.36983326332 
0.06579332247 	 329.13534106365 	 0.37645235539 
0.06579332247 	 341.05037611911 	 0.38315766673 
0.06579332247 	 353.39674759658 	 0.38994371573 
0.06579332247 	 366.19007031450 	 0.39680848255 
0.06579332247 	 379.44652436364 	 0.40375609709 
0.06579332247 	 393.18287557058 	 0.41078570997 
0.06579332247 	 407.41649670190 	 0.41789295467 
0.06579332247 	 422.16538943608 	 0.42508114389 
0.06579332247 	 437.44820713071 	 0.43234645994 
0.06579332247 	 453.28427841392 	 0.43968792789 
0.06579332247 	 469.69363162995 	 0.44710825749 
0.06579332247 	 486.69702016948 	 0.45460412509 
0.06579332247 	 504.31594871714 	 0.46217458114 
0.06579332247 	 522.57270044903 	 0.46981527852 
0.06579332247 	 541.49036521501 	 0.47753020226 
0.06579332247 	 561.09286874100 	 0.48531329799 
0.06579332247 	 581.40500288865 	 0.49316457667 
0.06579332247 	 602.45245701027 	 0.50108214413 
0.06579332247 	 624.26185043890 	 0.50906379543 
0.06579332247 	 646.86076615463 	 0.51710743309 
0.06579332247 	 670.27778566954 	 0.52521031990 
0.06579332247 	 694.54252517561 	 0.53337140432 
0.06579332247 	 719.68567300115 	 0.54158681721 
0.06579332247 	 745.73902842330 	 0.54985407316 
0.06579332247 	 772.73554188543 	 0.55817059687 
0.06579332247 	 800.70935667059 	 0.56653383315 
0.06579332247 	 829.69585208349 	 0.57493818284 
0.06579332247 	 859.73168819576 	 0.58338194383 
0.06579332247 	 890.85485221102 	 0.59186158657 
0.06579332247 	 923.10470650840 	 0.60037307399 
0.06579332247 	 956.52203842531 	 0.60891254055 
0.06579332247 	 991.14911184236 	 0.61747558035 
0.06579332247 	 1027.02972063577 	 0.62605785411 
0.06579332247 	 1064.20924406472 	 0.63465535913 
0.06579332247 	 1102.73470416390 	 0.64326339790 
0.06579332247 	 1142.65482521357 	 0.65187684078 
0.06579332247 	 1184.02009536266 	 0.66049084744 
0.06579332247 	 1226.88283048257 	 0.66910095687 
0.06579332247 	 1271.29724033264 	 0.67770056124 
0.06579332247 	 1317.31949712075 	 0.68628554983 
0.06579332247 	 1365.00780654601 	 0.69484947788 
0.06579332247 	 1414.42248141323 	 0.70338745241 
0.06579332247 	 1465.62601791225 	 0.71189343008 
0.06579332247 	 1518.68317465873 	 0.72036171454 
0.06579332247 	 1573.66105459626 	 0.72878582440 
0.06579332247 	 1630.62918986345 	 0.73715934821 
0.06579332247 	 1689.65962973324 	 0.74547665103 
0.06579332247 	 1750.82703173573 	 0.75373227526 
0.06579332247 	 1814.20875607977 	 0.76191934995 
0.06579332247 	 1879.88496349267 	 0.77003026337 
0.06579332247 	 1947.93871660183 	 0.77805980944 
0.06579332247 	 2018.45608498650 	 0.78600233484 
0.06579332247 	 2091.52625403246 	 0.79385102061 
0.06579332247 	 2167.24163772744 	 0.80159905433 
0.06579332247 	 2245.69799553977 	 0.80924076315 
0.06579332247 	 2326.99455352823 	 0.81677075675 
0.06579332247 	 2411.23412983612 	 0.82418112283 
0.06579332247 	 2498.52326472839 	 0.83146784354 
0.06579332247 	 2588.97235533627 	 0.83862309565 
0.06579332247 	 2682.69579527972 	 0.84564360927 
0.06579332247 	 2779.81211934445 	 0.85252306007 
0.06579332247 	 2880.44415339630 	 0.85925606336 
0.06579332247 	 2984.71916972271 	 0.86583791336 
0.06579332247 	 3092.76904799777 	 0.87226438096 
0.06579332247 	 3204.73044207429 	 0.87852934743 
0.06579332247 	 3320.74495281390 	 0.88463029626 
0.06579332247 	 3440.95930717388 	 0.89056295356 
0.06579332247 	 3565.52554377701 	 0.89632442110 
0.06579332247 	 3694.60120519930 	 0.90191135897 
0.06579332247 	 3828.34953721869 	 0.90732102756 
0.06579332247 	 3966.93969527677 	 0.91255095991 
0.06579332247 	 4110.54695841470 	 0.91759927409 
0.06579332247 	 4259.35295095366 	 0.92246446172 
0.06579332247 	 4413.54587220053 	 0.92714551909 
0.06579332247 	 4573.32073446906 	 0.93164209438 
0.06579332247 	 4738.87960971766 	 0.93595345445 
0.06579332247 	 4910.43188511573 	 0.94008032134 
0.06579332247 	 5088.19452786179 	 0.94402312638 
0.06579332247 	 5272.39235958825 	 0.94778294854 
0.06579332247 	 5463.25834069991 	 0.95136137255 
0.06579332247 	 5661.03386500583 	 0.95476045820 
0.06579332247 	 5865.96906501720 	 0.95798252466 
0.06579332247 	 6078.32312829723 	 0.96103031824 
0.06579332247 	 6298.36462526327 	 0.96390698511 
0.06579332247 	 6526.37184885573 	 0.96661604279 
0.06579332247 	 6762.63316650331 	 0.96916138391 
0.06579332247 	 7007.44738482975 	 0.97154728421 
0.06579332247 	 7261.12412756334 	 0.97377814732 
0.06579332247 	 7523.98422712716 	 0.97585888269 
0.06579332247 	 7796.36013040524 	 0.97779440876 
0.06579332247 	 8078.59631919787 	 0.97958989514 
0.06579332247 	 8371.04974589791 	 0.98125080931 
0.06579332247 	 8674.09028493891 	 0.98278278515 
0.06579332247 	 8988.10120058618 	 0.98419163740 
0.06579332247 	 9313.47963166233 	 0.98548313728 
0.06579332247 	 9650.63709382046 	 0.98666300399 
0.06579332247 	 10000.00000000000 	 0.98773726418 
