0.65793322466 	 0.00000000000 	 0.00365493297 
0.65793322466 	 0.01000000000 	 0.00380214345 
0.65793322466 	 0.02000000000 	 0.00394671559 
0.65793322466 	 0.03000000000 	 0.00409069969 
0.65793322466 	 0.04000000000 	 0.00423626753 
0.65793322466 	 0.05000000000 	 0.00438014975 
0.65793322466 	 0.06000000000 	 0.00452170650 
0.65793322466 	 0.07000000000 	 0.00466720896 
0.65793322466 	 0.08000000000 	 0.00480740291 
0.65793322466 	 0.09000000000 	 0.00494616652 
0.65793322466 	 0.10000000000 	 0.00509306535 
0.65793322466 	 0.11000000000 	 0.00522865868 
0.65793322466 	 0.12000000000 	 0.00537474191 
0.65793322466 	 0.13000000000 	 0.00551596015 
0.65793322466 	 0.14000000000 	 0.00565498589 
0.65793322466 	 0.15000000000 	 0.00579373303 
0.65793322466 	 0.16000000000 	 0.00593245482 
0.65793322466 	 0.17000000000 	 0.00607178168 
0.65793322466 	 0.18000000000 	 0.00620985886 
0.65793322466 	 0.19000000000 	 0.00634771636 
0.65793322466 	 0.20000000000 	 0.00648608052 
0.65793322466 	 0.21000000000 	 0.00662390005 
0.65793322466 	 0.22000000000 	 0.00676118618 
0.65793322466 	 0.23000000000 	 0.00689913552 
0.65793322466 	 0.24000000000 	 0.00703608187 
0.65793322466 	 0.25000000000 	 0.00717267383 
0.65793322466 	 0.26000000000 	 0.00730936995 
0.65793322466 	 0.27000000000 	 0.00744374165 
0.65793322466 	 0.28000000000 	 0.00757990703 
0.65793322466 	 0.29000000000 	 0.00770654304 
0.65793322466 	 0.30000000000 	 0.00784897924 
0.65793322466 	 0.31000000000 	 0.00797795326 
0.65793322466 	 0.32000000000 	 0.00811690341 
0.65793322466 	 0.33000000000 	 0.00825163685 
0.65793322466 	 0.34000000000 	 0.00838435655 
0.65793322466 	 0.35000000000 	 0.00851181999 
0.65793322466 	 0.36000000000 	 0.00864522111 
0.65793322466 	 0.37000000000 	 0.00877857535 
0.65793322466 	 0.38000000000 	 0.00891801467 
0.65793322466 	 0.39000000000 	 0.00904680235 
0.65793322466 	 0.40000000000 	 0.00918051136 
0.65793322466 	 0.41000000000 	 0.00931366436 
0.65793322466 	 0.42000000000 	 0.00944596532 
0.65793322466 	 0.43000000000 	 0.00957515235 
0.65793322466 	 0.44000000000 	 0.00970580462 
0.65793322466 	 0.45000000000 	 0.00983945375 
0.65793322466 	 0.46000000000 	 0.00996144646 
0.65793322466 	 0.47000000000 	 0.01009162626 
0.65793322466 	 0.48000000000 	 0.01022497717 
0.65793322466 	 0.49000000000 	 0.01035036115 
0.65793322466 	 0.50000000000 	 0.01048976397 
0.65793322466 	 0.51000000000 	 0.01061783942 
0.65793322466 	 0.52000000000 	 0.01074746932 
0.65793322466 	 0.53000000000 	 0.01087677417 
0.65793322466 	 0.54000000000 	 0.01100458421 
0.65793322466 	 0.55000000000 	 0.01113318728 
0.65793322466 	 0.56000000000 	 0.01125238464 
0.65793322466 	 0.57000000000 	 0.01138727831 
0.65793322466 	 0.58000000000 	 0.01151886313 
0.65793322466 	 0.59000000000 	 0.01164653431 
0.65793322466 	 0.60000000000 	 0.01177517535 
0.65793322466 	 0.61000000000 	 0.01190052841 
0.65793322466 	 0.62000000000 	 0.01202678669 
0.65793322466 	 0.63000000000 	 0.01214341140 
0.65793322466 	 0.64000000000 	 0.01227622287 
0.65793322466 	 0.65000000000 	 0.01240472160 
0.65793322466 	 0.66000000000 	 0.01253272996 
0.65793322466 	 0.67000000000 	 0.01265260244 
0.65793322466 	 0.68000000000 	 0.01277644618 
0.65793322466 	 0.69000000000 	 0.01289860671 
0.65793322466 	 0.70000000000 	 0.01303019940 
0.65793322466 	 0.71000000000 	 0.01315849832 
0.65793322466 	 0.72000000000 	 0.01327732619 
0.65793322466 	 0.73000000000 	 0.01339820099 
0.65793322466 	 0.74000000000 	 0.01352540123 
0.65793322466 	 0.75000000000 	 0.01365861289 
0.65793322466 	 0.76000000000 	 0.01378195286 
0.65793322466 	 0.77000000000 	 0.01389567422 
0.65793322466 	 0.78000000000 	 0.01400341434 
0.65793322466 	 0.79000000000 	 0.01412695203 
0.65793322466 	 0.80000000000 	 0.01425055271 
0.65793322466 	 0.81000000000 	 0.01437287154 
0.65793322466 	 0.82000000000 	 0.01449552717 
0.65793322466 	 0.83000000000 	 0.01461827650 
0.65793322466 	 0.84000000000 	 0.01475809780 
0.65793322466 	 0.85000000000 	 0.01488007463 
0.65793322466 	 0.86000000000 	 0.01498478004 
0.65793322466 	 0.87000000000 	 0.01512225104 
0.65793322466 	 0.88000000000 	 0.01524886164 
0.65793322466 	 0.89000000000 	 0.01537010917 
0.65793322466 	 0.90000000000 	 0.01548980846 
0.65793322466 	 0.91000000000 	 0.01561100249 
0.65793322466 	 0.92000000000 	 0.01572777793 
0.65793322466 	 0.93000000000 	 0.01584884729 
0.65793322466 	 0.94000000000 	 0.01596822172 
0.65793322466 	 0.95000000000 	 0.01609319689 
0.65793322466 	 0.96000000000 	 0.01620841718 
0.65793322466 	 0.97000000000 	 0.01633183968 
0.65793322466 	 0.98000000000 	 0.01645215878 
0.65793322466 	 0.99000000000 	 0.01657042986 
0.65793322466 	 1.00000000000 	 0.01668978372 
0.65793322466 	 1.03620101997 	 0.01712533326 
0.65793322466 	 1.07371255379 	 0.01756888071 
0.65793322466 	 1.11258204340 	 0.01802677453 
0.65793322466 	 1.15285864817 	 0.01849062180 
0.65793322466 	 1.19459330712 	 0.01899144641 
0.65793322466 	 1.23783880329 	 0.01947834769 
0.65793322466 	 1.28264983053 	 0.02000100324 
0.65793322466 	 1.32908306266 	 0.02053780233 
0.65793322466 	 1.37719722516 	 0.02108583519 
0.65793322466 	 1.42705316941 	 0.02164543112 
0.65793322466 	 1.47871394970 	 0.02222660177 
0.65793322466 	 1.53224490292 	 0.02282431527 
0.65793322466 	 1.58771373126 	 0.02344216227 
0.65793322466 	 1.64519058775 	 0.02407865961 
0.65793322466 	 1.70474816508 	 0.02472020242 
0.65793322466 	 1.76646178745 	 0.02539220557 
0.65793322466 	 1.83040950590 	 0.02608382524 
0.65793322466 	 1.89667219698 	 0.02679873634 
0.65793322466 	 1.96533366506 	 0.02752760136 
0.65793322466 	 2.03648074833 	 0.02826767794 
0.65793322466 	 2.11020342857 	 0.02903620256 
0.65793322466 	 2.18659494503 	 0.02983232002 
0.65793322466 	 2.26575191231 	 0.03064730676 
0.65793322466 	 2.34777444254 	 0.03148233147 
0.65793322466 	 2.43276627202 	 0.03233475500 
0.65793322466 	 2.52083489243 	 0.03321113088 
0.65793322466 	 2.61209168671 	 0.03411193001 
0.65793322466 	 2.70665207003 	 0.03503069683 
0.65793322466 	 2.80463563568 	 0.03599186654 
0.65793322466 	 2.90616630634 	 0.03696153449 
0.65793322466 	 3.01137249084 	 0.03795885974 
0.65793322466 	 3.12038724653 	 0.03897816827 
0.65793322466 	 3.23334844756 	 0.04002561615 
0.65793322466 	 3.35039895929 	 0.04109880405 
0.65793322466 	 3.47168681893 	 0.04219351832 
0.65793322466 	 3.59736542280 	 0.04332190924 
0.65793322466 	 3.72759372031 	 0.04446845063 
0.65793322466 	 3.86253641503 	 0.04564570803 
0.65793322466 	 4.00236417294 	 0.04684195988 
0.65793322466 	 4.14725383830 	 0.04807350242 
0.65793322466 	 4.29738865733 	 0.04933678323 
0.65793322466 	 4.45295850994 	 0.05062239580 
0.65793322466 	 4.61416014990 	 0.05192930320 
0.65793322466 	 4.78119745364 	 0.05327335133 
0.65793322466 	 4.95428167815 	 0.05463340275 
0.65793322466 	 5.13363172813 	 0.05602685336 
0.65793322466 	 5.31947443285 	 0.05745723336 
0.65793322466 	 5.51204483304 	 0.05890475174 
0.65793322466 	 5.71158647813 	 0.06038334761 
0.65793322466 	 5.91835173430 	 0.06188990139 
0.65793322466 	 6.13260210363 	 0.06342073773 
0.65793322466 	 6.35460855487 	 0.06498051816 
0.65793322466 	 6.58465186608 	 0.06656710314 
0.65793322466 	 6.82302297979 	 0.06817757473 
0.65793322466 	 7.07002337096 	 0.06981091726 
0.65793322466 	 7.32596542822 	 0.07147794100 
0.65793322466 	 7.59117284900 	 0.07317049624 
0.65793322466 	 7.86598104892 	 0.07488038977 
0.65793322466 	 8.15073758597 	 0.07663115507 
0.65793322466 	 8.44580260011 	 0.07839401177 
0.65793322466 	 8.75154926872 	 0.08019032997 
0.65793322466 	 9.06836427859 	 0.08200462375 
0.65793322466 	 9.39664831495 	 0.08384168437 
0.65793322466 	 9.73681656828 	 0.08569949685 
0.65793322466 	 10.08929925933 	 0.08759127765 
0.65793322466 	 10.45454218333 	 0.08950331779 
0.65793322466 	 10.83300727371 	 0.09143266537 
0.65793322466 	 11.22517318638 	 0.09337052876 
0.65793322466 	 11.63153590510 	 0.09533869081 
0.65793322466 	 12.05260936871 	 0.09732991109 
0.65793322466 	 12.48892612118 	 0.09935295888 
0.65793322466 	 12.94103798513 	 0.10137656974 
0.65793322466 	 13.40951675969 	 0.10342657528 
0.65793322466 	 13.89495494373 	 0.10549752290 
0.65793322466 	 14.39796648516 	 0.10757965361 
0.65793322466 	 14.91918755746 	 0.10967566843 
0.65793322466 	 15.45927736419 	 0.11179860572 
0.65793322466 	 16.01891897281 	 0.11394337841 
0.65793322466 	 16.59882017849 	 0.11609607968 
0.65793322466 	 17.19971439928 	 0.11826679296 
0.65793322466 	 17.82236160377 	 0.12045733627 
0.65793322466 	 18.46754927215 	 0.12266286082 
0.65793322466 	 19.13609339219 	 0.12488700309 
0.65793322466 	 19.82883949127 	 0.12712289896 
0.65793322466 	 20.54666370572 	 0.12937836689 
0.65793322466 	 21.29047388890 	 0.13165123088 
0.65793322466 	 22.06121075937 	 0.13394019240 
0.65793322466 	 22.85984909069 	 0.13624612143 
0.65793322466 	 23.68739894419 	 0.13857509325 
0.65793322466 	 24.54490694646 	 0.14091936024 
0.65793322466 	 25.43345761305 	 0.14328560360 
0.65793322466 	 26.35417472006 	 0.14567153167 
0.65793322466 	 27.30822272546 	 0.14807802536 
0.65793322466 	 28.29680824175 	 0.15050730742 
0.65793322466 	 29.32118156207 	 0.15296057948 
0.65793322466 	 30.38263824141 	 0.15543726791 
0.65793322466 	 31.48252073520 	 0.15794748927 
0.65793322466 	 32.62222009712 	 0.16046545353 
0.65793322466 	 33.80317773840 	 0.16301842191 
0.65793322466 	 35.02688725083 	 0.16560881716 
0.65793322466 	 36.29489629577 	 0.16821870948 
0.65793322466 	 37.60880856147 	 0.17085653793 
0.65793322466 	 38.97028579134 	 0.17352465834 
0.65793322466 	 40.38104988560 	 0.17622267710 
0.65793322466 	 41.84288507902 	 0.17895548509 
0.65793322466 	 43.35764019746 	 0.18171541813 
0.65793322466 	 44.92723099621 	 0.18451860951 
0.65793322466 	 46.55364258280 	 0.18735542671 
0.65793322466 	 48.23893192773 	 0.19022988994 
0.65793322466 	 49.98523046589 	 0.19314027381 
0.65793322466 	 51.79474679231 	 0.19609046703 
0.65793322466 	 53.66976945540 	 0.19907875493 
0.65793322466 	 55.61266985137 	 0.20210682357 
0.65793322466 	 57.62590522338 	 0.20518154762 
0.65793322466 	 59.71202176930 	 0.20829456847 
0.65793322466 	 61.87365786196 	 0.21145136240 
0.65793322466 	 64.11354738598 	 0.21465321918 
0.65793322466 	 66.43452319540 	 0.21789871541 
0.65793322466 	 68.83952069645 	 0.22119180673 
0.65793322466 	 71.33158156008 	 0.22453069786 
0.65793322466 	 73.91385756879 	 0.22791765851 
0.65793322466 	 76.58961460288 	 0.23135441574 
0.65793322466 	 79.36223677079 	 0.23484213939 
0.65793322466 	 82.23523068918 	 0.23837981063 
0.65793322466 	 85.21222991780 	 0.24196846291 
0.65793322466 	 88.29699955494 	 0.24560953147 
0.65793322466 	 91.49344099933 	 0.24930394802 
0.65793322466 	 94.80559688429 	 0.25305407081 
0.65793322466 	 98.23765619059 	 0.25685852373 
0.65793322466 	 101.79395954438 	 0.26071728789 
0.65793322466 	 105.47900470692 	 0.26463354710 
0.65793322466 	 109.29745226298 	 0.26860866357 
0.65793322466 	 113.25413151528 	 0.27264474594 
0.65793322466 	 117.35404659222 	 0.27673847357 
0.65793322466 	 121.60238277674 	 0.28089041876 
0.65793322466 	 126.00451306433 	 0.28510572783 
0.65793322466 	 130.56600495838 	 0.28938261774 
0.65793322466 	 135.29262751160 	 0.29372156941 
0.65793322466 	 140.19035862226 	 0.29812382850 
0.65793322466 	 145.26539259468 	 0.30259043752 
0.65793322466 	 150.52414797329 	 0.30712187752 
0.65793322466 	 155.97327566040 	 0.31172005607 
0.65793322466 	 161.61966732774 	 0.31638618408 
0.65793322466 	 167.47046413260 	 0.32111785823 
0.65793322466 	 173.53306574945 	 0.32591857467 
0.65793322466 	 179.81513972851 	 0.33078688941 
0.65793322466 	 186.32463119316 	 0.33572485526 
0.65793322466 	 193.06977288832 	 0.34073249236 
0.65793322466 	 200.05909559272 	 0.34581044552 
0.65793322466 	 207.30143890792 	 0.35095961356 
0.65793322466 	 214.80596243813 	 0.35618242567 
0.65793322466 	 222.58215737454 	 0.36147533393 
0.65793322466 	 230.63985849915 	 0.36684075859 
0.65793322466 	 238.98925662311 	 0.37228109592 
0.65793322466 	 247.64091147530 	 0.37779246345 
0.65793322466 	 256.60576505760 	 0.38337800171 
0.65793322466 	 265.89515548347 	 0.38903750020 
0.65793322466 	 275.52083131769 	 0.39476978274 
0.65793322466 	 285.49496643503 	 0.40057921642 
0.65793322466 	 295.83017541695 	 0.40646148972 
0.65793322466 	 306.53952950565 	 0.41242214768 
0.65793322466 	 317.63657313561 	 0.41845471384 
0.65793322466 	 329.13534106365 	 0.42456357462 
0.65793322466 	 341.05037611911 	 0.43074467214 
0.65793322466 	 353.39674759658 	 0.43700036954 
0.65793322466 	 366.19007031450 	 0.44332897958 
0.65793322466 	 379.44652436364 	 0.44973088419 
0.65793322466 	 393.18287557058 	 0.45620850195 
0.65793322466 	 407.41649670190 	 0.46275829397 
0.65793322466 	 422.16538943608 	 0.46937947981 
0.65793322466 	 437.44820713071 	 0.47607656994 
0.65793322466 	 453.28427841392 	 0.48284028760 
0.65793322466 	 469.69363162995 	 0.48967405116 
0.65793322466 	 486.69702016948 	 0.49657598143 
0.65793322466 	 504.31594871714 	 0.50354649085 
0.65793322466 	 522.57270044903 	 0.51058483661 
0.65793322466 	 541.49036521501 	 0.51768887806 
0.65793322466 	 561.09286874100 	 0.52485572906 
0.65793322466 	 581.40500288865 	 0.53208452674 
0.65793322466 	 602.45245701027 	 0.53937384641 
0.65793322466 	 624.26185043890 	 0.54672204391 
0.65793322466 	 646.86076615463 	 0.55412720630 
0.65793322466 	 670.27778566954 	 0.56158705757 
0.65793322466 	 694.54252517561 	 0.56910196636 
0.65793322466 	 719.68567300115 	 0.57666582462 
0.65793322466 	 745.73902842330 	 0.58427725256 
0.65793322466 	 772.73554188543 	 0.59193313378 
0.65793322466 	 800.70935667059 	 0.59963128373 
0.65793322466 	 829.69585208349 	 0.60736884986 
0.65793322466 	 859.73168819576 	 0.61514311271 
0.65793322466 	 890.85485221102 	 0.62295068665 
0.65793322466 	 923.10470650840 	 0.63078667532 
0.65793322466 	 956.52203842531 	 0.63864876322 
0.65793322466 	 991.14911184236 	 0.64653380334 
0.65793322466 	 1027.02972063577 	 0.65443709708 
0.65793322466 	 1064.20924406472 	 0.66235444090 
0.65793322466 	 1102.73470416390 	 0.67028157692 
0.65793322466 	 1142.65482521357 	 0.67821389238 
0.65793322466 	 1184.02009536266 	 0.68614730958 
0.65793322466 	 1226.88283048257 	 0.69407771745 
0.65793322466 	 1271.29724033264 	 0.70200035010 
0.65793322466 	 1317.31949712075 	 0.70990913243 
0.65793322466 	 1365.00780654601 	 0.71779952505 
0.65793322466 	 1414.42248141323 	 0.72566487949 
0.65793322466 	 1465.62601791225 	 0.73350254838 
0.65793322466 	 1518.68317465873 	 0.74130614044 
0.65793322466 	 1573.66105459626 	 0.74907035673 
0.65793322466 	 1630.62918986345 	 0.75679042039 
0.65793322466 	 1689.65962973324 	 0.76445654003 
0.65793322466 	 1750.82703173573 	 0.77206598310 
0.65793322466 	 1814.20875607977 	 0.77961379944 
0.65793322466 	 1879.88496349267 	 0.78709370502 
0.65793322466 	 1947.93871660183 	 0.79449814281 
0.65793322466 	 2018.45608498650 	 0.80182217653 
0.65793322466 	 2091.52625403246 	 0.80906099043 
0.65793322466 	 2167.24163772744 	 0.81620961681 
0.65793322466 	 2245.69799553977 	 0.82326142929 
0.65793322466 	 2326.99455352823 	 0.83020855667 
0.65793322466 	 2411.23412983612 	 0.83704671538 
0.65793322466 	 2498.52326472839 	 0.84377168334 
0.65793322466 	 2588.97235533627 	 0.85037858517 
0.65793322466 	 2682.69579527972 	 0.85686163401 
0.65793322466 	 2779.81211934445 	 0.86321367921 
0.65793322466 	 2880.44415339630 	 0.86943118452 
0.65793322466 	 2984.71916972271 	 0.87550992681 
0.65793322466 	 3092.76904799777 	 0.88144587440 
0.65793322466 	 3204.73044207429 	 0.88723623007 
0.65793322466 	 3320.74495281390 	 0.89287743141 
0.65793322466 	 3440.95930717388 	 0.89836089819 
0.65793322466 	 3565.52554377701 	 0.90368642411 
0.65793322466 	 3694.60120519930 	 0.90885064497 
0.65793322466 	 3828.34953721869 	 0.91385145411 
0.65793322466 	 3966.93969527677 	 0.91869215733 
0.65793322466 	 4110.54695841470 	 0.92336421580 
0.65793322466 	 4259.35295095366 	 0.92786518116 
0.65793322466 	 4413.54587220053 	 0.93219662199 
0.65793322466 	 4573.32073446906 	 0.93635745742 
0.65793322466 	 4738.87960971766 	 0.94034698967 
0.65793322466 	 4910.43188511573 	 0.94417087536 
0.65793322466 	 5088.19452786179 	 0.94782299304 
0.65793322466 	 5272.39235958825 	 0.95130446989 
0.65793322466 	 5463.25834069991 	 0.95461903678 
0.65793322466 	 5661.03386500583 	 0.95776812388 
0.65793322466 	 5865.96906501720 	 0.96075381797 
0.65793322466 	 6078.32312829723 	 0.96357833581 
0.65793322466 	 6298.36462526327 	 0.96624413992 
0.65793322466 	 6526.37184885573 	 0.96875590530 
0.65793322466 	 6762.63316650331 	 0.97111522393 
0.65793322466 	 7007.44738482975 	 0.97332711882 
0.65793322466 	 7261.12412756334 	 0.97539550240 
0.65793322466 	 7523.98422712716 	 0.97732468751 
0.65793322466 	 7796.36013040524 	 0.97911933140 
0.65793322466 	 8078.59631919787 	 0.98078412275 
0.65793322466 	 8371.04974589791 	 0.98232418158 
0.65793322466 	 8674.09028493891 	 0.98374473437 
0.65793322466 	 8988.10120058618 	 0.98505102874 
0.65793322466 	 9313.47963166233 	 0.98624871874 
0.65793322466 	 9650.63709382046 	 0.98734227998 
0.65793322466 	 10000.00000000000 	 0.98833761171 
