0.00432876128 	 0.00000000000 	 0.00000000344 
0.00432876128 	 0.01000000000 	 0.00000000391 
0.00432876128 	 0.02000000000 	 0.00000000426 
0.00432876128 	 0.03000000000 	 0.00000000463 
0.00432876128 	 0.04000000000 	 0.00000000497 
0.00432876128 	 0.05000000000 	 0.00000000322 
0.00432876128 	 0.06000000000 	 0.00000000209 
0.00432876128 	 0.07000000000 	 0.00000000186 
0.00432876128 	 0.08000000000 	 0.00000000171 
0.00432876128 	 0.09000000000 	 0.00000000159 
0.00432876128 	 0.10000000000 	 0.00000000149 
0.00432876128 	 0.11000000000 	 0.00000000140 
0.00432876128 	 0.12000000000 	 -0.00000000011 
0.00432876128 	 0.13000000000 	 -0.00000000011 
0.00432876128 	 0.14000000000 	 -0.00000000011 
0.00432876128 	 0.15000000000 	 -0.00000000010 
0.00432876128 	 0.16000000000 	 -0.00000000010 
0.00432876128 	 0.17000000000 	 -0.00000000010 
0.00432876128 	 0.18000000000 	 -0.00000000009 
0.00432876128 	 0.19000000000 	 -0.00000000009 
0.00432876128 	 0.20000000000 	 -0.00000000009 
0.00432876128 	 0.21000000000 	 -0.00000000009 
0.00432876128 	 0.22000000000 	 0.00000000001 
0.00432876128 	 0.23000000000 	 0.00000000001 
0.00432876128 	 0.24000000000 	 0.00000000001 
0.00432876128 	 0.25000000000 	 0.00000000001 
0.00432876128 	 0.26000000000 	 0.00000000001 
0.00432876128 	 0.27000000000 	 0.00000000001 
0.00432876128 	 0.28000000000 	 0.00000000001 
0.00432876128 	 0.29000000000 	 0.00000000001 
0.00432876128 	 0.30000000000 	 0.00000000002 
0.00432876128 	 0.31000000000 	 0.00000000002 
0.00432876128 	 0.32000000000 	 0.00000000002 
0.00432876128 	 0.33000000000 	 0.00000000002 
0.00432876128 	 0.34000000000 	 0.00000000002 
0.00432876128 	 0.35000000000 	 0.00000000002 
0.00432876128 	 0.36000000000 	 0.00000000002 
0.00432876128 	 0.37000000000 	 0.00000000002 
0.00432876128 	 0.38000000000 	 0.00000000002 
0.00432876128 	 0.39000000000 	 0.00000000001 
0.00432876128 	 0.40000000000 	 0.00000000001 
0.00432876128 	 0.41000000000 	 0.00000000001 
0.00432876128 	 0.42000000000 	 0.00000000001 
0.00432876128 	 0.43000000000 	 0.00000000001 
0.00432876128 	 0.44000000000 	 0.00000000001 
0.00432876128 	 0.45000000000 	 0.00000000001 
0.00432876128 	 0.46000000000 	 0.00000000001 
0.00432876128 	 0.47000000000 	 0.00000000001 
0.00432876128 	 0.48000000000 	 -0.00000000069 
0.00432876128 	 0.49000000000 	 -0.00000000070 
0.00432876128 	 0.50000000000 	 -0.00000000070 
0.00432876128 	 0.51000000000 	 -0.00000000071 
0.00432876128 	 0.52000000000 	 -0.00000000072 
0.00432876128 	 0.53000000000 	 -0.00000000074 
0.00432876128 	 0.54000000000 	 -0.00000000075 
0.00432876128 	 0.55000000000 	 -0.00000000076 
0.00432876128 	 0.56000000000 	 -0.00000000077 
0.00432876128 	 0.57000000000 	 -0.00000000078 
0.00432876128 	 0.58000000000 	 -0.00000000080 
0.00432876128 	 0.59000000000 	 -0.00000000081 
0.00432876128 	 0.60000000000 	 -0.00000000082 
0.00432876128 	 0.61000000000 	 -0.00000000082 
0.00432876128 	 0.62000000000 	 -0.00000000084 
0.00432876128 	 0.63000000000 	 -0.00000000043 
0.00432876128 	 0.64000000000 	 -0.00000000045 
0.00432876128 	 0.65000000000 	 -0.00000000048 
0.00432876128 	 0.66000000000 	 -0.00000000050 
0.00432876128 	 0.67000000000 	 -0.00000000053 
0.00432876128 	 0.68000000000 	 -0.00000000056 
0.00432876128 	 0.69000000000 	 -0.00000000059 
0.00432876128 	 0.70000000000 	 -0.00000000061 
0.00432876128 	 0.71000000000 	 -0.00000000064 
0.00432876128 	 0.72000000000 	 -0.00000000016 
0.00432876128 	 0.73000000000 	 -0.00000000018 
0.00432876128 	 0.74000000000 	 -0.00000000029 
0.00432876128 	 0.75000000000 	 -0.00000000039 
0.00432876128 	 0.76000000000 	 -0.00000000049 
0.00432876128 	 0.77000000000 	 -0.00000000147 
0.00432876128 	 0.78000000000 	 -0.00000000229 
0.00432876128 	 0.79000000000 	 -0.00000000265 
0.00432876128 	 0.80000000000 	 -0.00000000301 
0.00432876128 	 0.81000000000 	 0.00000000011 
0.00432876128 	 0.82000000000 	 -0.00000000014 
0.00432876128 	 0.83000000000 	 -0.00000000036 
0.00432876128 	 0.84000000000 	 -0.00000000064 
0.00432876128 	 0.85000000000 	 -0.00000000094 
0.00432876128 	 0.86000000000 	 -0.00000000151 
0.00432876128 	 0.87000000000 	 -0.00000000164 
0.00432876128 	 0.88000000000 	 -0.00000000175 
0.00432876128 	 0.89000000000 	 -0.00000000187 
0.00432876128 	 0.90000000000 	 -0.00000000159 
0.00432876128 	 0.91000000000 	 -0.00000000170 
0.00432876128 	 0.92000000000 	 -0.00000000190 
0.00432876128 	 0.93000000000 	 -0.00000000205 
0.00432876128 	 0.94000000000 	 -0.00000000216 
0.00432876128 	 0.95000000000 	 -0.00000000223 
0.00432876128 	 0.96000000000 	 -0.00000000229 
0.00432876128 	 0.97000000000 	 -0.00000000260 
0.00432876128 	 0.98000000000 	 -0.00000000255 
0.00432876128 	 0.99000000000 	 -0.00000000250 
0.00432876128 	 1.00000000000 	 -0.00000000246 
0.00432876128 	 1.03620101997 	 -0.00000000233 
0.00432876128 	 1.07371255379 	 -0.00000000056 
0.00432876128 	 1.11258204340 	 0.00000000043 
0.00432876128 	 1.15285864817 	 -0.00000000056 
0.00432876128 	 1.19459330712 	 -0.00000000164 
0.00432876128 	 1.23783880329 	 -0.00000000219 
0.00432876128 	 1.28264983053 	 -0.00000000281 
0.00432876128 	 1.32908306266 	 -0.00000000180 
0.00432876128 	 1.37719722516 	 -0.00000000188 
0.00432876128 	 1.42705316941 	 -0.00000000196 
0.00432876128 	 1.47871394970 	 -0.00000000203 
0.00432876128 	 1.53224490292 	 -0.00000000209 
0.00432876128 	 1.58771373126 	 0.00000000001 
0.00432876128 	 1.64519058775 	 0.00000000001 
0.00432876128 	 1.70474816508 	 0.00000000001 
0.00432876128 	 1.76646178745 	 0.00000000001 
0.00432876128 	 1.83040950590 	 0.00000000001 
0.00432876128 	 1.89667219698 	 0.00000000001 
0.00432876128 	 1.96533366506 	 0.00000000010 
0.00432876128 	 2.03648074833 	 0.00000000010 
0.00432876128 	 2.11020342857 	 0.00000000009 
0.00432876128 	 2.18659494503 	 0.00000000009 
0.00432876128 	 2.26575191231 	 0.00000000009 
0.00432876128 	 2.34777444254 	 0.00000000009 
0.00432876128 	 2.43276627202 	 0.00000000008 
0.00432876128 	 2.52083489243 	 0.00000000008 
0.00432876128 	 2.61209168671 	 0.00000000008 
0.00432876128 	 2.70665207003 	 0.00000000002 
0.00432876128 	 2.80463563568 	 0.00000000002 
0.00432876128 	 2.90616630634 	 0.00000000009 
0.00432876128 	 3.01137249084 	 0.00000000009 
0.00432876128 	 3.12038724653 	 0.00000000009 
0.00432876128 	 3.23334844756 	 0.00000000009 
0.00432876128 	 3.35039895929 	 0.00000000009 
0.00432876128 	 3.47168681893 	 0.00000000009 
0.00432876128 	 3.59736542280 	 0.00000000010 
0.00432876128 	 3.72759372031 	 0.00000000182 
0.00432876128 	 3.86253641503 	 -0.00000000246 
0.00432876128 	 4.00236417294 	 -0.00000000247 
0.00432876128 	 4.14725383830 	 0.00000000060 
0.00432876128 	 4.29738865733 	 0.00000000080 
0.00432876128 	 4.45295850994 	 -0.00000000053 
0.00432876128 	 4.61416014990 	 -0.00000000045 
0.00432876128 	 4.78119745364 	 -0.00000000041 
0.00432876128 	 4.95428167815 	 -0.00000000038 
0.00432876128 	 5.13363172813 	 -0.00000000043 
0.00432876128 	 5.31947443285 	 -0.00000000050 
0.00432876128 	 5.51204483304 	 -0.00000000062 
0.00432876128 	 5.71158647813 	 -0.00000000076 
0.00432876128 	 5.91835173430 	 -0.00000000095 
0.00432876128 	 6.13260210363 	 -0.00000000132 
0.00432876128 	 6.35460855487 	 -0.00000000185 
0.00432876128 	 6.58465186608 	 -0.00000000209 
0.00432876128 	 6.82302297979 	 -0.00000000299 
0.00432876128 	 7.07002337096 	 -0.00000000469 
0.00432876128 	 7.32596542822 	 -0.00000000448 
0.00432876128 	 7.59117284900 	 -0.00000000429 
0.00432876128 	 7.86598104892 	 -0.00000000416 
0.00432876128 	 8.15073758597 	 -0.00000000409 
0.00432876128 	 8.44580260011 	 -0.00000000407 
0.00432876128 	 8.75154926872 	 -0.00000000417 
0.00432876128 	 9.06836427859 	 -0.00000000442 
0.00432876128 	 9.39664831495 	 -0.00000000097 
0.00432876128 	 9.73681656828 	 0.00000000106 
0.00432876128 	 10.08929925933 	 0.00000000109 
0.00432876128 	 10.45454218333 	 0.00000000124 
0.00432876128 	 10.83300727371 	 0.00000000163 
0.00432876128 	 11.22517318638 	 -0.00000000003 
0.00432876128 	 11.63153590510 	 0.00000000109 
0.00432876128 	 12.05260936871 	 0.00000000071 
0.00432876128 	 12.48892612118 	 0.00000000085 
0.00432876128 	 12.94103798513 	 0.00000000114 
0.00432876128 	 13.40951675969 	 0.00000000184 
0.00432876128 	 13.89495494373 	 -0.00000000216 
0.00432876128 	 14.39796648516 	 -0.00000000142 
0.00432876128 	 14.91918755746 	 0.00000000132 
0.00432876128 	 15.45927736419 	 0.00000000019 
0.00432876128 	 16.01891897281 	 0.00000000023 
0.00432876128 	 16.59882017849 	 -0.00000000001 
0.00432876128 	 17.19971439928 	 0.00000000030 
0.00432876128 	 17.82236160377 	 -0.00000000003 
0.00432876128 	 18.46754927215 	 0.00000000013 
0.00432876128 	 19.13609339219 	 0.00000000126 
0.00432876128 	 19.82883949127 	 0.00000000326 
0.00432876128 	 20.54666370572 	 -0.00000000007 
0.00432876128 	 21.29047388890 	 -0.00000000008 
0.00432876128 	 22.06121075937 	 -0.00000000216 
0.00432876128 	 22.85984909069 	 -0.00000000003 
0.00432876128 	 23.68739894419 	 0.00000000352 
0.00432876128 	 24.54490694646 	 0.00000000274 
0.00432876128 	 25.43345761305 	 0.00000000228 
0.00432876128 	 26.35417472006 	 0.00000000236 
0.00432876128 	 27.30822272546 	 0.00000000103 
0.00432876128 	 28.29680824175 	 -0.00000000215 
0.00432876128 	 29.32118156207 	 -0.00000000494 
0.00432876128 	 30.38263824141 	 0.00000000007 
0.00432876128 	 31.48252073520 	 0.00000000396 
0.00432876128 	 32.62222009712 	 -0.00000000602 
0.00432876128 	 33.80317773840 	 0.00000000204 
0.00432876128 	 35.02688725083 	 -0.00000000133 
0.00432876128 	 36.29489629577 	 -0.00000001269 
0.00432876128 	 37.60880856147 	 0.00000000015 
0.00432876128 	 38.97028579134 	 -0.00000000568 
0.00432876128 	 40.38104988560 	 0.00000000285 
0.00432876128 	 41.84288507902 	 -0.00000000122 
0.00432876128 	 43.35764019746 	 0.00000000352 
0.00432876128 	 44.92723099621 	 0.00000000321 
0.00432876128 	 46.55364258280 	 0.00000000693 
0.00432876128 	 48.23893192773 	 0.00000000832 
0.00432876128 	 49.98523046589 	 0.00000000974 
0.00432876128 	 51.79474679231 	 0.00000000836 
0.00432876128 	 53.66976945540 	 0.00000001253 
0.00432876128 	 55.61266985137 	 0.00000000194 
0.00432876128 	 57.62590522338 	 -0.00000000473 
0.00432876128 	 59.71202176930 	 0.00000000262 
0.00432876128 	 61.87365786196 	 0.00000000174 
0.00432876128 	 64.11354738598 	 -0.00000001718 
0.00432876128 	 66.43452319540 	 -0.00000000454 
0.00432876128 	 68.83952069645 	 0.00000000251 
0.00432876128 	 71.33158156008 	 0.00000000164 
0.00432876128 	 73.91385756879 	 -0.00000001600 
0.00432876128 	 76.58961460288 	 -0.00000000096 
0.00432876128 	 79.36223677079 	 -0.00000000727 
0.00432876128 	 82.23523068918 	 -0.00000003241 
0.00432876128 	 85.21222991780 	 -0.00000001453 
0.00432876128 	 88.29699955494 	 -0.00000001467 
0.00432876128 	 91.49344099933 	 -0.00000000393 
0.00432876128 	 94.80559688429 	 -0.00000002026 
0.00432876128 	 98.23765619059 	 -0.00000001942 
0.00432876128 	 101.79395954438 	 -0.00000001314 
0.00432876128 	 105.47900470692 	 -0.00000000131 
0.00432876128 	 109.29745226298 	 -0.00000001663 
0.00432876128 	 113.25413151528 	 0.00000001472 
0.00432876128 	 117.35404659222 	 0.00000003164 
0.00432876128 	 121.60238277674 	 0.00000001540 
0.00432876128 	 126.00451306433 	 -0.00000002038 
0.00432876128 	 130.56600495838 	 -0.00000005113 
0.00432876128 	 135.29262751160 	 0.00000002998 
0.00432876128 	 140.19035862226 	 -0.00000009265 
0.00432876128 	 145.26539259468 	 -0.00000002208 
0.00432876128 	 150.52414797329 	 -0.00000001728 
0.00432876128 	 155.97327566040 	 0.00000003003 
0.00432876128 	 161.61966732774 	 -0.00000013595 
0.00432876128 	 167.47046413260 	 -0.00000012310 
0.00432876128 	 173.53306574945 	 -0.00000004157 
0.00432876128 	 179.81513972851 	 -0.00000007045 
0.00432876128 	 186.32463119316 	 -0.00000000393 
0.00432876128 	 193.06977288832 	 0.00000001096 
0.00432876128 	 200.05909559272 	 0.00000004215 
0.00432876128 	 207.30143890792 	 0.00000002871 
0.00432876128 	 214.80596243813 	 -0.00000002600 
0.00432876128 	 222.58215737454 	 -0.00000013201 
0.00432876128 	 230.63985849915 	 -0.00000002750 
0.00432876128 	 238.98925662311 	 -0.00000005317 
0.00432876128 	 247.64091147530 	 0.00000008552 
0.00432876128 	 256.60576505760 	 0.00000016676 
0.00432876128 	 265.89515548347 	 0.00000012286 
0.00432876128 	 275.52083131769 	 0.00000027908 
0.00432876128 	 285.49496643503 	 0.00000051672 
0.00432876128 	 295.83017541695 	 0.00000083415 
0.00432876128 	 306.53952950565 	 0.00000121950 
0.00432876128 	 317.63657313561 	 0.00000175809 
0.00432876128 	 329.13534106365 	 0.00000251442 
0.00432876128 	 341.05037611911 	 0.00000351480 
0.00432876128 	 353.39674759658 	 0.00000490122 
0.00432876128 	 366.19007031450 	 0.00000690155 
0.00432876128 	 379.44652436364 	 0.00000958195 
0.00432876128 	 393.18287557058 	 0.00001305482 
0.00432876128 	 407.41649670190 	 0.00001761631 
0.00432876128 	 422.16538943608 	 0.00002361495 
0.00432876128 	 437.44820713071 	 0.00003145591 
0.00432876128 	 453.28427841392 	 0.00004160746 
0.00432876128 	 469.69363162995 	 0.00005441486 
0.00432876128 	 486.69702016948 	 0.00007051479 
0.00432876128 	 504.31594871714 	 0.00009090844 
0.00432876128 	 522.57270044903 	 0.00011634923 
0.00432876128 	 541.49036521501 	 0.00014763805 
0.00432876128 	 561.09286874100 	 0.00018593399 
0.00432876128 	 581.40500288865 	 0.00023282524 
0.00432876128 	 602.45245701027 	 0.00028935375 
0.00432876128 	 624.26185043890 	 0.00035731055 
0.00432876128 	 646.86076615463 	 0.00043830077 
0.00432876128 	 670.27778566954 	 0.00053455845 
0.00432876128 	 694.54252517561 	 0.00064798406 
0.00432876128 	 719.68567300115 	 0.00078075714 
0.00432876128 	 745.73902842330 	 0.00093517231 
0.00432876128 	 772.73554188543 	 0.00111388409 
0.00432876128 	 800.70935667059 	 0.00131985340 
0.00432876128 	 829.69585208349 	 0.00155523102 
0.00432876128 	 859.73168819576 	 0.00182317250 
0.00432876128 	 890.85485221102 	 0.00212656905 
0.00432876128 	 923.10470650840 	 0.00246823258 
0.00432876128 	 956.52203842531 	 0.00285179498 
0.00432876128 	 991.14911184236 	 0.00327959516 
0.00432876128 	 1027.02972063577 	 0.00375485148 
0.00432876128 	 1064.20924406472 	 0.00428030155 
0.00432876128 	 1102.73470416390 	 0.00485852341 
0.00432876128 	 1142.65482521357 	 0.00549228094 
0.00432876128 	 1184.02009536266 	 0.00618466293 
0.00432876128 	 1226.88283048257 	 0.00693735590 
0.00432876128 	 1271.29724033264 	 0.00775261711 
0.00432876128 	 1317.31949712075 	 0.00863217509 
0.00432876128 	 1365.00780654601 	 0.00957786019 
0.00432876128 	 1414.42248141323 	 0.01059100428 
0.00432876128 	 1465.62601791225 	 0.01167269454 
0.00432876128 	 1518.68317465873 	 0.01282402758 
0.00432876128 	 1573.66105459626 	 0.01404530063 
0.00432876128 	 1630.62918986345 	 0.01533661609 
0.00432876128 	 1689.65962973324 	 0.01669796266 
0.00432876128 	 1750.82703173573 	 0.01812915226 
0.00432876128 	 1814.20875607977 	 0.01962943075 
0.00432876128 	 1879.88496349267 	 0.02119784350 
0.00432876128 	 1947.93871660183 	 0.02283335044 
0.00432876128 	 2018.45608498650 	 0.02453380048 
0.00432876128 	 2091.52625403246 	 0.02629867308 
0.00432876128 	 2167.24163772744 	 0.02812518517 
0.00432876128 	 2245.69799553977 	 0.03001186444 
0.00432876128 	 2326.99455352823 	 0.03195597848 
0.00432876128 	 2411.23412983612 	 0.03395542419 
0.00432876128 	 2498.52326472839 	 0.03600775742 
0.00432876128 	 2588.97235533627 	 0.03811011584 
0.00432876128 	 2682.69579527972 	 0.04026143815 
0.00432876128 	 2779.81211934445 	 0.04245790212 
0.00432876128 	 2880.44415339630 	 0.04469766326 
0.00432876128 	 2984.71916972271 	 0.04697763165 
0.00432876128 	 3092.76904799777 	 0.04929631057 
0.00432876128 	 3204.73044207429 	 0.05165115121 
0.00432876128 	 3320.74495281390 	 0.05404025274 
0.00432876128 	 3440.95930717388 	 0.05646174423 
0.00432876128 	 3565.52554377701 	 0.05891517726 
0.00432876128 	 3694.60120519930 	 0.06139830252 
0.00432876128 	 3828.34953721869 	 0.06390953072 
0.00432876128 	 3966.93969527677 	 0.06644836143 
0.00432876128 	 4110.54695841470 	 0.06901420743 
0.00432876128 	 4259.35295095366 	 0.07160696287 
0.00432876128 	 4413.54587220053 	 0.07422624685 
0.00432876128 	 4573.32073446906 	 0.07687140687 
0.00432876128 	 4738.87960971766 	 0.07954522141 
0.00432876128 	 4910.43188511573 	 0.08224498779 
0.00432876128 	 5088.19452786179 	 0.08497283962 
0.00432876128 	 5272.39235958825 	 0.08773029117 
0.00432876128 	 5463.25834069991 	 0.09051691812 
0.00432876128 	 5661.03386500583 	 0.09333371335 
0.00432876128 	 5865.96906501720 	 0.09618212114 
0.00432876128 	 6078.32312829723 	 0.09906564027 
0.00432876128 	 6298.36462526327 	 0.10198242645 
0.00432876128 	 6526.37184885573 	 0.10493552601 
0.00432876128 	 6762.63316650331 	 0.10792476089 
0.00432876128 	 7007.44738482975 	 0.11095230360 
0.00432876128 	 7261.12412756334 	 0.11402048384 
0.00432876128 	 7523.98422712716 	 0.11712938856 
0.00432876128 	 7796.36013040524 	 0.12028102281 
0.00432876128 	 8078.59631919787 	 0.12347629213 
0.00432876128 	 8371.04974589791 	 0.12671623642 
0.00432876128 	 8674.09028493891 	 0.13000236763 
0.00432876128 	 8988.10120058618 	 0.13333563307 
0.00432876128 	 9313.47963166233 	 0.13671867187 
0.00432876128 	 9650.63709382046 	 0.14015056767 
0.00432876128 	 10000.00000000000 	 0.14363362442 
